71115
111366
34911
51648
33894
98900
23976
92261
35348
58293
52584
33897
79217
88711
48867
11730
64222
89535
64591
144325
123353
112730
101771
88200
136739
54384
89129
82663
67647
106761
52502
106154
101482
101435
109332
47066
73221
113055
101899
96234
85909
75355
95014
98762
79237
88585
32751
119138
50985
98106
54606
55935
62727
96132
24160
103515
81357
47379
71617
43078
53507
62731
43692
41599
45242
50994
84813
48053
45856
105428
103572
51542
70078
99702
17877
48546
73747
73323
68522
32560
90363
58169
92067
44269
101480
31051
58638
96903
42215
23988
60737
41547
65513
20224
34822
95396
62770
71446
60216
119584
62719
111497
52510
67375
26108
114126
106464
110489
114477
85035
104043
82610
85000
93905
82795
63196
104136
64410
32291
64621
48489
50913
101654
77914
95952
86509
28597
91380
32161
101030
66631
101807
99729
88788
39484
70677
35996
106691
87906
98889
27397
46084
73371
85256
88071
97433
103023
76074
105184
54654
89532
41556
38113
78789
106920
109283
47597
89230
31650
91104
62190
141697
44312
71448
76005
32292
76782
86085
57069
94900
70267
112067
73589
59183
105307
101161
90199
83033
59157
65191
38088
42537
58242
82381
33909
42879
48912
75118
29210
88411
40754
80156
41502
76781
93908
94715
85497
32160
60381
70828
77036
16405
73548
92273
91607
41869
82396
101112
53505
87504
52741
83155
87058
43708
102883
99697
66847
67176
56840
58585
76247
59501
76543
6670
57397
20455
33321
93784
102809
55766
73817
80519
73249
93404
52506
88747
85547
67171
92025
39236
29171
96274
104328
89888
62099
34305
81895
96354
78803
78521
83069
90629
59524
68859
99080
94111
146799
89307
88940
99041
41601
34910
40652
113508
82014
80092
52509
52486
29992
63461
105637
108696
83377
43674
59140
93701
95331
64558
60648
105608
44792
49378
32939
62545
105683
98425
88523
107388
72630
60862
48486
90953
76504
109343
90745
78219
82598
80025
47124
44559
69813
108680
68848
81502
48301
25700
108748
89534
77253
29499
100822
33861
72268
93906
64317
62572
97842
29525
80487
98354
82535
78476
54076
51317
80386
114019
102561
84317
45621
38885
107045
39081
99270
72634
65636
67804
69873
103296
