108434
58162
29295
103110
112210
87236
106106
89474
52742
38882
79423
32097
71115
26563
53623
106813
29504
110414
50292
74987
27843
47434
83571
102350
98711
99806
86281
92131
96748
43369
111366
73656
40077
49135
91199
85823
77911
36904
95246
49682
113938
63355
87188
110887
93355
74020
34022
82186
73065
100394
65990
64663
34911
86775
80988
103699
60965
59348
60682
74653
85007
135162
29268
90561
26309
113071
80668
113247
80703
63735
108798
59810
77191
51157
109272
41347
43226
50517
808
90779
50982
98372
56842
78512
51087
93233
72381
89937
88389
51648
35433
81795
33717
90093
113640
107552
55511
100915
56782
73421
49288
98584
33894
97626
100948
27399
77900
98900
63358
83213
85015
59314
114064
81091
106981
79104
107219
76098
99069
71519
44263
78712
47000
50261
51035
81922
68179
58786
80093
51759
23976
58547
40584
81137
60301
41118
39485
67209
58481
100042
79689
56740
113516
41918
111151
92261
48790
109113
110490
85054
80416
90606
28318
40737
103987
112090
84276
52603
112156
30779
30650
82967
77956
90523
55032
36275
66980
60270
49653
36624
136071
82407
35348
33122
72570
75987
92551
85124
44424
90824
94902
64532
98441
57210
97365
96337
46957
90922
73375
32798
100131
34932
59319
70954
103331
92157
32016
45328
105166
51161
61173
97404
108126
106832
53431
30991
90676
87216
58731
94775
58293
104044
34868
77849
39546
80706
41084
65539
35447
88679
28590
101150
55846
109964
30224
58723
104016
75666
49245
56294
58610
86432
88654
97816
109179
57711
41996
23938
93497
84209
94562
61000
70105
88341
71782
52584
72233
83364
28862
92097
93516
33897
75986
56319
49511
59254
79217
78108
47884
51750
112282
97496
37760
91425
110359
33954
87730
50078
69532
68730
71547
110334
63511
56862
46483
95182
88118
108589
41216
39018
100032
88711
44246
82467
24226
66729
40148
95737
87508
40851
81133
74130
78813
54400
69895
101081
34194
85714
43616
59529
44342
91535
48867
30393
40230
73169
106951
96887
80701
59506
80533
62425
92832
79890
92525
96002
92207
88127
52004
110657
88690
98325
106944
82364
47769
45537
96445
28688
60117
42037
35438
79843
51671
39628
112139
85283
88521
83067
99781
100717
83910
61565
11730
99573
55552
69936
35301
64222
89535
45164
87273
60033
97553
106376
53603
75533
77105
100752
55010
27049
109251
56687
104905
58611
64591
31557
76041
70162
68421
77248
80191
65856
95289
109619
73041
36291
95955
68217
104623
92084
113679
83641
48062
55120
55884
64391
144325
70840
85011
108511
84788
37979
53500
30992
87388
63221
111960
57526
123353
106976
72135
112730
58528
53405
101771
23968
105247
46252
84225
88200
102222
19979
85927
71916
91830
57718
38117
62211
85859
78198
78390
58814
68095
94003
32641
136739
58507
100344
41880
108392
55359
61816
108163
45520
77224
101014
98769
55804
97349
105532
29293
87258
49624
85729
100340
80260
68627
65504
94439
90235
78455
61199
90571
70411
101367
64549
78323
91267
103667
52126
39371
107055
67610
93548
71573
109572
54925
76608
80273
108559
92571
92710
70244
68158
100328
104908
54335
47853
59452
100364
52197
54034
41387
37556
100581
39164
85335
109843
95528
95141
40893
107049
38267
121135
48380
63050
54367
110446
98744
54384
41499
97307
91291
107803
96249
27906
31477
68269
105010
43680
107873
39265
42090
56394
70829
91759
25938
58189
69775
85600
44341
113660
99961
40926
86276
80647
58827
81784
35016
87306
45173
64431
44586
32557
111251
92169
67406
60043
105235
56981
110004
66473
33304
97205
98993
89994
45604
104597
56532
101844
85163
91649
49684
104718
45286
83583
73650
63295
32304
75411
106210
102286
58532
110554
94334
94926
47938
31800
27080
39356
62188
26574
108659
59226
64583
68386
31503
47322
100203
71131
84650
39072
107705
89952
114069
59566
44547
107641
76102
30944
109413
40409
95806
62743
55302
81720
71014
71001
50670
52814
82352
89129
78936
99400
57643
91754
85596
109520
82663
48692
29984
86380
84397
49837
38158
80604
59849
33612
63739
62789
54217
88750
58037
75456
49386
71851
54819
66833
87833
84038
105962
60481
67284
107656
104112
64535
101492
83399
51639
60970
112026
46706
110102
82295
95852
39162
93966
93624
67647
103227
96441
61336
108591
106761
105266
65984
20626
46543
85220
82052
9993
52502
69386
86083
72863
100815
57894
50081
62593
34122
107689
77195
101713
69539
93111
82709
61319
84525
107601
68138
93403
106154
14344
113463
75764
77915
47724
76779
54998
99312
75333
50701
76607
82895
82165
70474
31569
73326
61030
80255
77606
62053
72507
97230
111181
32931
60325
34187
98934
68960
73272
56058
80470
75178
93206
58655
33623
28237
102273
63308
49023
80518
70680
50089
29241
101482
81027
86823
107857
101435
106714
52230
55513
45160
39874
78642
104396
90871
27867
47679
46621
45688
68026
92886
65945
90674
51727
104610
109600
50674
109332
51576
113525
109632
52803
113245
58550
70555
54096
28592
86254
86537
74884
79261
93759
97610
58705
97090
77199
103354
39167
65182
36946
84027
68410
56468
103284
62121
64044
29702
107868
85045
78234
62866
44077
63001
112914
37308
82972
60827
41049
44550
96545
103171
67370
45472
49857
60805
31809
108810
113901
93243
104082
47066
92302
98297
51665
73221
31296
57326
104695
113055
85249
42665
72558
92897
83586
62287
68371
77027
51729
36349
113604
58100
74881
35446
84302
101899
83648
111117
51794
33571
32727
53305
105435
45938
57371
32107
90108
40906
98184
63800
73275
27483
77264
48525
98143
94825
113648
33251
78441
38614
111166
49664
92758
46063
102013
45946
88347
27085
92096
98439
45183
20012
82414
96234
53671
80246
98161
111789
107498
53410
113712
73852
82675
86471
34896
102062
81605
55656
98322
81419
54246
18919
33957
70413
91971
69244
87767
60102
56767
86012
72129
91984
100251
78532
82120
67058
90758
96235
90934
34400
72225
107366
136774
69410
111027
63566
27082
47751
75319
69220
57975
100404
85909
75901
62238
91929
32172
75355
106397
62947
106173
96567
77733
95014
69984
48647
39624
98810
81217
33358
45077
100201
106531
74176
53248
71815
96355
69136
98762
113105
101911
38089
63076
65613
79237
46184
40901
105973
92753
109465
46711
81627
110886
69382
73637
77154
113515
93525
88234
71475
41482
93171
100609
36090
85307
27382
94376
103551
101298
107302
52144
104495
100704
57081
108724
58599
104484
96777
52111
65086
72760
37373
73124
78211
85568
69372
23230
64205
88585
96575
25917
97617
110464
77627
73104
65697
107215
88645
42367
105581
82223
105474
113815
109476
70834
38796
54757
89398
101319
84470
82005
87004
38254
104281
92642
100763
112306
52538
107988
74860
70300
58613
80884
32751
109638
88502
95810
92490
46388
87925
37531
31517
63021
119138
111347
109760
105125
60310
86588
58214
34623
50330
105972
97399
97866
32059
58406
109668
79119
88235
47836
69221
109779
88525
60619
50985
76036
83568
98106
136917
90855
67078
94676
64550
68289
93158
94899
50858
112723
42122
106670
77250
108132
48443
67051
35386
55990
104854
78884
71785
70305
47303
54606
114148
98759
77973
24676
50759
72539
65989
84729
34123
81302
59867
51875
55935
106281
81577
56156
82704
29017
37580
36798
40723
74978
89321
36479
87263
77121
60280
95124
104285
111911
106878
78536
82796
30941
54831
105274
62793
50900
112821
57354
65868
32548
32734
78611
84205
29367
44479
56174
62727
76100
98702
76339
79519
112710
64324
54750
61977
59552
101046
71498
87846
54512
47699
81214
96370
77955
72394
85148
78357
61009
67011
96132
102281
24160
109024
86454
87406
30558
66471
39974
96671
105708
103515
107790
14194
43362
54871
98624
103838
72958
81357
50215
74027
60383
94708
75174
38841
69835
86901
113925
110222
47379
62952
41393
79039
76644
107922
42990
72932
41490
76066
79258
80403
85210
21596
108547
78523
42971
52924
47714
103132
75115
66172
80259
96399
54389
35299
107644
71617
102039
47650
43078
84111
50396
46319
85151
95060
102376
87272
69602
34125
109089
90845
44231
68620
84447
44020
61204
79464
95269
100056
64164
69023
42463
92375
53507
84933
52992
41730
87727
90142
102862
62731
112152
94359
80263
98599
31060
107575
113501
108598
100766
59894
81612
74833
70389
82540
111785
95308
99280
71451
88754
116214
72365
28562
66654
77279
63542
75179
59487
55992
83532
86483
83694
42711
79511
90283
112418
64321
94783
40363
30351
60500
99167
95025
99887
84004
50690
67746
69834
107384
95794
56673
87931
84432
82130
46380
78857
105805
54431
57656
90095
49013
96143
99213
52925
37934
64064
86911
45159
44329
37433
43692
64336
55815
36973
58007
37194
67767
96664
82814
24225
50163
62703
12003
41599
58300
66486
46629
97602
103744
43925
30600
31568
108519
47089
113878
77888
105113
45631
67169
113579
47590
79235
50835
88739
83328
80121
33129
58296
99704
93999
84633
45242
73916
82747
70009
97442
38862
64347
99967
91662
75573
54438
81582
111961
67919
108536
54877
91396
35117
106429
110095
76633
96350
112813
109787
70735
70791
91171
23820
75982
75700
104678
41671
45925
68987
61794
100583
90792
64672
61959
33214
56594
98757
32794
96089
96361
29629
48754
43367
58484
132680
95277
107272
77255
112823
114067
75139
108435
90735
109067
84510
60620
50994
61972
49765
61084
55099
52941
64806
101152
36980
113520
103141
67311
61024
59781
30252
103114
48225
62415
49193
47231
75697
32412
84813
60796
106909
57263
65839
58994
97537
76213
60831
74761
76378
40271
61798
90564
33782
52328
60035
92970
102043
50333
67403
85038
57636
52129
87802
84637
107457
100796
39764
113706
40069
79642
58188
45102
111122
48053
60718
32255
62818
110547
112070
111606
89615
63462
80266
50724
58560
67934
91021
79350
105404
61363
108378
39936
105625
78054
66212
99307
49555
80910
113240
103119
104021
57213
82551
48041
113398
88484
44583
45834
61688
122761
45856
66620
51608
114143
105428
98217
112366
100539
45498
103572
47894
101317
109464
38961
72669
113654
60452
95018
110723
34127
103483
62008
44414
72568
59301
52099
72316
58538
69616
113493
106378
65969
68871
94527
85408
43346
54914
97054
107627
48125
84282
110580
92715
56616
51542
52525
109667
32790
86960
46244
111791
26391
72794
44935
102308
96563
43664
62303
57644
86381
66193
72860
70859
72520
106038
101281
85250
70476
60040
109514
73769
61595
113950
42709
40890
50404
96608
114085
55809
68182
70078
62429
98733
54557
112657
67114
32589
112051
64239
113847
76422
70402
60115
92844
43108
31839
58464
76584
82429
87842
104844
57503
107251
81198
94372
85384
49341
105186
26570
110442
42396
107946
66528
112257
82487
84382
39387
97874
103457
766
59800
52508
67506
46834
99702
44798
91148
67108
97121
95009
28325
66261
89839
63678
53308
83788
86463
82900
88649
64390
58702
88650
75667
82745
79882
66214
81755
61933
53971
17877
41872
70917
93199
30947
105250
109825
78677
111225
48546
104657
97772
61531
71034
68617
61304
112826
28996
60991
101162
112040
86311
103498
57604
89609
40355
50957
73747
40160
96438
72841
67369
108445
99134
28905
34131
81410
99325
26260
96539
72417
91536
67620
113923
107358
73323
67337
113215
66334
31654
91503
103669
99185
46594
28435
50930
61778
105555
103396
41795
58480
29350
91191
49736
36289
56014
49415
30797
72109
100633
89805
36238
58803
58417
101323
99290
22559
104220
84026
91365
55724
38915
31652
89495
45301
26527
94816
93626
94664
112988
113393
108853
28470
93678
45083
69395
103849
62971
39312
66218
52326
51040
60024
68522
111140
70867
42094
47156
113371
109291
60537
90465
71792
78299
45008
7380
109737
78967
85459
78746
68379
33103
39255
47348
61623
58365
94947
108790
100712
45606
55388
72693
32560
44132
111601
34999
110708
81567
99758
92019
51849
108635
58039
90547
80780
104445
101490
41540
99908
86711
60493
59688
107497
34006
70419
85542
71604
36274
94429
50683
46322
22272
113787
90363
58169
61463
36764
42801
58407
101619
98747
75495
27090
91949
104105
83021
75536
96843
63464
49606
50774
32083
77739
53772
92067
53238
86429
70727
75757
44269
90113
71230
101480
69634
53945
31051
112665
58638
70924
112292
101803
96903
113335
53997
45842
74704
100163
33978
81713
37383
45287
92958
83172
69969
90830
41865
84222
42215
23988
90054
83848
96686
93748
101614
69919
103289
109334
30088
97656
103346
99030
42824
36221
50854
113831
60737
100130
32665
69757
33790
81333
93573
111273
41547
110413
105789
34144
35071
79521
20542
61551
93431
108617
15386
38574
108294
49306
45986
93086
45696
45036
32133
78147
87126
65513
83718
73743
79278
102410
83480
109512
42840
68485
90425
20224
94207
110056
100899
76776
46452
104152
96358
34918
58330
45078
37595
105151
97264
39447
53673
78428
77141
92066
98044
81110
108768
40962
34822
79146
92441
92463
113172
39685
77487
104440
32731
53397
57663
58955
98145
36894
95084
95396
45308
55372
56509
88537
34038
29274
106477
66546
67245
71802
111760
111459
46199
107308
78424
79315
25343
108004
69345
66066
110253
54180
62075
111884
44952
70506
91827
70992
62770
37081
85184
52608
68850
114072
86379
70868
109915
30400
101693
83936
58628
62842
81224
71446
86825
83580
108385
49334
112113
113834
37052
86070
73956
81811
65336
33361
93977
29036
30063
98078
60216
46713
49120
95865
37430
119584
67957
57202
44043
62719
98258
55348
110898
66144
35673
112052
60482
106336
72020
102882
86822
44130
113338
83220
44399
112077
109299
52753
72420
69569
83403
85856
35726
79479
74081
111193
80453
68091
36170
58881
55249
75695
111497
79310
63128
101504
94421
14343
97548
95151
50964
99700
87036
96964
49260
32436
73619
68575
74899
80026
111705
56358
89850
34674
24817
75079
93780
73843
107595
78487
41250
33449
39165
43746
71002
97665
60212
40497
9022
46111
72511
53989
86555
80556
70420
55885
62297
38177
112208
92623
43077
101203
79910
82618
79833
111040
100428
99329
113503
107249
102019
84278
99387
50751
79819
66194
108799
54467
30561
52510
90083
60458
33668
85371
87082
37693
28281
112588
73815
52806
92916
106398
113137
97380
98623
74628
36699
46606
43952
50076
109084
67375
26108
95058
81717
77162
107528
105639
44413
38022
87669
91578
83427
60910
70423
36766
43311
25728
27753
91209
91947
90941
23338
111718
74583
89795
109303
80676
95142
61279
138807
68210
34934
114126
86258
111264
100694
70349
72319
98518
68566
111935
53639
106464
91374
66244
112478
77482
107033
35988
62830
103270
45709
106677
40384
71006
62758
105301
81024
32736
68441
83527
76835
53855
86944
82968
99328
45557
113575
54809
77423
99540
61725
73798
84186
100618
53525
42600
110489
82798
79490
39572
45052
71816
86448
59239
111603
37434
81780
56741
68893
86991
37913
79994
94088
40567
97775
54788
79079
40900
154444
34938
51435
99555
61326
90231
97591
49851
71560
87443
55283
36265
29955
90549
79727
33236
88915
92424
99093
57226
91220
50614
95100
102899
64413
51790
104861
53827
114477
88767
30993
42762
91868
108523
32624
76654
87135
64802
52065
37490
44036
113601
107941
43868
79086
47412
104474
45517
96000
74019
104748
55873
52856
77501
42988
39626
70985
52276
84477
98939
61334
40997
92764
66873
73922
68714
75350
98491
46673
107681
54097
85035
104043
36897
104517
31336
105272
82784
28497
31457
61006
88136
54216
79874
108358
67608
88867
98820
60044
80623
88762
103176
95966
88440
96099
94609
98664
86736
53598
102711
52765
99878
82610
65652
123330
52812
34026
73338
43762
47494
77407
35537
55721
85000
46187
81178
93905
38863
27353
85458
66675
80607
82795
62792
68881
88685
39486
24587
109148
57740
112309
107288
60692
42802
65325
54290
104600
87536
54328
66976
83575
69927
83560
54895
109417
73745
60309
33526
58307
112487
109459
40964
27008
80844
84913
114482
110559
64857
96622
73046
63196
33446
66243
78881
44398
94184
79056
102894
114150
90220
104136
86646
51722
107829
33810
94379
93967
84649
42948
75711
86817
67404
76831
27656
31104
64410
56572
95893
98918
60842
65072
54812
49168
82274
36353
32291
74152
59747
33873
63816
69013
36837
112970
63363
81426
87270
92985
37884
65542
64729
55220
38085
73652
41401
59372
32718
93211
61434
63359
94806
91301
76142
30384
109100
89469
71931
107394
64803
113003
67177
93943
64621
91638
33505
88756
102059
86764
93402
94921
48489
65857
88980
37859
95870
53974
50324
77574
102363
104400
50913
35054
105530
94535
56315
80609
69162
69414
58009
101654
103144
38912
52999
54330
78291
59838
46945
101178
108968
88066
74690
44753
43451
113170
32033
31979
80278
50239
55068
94464
34025
88024
70047
64221
77914
103438
64835
31413
58358
97164
88282
40726
90448
49227
82255
47605
93307
91531
68236
59662
113045
107095
62210
78656
71626
112258
92614
95952
93964
26558
96223
96537
79726
31524
88886
106861
104628
91236
71587
96484
76320
86509
67960
102966
28597
94442
42878
70524
77222
91380
103481
46266
47667
97183
100813
110689
32161
98537
34520
26016
40518
101030
96429
45158
81393
105697
64232
93857
69301
106249
51990
75569
86612
107386
95686
66157
43876
72500
58357
48542
66631
100983
105890
69654
101807
79301
99729
112388
56889
106095
46599
97124
98830
36097
43208
81308
91885
58605
92829
88788
67958
43486
100486
40795
62801
88550
60327
48316
74520
29453
100612
112678
95056
85611
107379
45228
66650
52838
76796
93652
51662
70628
111773
68544
65472
70857
56473
88019
60183
44022
57434
53812
39484
89675
53670
44698
100418
62230
76191
42466
58999
98681
73307
62108
66771
75545
71197
44074
105343
66085
50664
45977
100309
37267
85546
33674
43644
98220
89083
36531
107766
69612
49509
104048
78701
112215
39895
51036
70677
91708
95602
26611
75408
98231
87604
74430
52871
90402
38894
98647
31653
66228
49431
82966
97313
90197
107647
76486
66888
64898
102045
108866
107043
33740
112553
16722
61741
66543
46501
35996
90607
37319
103579
81679
93639
72567
42753
78434
45151
92514
68112
108313
57790
75689
105430
19596
104402
37004
94823
75248
86953
88683
68883
58806
106691
65910
93860
112433
82775
56504
120814
65192
56316
88753
50750
103440
69384
32764
92755
28436
45180
87906
77676
58523
101048
47408
62450
45936
75337
67355
42556
85531
41140
107952
72366
124419
87231
77880
56392
56078
103037
112041
98889
52231
109286
61036
93370
27397
57349
88935
61780
74976
102232
68445
46084
49738
106838
70205
57911
97929
113402
77353
70948
88005
94769
41047
105131
33992
55636
83576
77843
73371
43126
110647
30395
69387
34873
76672
70519
93320
67559
85264
100332
58822
28528
93241
62284
79749
61963
108179
79068
36071
89436
111438
30751
17664
153248
106360
106986
85256
113710
79873
78937
93381
99587
90354
49588
100632
72228
112563
98054
88071
108134
89106
41825
74235
94952
33508
62043
97433
89289
50003
106672
113133
69596
103023
81344
86211
106666
57577
65978
45011
33611
76074
33688
30498
110427
111089
93653
65831
57714
67634
67112
48751
46955
105184
91777
109095
70869
75596
110700
31656
38437
50831
113424
65358
26801
24432
91655
90995
65508
94964
68141
54654
75755
78816
109597
108130
63437
97962
111137
99436
87493
104624
83336
97766
97038
86538
70516
72661
69809
96389
93751
112321
95647
47299
110510
67380
78139
47376
112785
29429
90077
58234
28617
33206
93613
40727
44017
41336
62858
52526
45473
70590
99303
56412
88921
85872
83715
87061
38790
80776
64531
78732
32086
98693
56441
87681
77148
81517
28295
60740
100829
101960
52757
55287
113534
89532
130085
47145
21527
73070
74328
112092
38506
39137
37385
54499
37017
86036
111400
106457
58366
33661
149920
50613
101305
78508
83911
111981
68889
85349
42798
110669
62117
66753
28567
78106
75549
72671
93128
110363
71456
85046
71182
57057
104031
96275
76667
109845
51125
98103
79494
41793
46476
32308
72391
88471
56486
41556
32154
97363
59807
40414
111725
101901
27404
72528
109346
77764
86609
62946
40728
78717
53985
94284
94408
72576
26975
90373
33063
109509
38113
101969
36893
100387
45316
57846
86741
78789
45357
97155
91060
106920
53159
79420
78182
33570
61432
29891
113960
42063
97473
24503
38528
46981
44369
105291
29431
107874
101678
18953
78003
71980
109283
42458
109660
14036
16073
41736
62886
94176
89417
76512
92912
101689
74106
95225
68092
33662
100981
89689
39886
47597
112651
55996
76267
101366
113852
56128
35058
89230
31650
28123
95335
56783
77041
42147
64279
33174
64728
57077
139626
35051
67878
113977
72891
91104
110897
82015
88493
34225
41459
28997
82038
56421
49330
103479
57495
109069
33787
84948
93246
106556
31504
89091
110577
81570
76457
90518
38605
76901
97898
78524
33305
44933
92101
46668
32543
49997
76406
101017
97429
83548
61574
96593
62190
71589
92496
62392
81763
72345
91259
59149
65622
89257
67022
36924
102454
79343
80374
35251
31763
74011
84990
7379
28366
106189
97554
141697
44312
113136
44291
95267
51502
93649
83461
109637
76408
80455
87742
39738
53254
41172
88655
92797
70000
108688
93343
60694
39540
56104
64534
90039
74192
98459
42657
81213
67343
36825
99335
31992
113276
110044
37214
34391
57535
107651
71448
38868
78257
106903
86374
98256
44596
32860
32686
86526
77158
103460
28791
56095
57665
63152
41791
60637
46771
76340
61211
41823
47120
85785
102594
90720
62507
42540
95518
104634
81112
64572
76005
90329
109934
79416
66331
32292
96802
111163
96360
77317
25989
78595
35788
100582
87386
41933
55626
76782
61973
59834
107819
107872
84504
67464
59671
32744
94172
37362
66236
90577
102044
104724
59729
107785
64731
31889
66959
33181
86085
109158
35659
78887
31435
110358
113942
41342
80011
35953
94606
77861
54260
89787
45476
45288
24430
35965
71005
103761
64292
100521
59450
42148
24131
71992
42295
57069
26576
74475
50743
33637
35320
102353
54709
32221
91065
78919
81532
64113
66306
77106
92243
54536
110337
73168
45179
46053
79982
74333
113978
87548
94900
30080
51602
67895
84507
35132
51178
77638
58248
64039
97273
70219
37830
72952
46789
100314
84097
113667
50966
81859
32733
87509
42684
41086
102215
92206
70267
36211
96670
40234
57919
98460
55514
38220
92004
79645
54387
91821
37941
82693
68093
72395
43359
50832
56147
72704
112067
89940
87218
74135
105380
101147
72916
61436
63282
97419
73589
60569
105792
38727
106551
84446
61887
82945
107869
41064
77660
96409
86976
28354
103173
54075
86985
102897
81040
86862
72393
49142
39518
44499
52217
106941
66014
22768
68548
111125
110145
34920
67393
94083
68628
27664
56234
62428
107247
54533
78396
136314
62631
52005
79075
102473
67356
111303
49999
86619
90975
21525
62185
81210
35440
79432
59183
98144
64192
58027
41321
65996
34858
80751
105307
80187
41404
99741
104135
61871
50523
108407
37315
48523
89111
31657
37790
76764
77921
84787
77800
68779
75457
108448
110185
72431
70737
89849
30859
101161
60462
70370
54254
59350
31476
87787
55059
57616
82739
88140
112767
157291
55160
58174
96196
75206
81309
36070
61431
33711
51594
85944
37836
64202
113237
45466
102360
85370
102267
31433
108665
84349
98915
39739
85498
14930
74376
97716
85255
86236
74739
92296
56108
70202
89259
27826
37371
39726
92487
57538
111823
90199
93830
108084
40891
93301
32842
26114
113969
63543
92494
96440
53993
36929
75766
84489
105082
53756
69189
99389
83033
84978
61915
29001
59157
60003
56018
76429
102731
91847
49394
112054
83594
76908
80569
64472
106494
110186
36067
113796
99437
39734
65191
50655
41171
76873
84819
93219
38088
41090
63274
80783
111335
71567
104547
77364
112674
50444
72241
79588
96530
90521
22765
113884
77441
32539
70693
81581
66887
97940
78109
23740
42537
105989
88738
57893
52341
73092
41821
31646
76466
77014
39026
68901
58242
33374
80120
49913
95853
53874
74545
55469
54368
86228
63606
87148
39393
85240
33660
105671
56217
77277
82469
103260
52932
32168
95294
32063
114066
32738
91554
87463
71761
92799
87620
81607
85896
57829
101633
51190
110557
69118
77809
50424
90169
92693
74847
67050
60171
113394
103063
58537
41944
49547
55149
51682
83903
77442
34703
66668
99996
53115
26466
66034
92300
78709
69970
62616
35134
61872
32885
93994
53984
46182
96801
36423
69841
104441
33520
105797
86235
101847
90581
100333
108424
82381
64367
49171
72305
92728
111985
84394
82964
65309
47698
51507
65475
54555
110273
65914
71830
86606
112828
99973
58637
70101
45763
56718
45987
40646
94573
29214
72947
102255
59299
33909
88774
87916
66977
81707
110411
87998
31350
73910
54628
85121
79388
39697
41589
86616
52475
92547
105677
68458
42879
112937
52794
46586
64970
36412
48912
47036
75440
49137
107949
86549
76624
107638
63459
106099
114048
49611
75469
90381
89829
105575
75118
81270
93602
107955
38082
97151
97592
79342
110054
49828
72005
101893
29210
52003
111100
46448
88411
60770
103072
108223
78933
22958
86995
98266
111520
30810
112295
111568
61272
51638
87894
70398
95210
28708
93552
113158
99308
55242
55621
26832
40754
37706
85457
88923
90600
90203
91586
62999
52545
85853
41394
71927
33786
88410
77312
62992
69396
54479
53960
86725
112384
80714
66115
92633
56296
28520
97691
54334
41088
40803
79419
97139
71755
78298
98961
97410
50488
98514
81611
66245
50112
79958
105926
51960
99572
73915
86138
68849
89142
62052
63009
75728
81023
108590
75493
104641
65853
66773
45859
50025
99966
42120
64280
80156
98265
31354
59693
40087
36164
57067
109924
45392
90612
101277
32330
41968
41502
66310
58121
29019
76781
50365
38018
67335
94710
70520
52591
82727
104694
45787
74798
114147
109715
29667
54019
93640
44320
93097
59093
110031
31769
85676
86277
96822
46867
80710
49166
28384
113793
72514
37609
63362
21950
88102
87512
45799
102916
105241
100242
107875
93908
71420
74483
62447
48908
40362
49209
109155
113863
105102
84220
101811
40269
60222
85860
33376
94715
73748
111907
97629
47451
110450
129657
101825
109976
85497
63778
87079
32160
83917
61700
78155
32768
94877
71042
51897
103024
91151
108092
55830
73177
84542
61825
78098
55438
60381
85804
105333
113955
106936
81209
36399
43206
86061
28324
80941
57815
109568
48973
24224
108327
111267
23226
81960
62072
43590
88927
83530
113123
70561
70828
73902
71917
30184
49586
43170
60079
77036
97241
74378
112544
113857
102557
111714
53745
105035
16405
57366
87097
93859
108145
63780
73548
54020
90615
81068
36836
88134
49643
95008
90429
41906
29706
28618
95104
69587
85787
101957
92273
86977
103035
65719
101922
112760
88639
83077
113392
42100
48222
80047
93339
77976
106584
111306
35640
85058
31348
102840
52703
76125
58543
55105
100453
49558
84424
110692
91607
72873
112688
55467
98390
30943
71334
43319
55269
99906
111719
107712
82904
34309
96772
61332
107789
82954
108695
109326
104652
104991
50169
76941
41869
96658
103040
69229
92837
111962
28821
95005
38167
90828
103545
111004
40314
110333
71320
51229
35075
69762
93703
35702
104231
34655
58470
65852
34163
64405
78703
33372
43615
65069
75203
110968
47177
61602
31563
93882
90320
76103
58514
52930
89124
41322
65635
48837
82396
45793
96527
48641
70879
37528
92068
76891
113399
66472
71660
48013
101765
55777
52075
111499
54582
58254
59649
85228
72003
105032
93758
56527
101112
61190
37234
91297
74186
51098
59364
80539
91226
82325
67387
98030
102375
26113
83022
106713
38736
103180
64902
103045
24128
53505
73151
102433
32934
30221
40850
38723
107217
90565
90165
69124
73894
109174
7387
81254
39620
106664
35449
102794
76354
85199
69751
88592
35550
95118
101588
38839
56846
81770
112716
31308
56596
63705
47617
95343
101679
46801
111923
27866
102476
41260
64129
52540
101413
76428
45589
47044
87830
88766
34111
37702
48512
87504
25293
89753
77988
48747
54864
81576
28895
105960
46646
69645
55729
113009
48626
43243
30813
82043
48007
79538
41053
92552
93485
102955
32555
46015
102979
72322
56539
52741
100578
108088
73751
48108
69589
45181
106054
51650
78316
64822
84836
112129
79831
25842
93341
84007
56033
103983
22255
92348
48564
85383
95653
110005
93408
79632
68014
63794
78192
33702
90213
112289
112747
76023
78005
45846
94850
74310
86262
59106
77789
87831
42874
64238
43282
64697
90555
94768
57566
74951
3505
97348
53260
60754
33249
34362
42984
83155
76364
83642
87058
65850
111404
43708
68425
78759
110646
53120
60674
106797
102867
67242
99827
78974
102883
105643
97469
51165
47710
96856
71919
52130
25404
58446
84277
98040
78056
110555
113278
99012
58747
86675
113023
66265
100527
119964
50522
39252
104164
39408
72581
97180
60046
48328
99697
92211
29929
78708
66847
78788
87890
112757
81682
25990
59038
107228
33120
61067
106980
74908
110691
113041
67675
32728
108740
98395
46405
70882
70515
41400
72625
88991
37195
60836
112820
57005
106759
101980
64826
73567
56099
67176
86809
112692
56840
40533
65611
69778
57729
102305
55741
113325
109911
70557
71663
60252
58052
105975
80503
70546
71128
135589
111680
61355
99445
89737
31502
113517
58585
48018
41223
69842
67405
100160
79286
70171
105278
46659
70015
90207
105492
53888
33030
51170
83699
72953
92984
109143
113072
56013
109060
61303
76247
110395
26651
106665
112675
41603
106248
105482
84309
83873
113502
105369
112728
87534
59346
49323
54049
64434
30782
101843
102532
59501
80505
83720
73246
88987
74544
96088
44466
40832
47937
34166
77266
26971
76543
44680
71474
73174
100950
60834
63083
6670
43453
75561
76913
45995
96884
83080
93625
35524
110050
34492
49167
38213
74374
31140
40899
87840
49108
107048
111698
73219
56525
57996
112195
81101
107334
83804
59217
33969
57397
72758
20455
91240
15525
70391
100128
43977
97192
137743
56853
767
107918
107131
86656
103534
68361
36395
94703
73057
33321
99045
113760
93784
110866
78734
84505
75546
75598
85879
40572
50173
37655
96273
93168
105809
102809
55766
38161
86458
73817
26458
83997
48784
89685
42246
73760
135463
83484
63271
53306
88239
52969
56094
60378
98987
47893
36264
80519
82969
78769
73249
31033
50919
89127
93404
37428
101470
94968
77688
107420
105463
33970
69437
65672
72534
75600
50848
24644
52506
70964
53501
75308
106919
29746
76556
109762
70945
89830
70522
70984
72838
42760
70178
89426
35754
48510
74150
70535
92513
89384
94325
105103
31198
88747
73832
113152
72057
93019
60615
112180
104395
61908
79516
100268
46607
109569
71012
85547
103223
93508
35997
77917
65141
103401
79246
100660
62774
67171
54605
70432
99853
46029
112895
113524
109920
100468
51734
70537
75916
113373
46965
71011
84202
101265
40548
92025
58216
111882
110485
104116
110918
43342
79838
52239
39953
99987
103099
77712
98996
50916
112496
112151
103856
31717
76284
22507
110724
43232
33438
91101
50911
38672
85791
60558
113797
109123
81212
91739
60577
39236
37007
78456
111041
100034
94014
94862
105882
106375
84283
92776
84502
100398
95074
33208
57282
70676
82431
79755
34169
29171
82046
56999
61298
69789
53641
60265
49054
75691
44936
62483
93130
52234
75259
78090
96274
81950
68860
42188
28859
83413
104328
98888
45992
79996
37945
47067
67673
100675
57891
53626
106720
48451
38494
79316
114127
45262
79082
43070
47487
44234
44762
89888
107344
72583
79128
69191
110381
73270
32938
90281
82275
63107
62791
27282
32093
35445
52028
113349
87409
88371
43683
71389
132310
46602
85719
75841
82852
46685
46917
50021
62099
76906
34305
61877
81221
37045
111952
94424
77303
95668
60484
30948
68803
107657
62951
83864
63225
81895
70759
72925
72017
91043
43639
57932
85336
111403
27736
82674
62585
108920
114007
98879
96354
5288
44599
111817
76753
84740
98566
39898
69383
109516
93841
95346
99749
59323
52994
33855
104726
56795
94549
35616
112769
113407
88106
101163
85736
47199
43525
39837
28780
87503
38861
91478
85317
77715
77757
40749
66867
70368
77019
95890
78803
53720
105509
45075
61777
113824
39194
95994
47472
37641
82955
38871
31546
75646
108458
91483
46438
49737
36239
51283
92506
38913
61065
101653
98580
29690
78521
109087
104715
76367
86508
50026
72577
48154
86024
38079
40897
54012
75515
58258
94760
111049
83069
52503
93054
86008
41497
75297
120357
111918
66999
113241
90629
70741
66415
46989
78178
90032
88155
109434
91886
59524
104313
111050
62588
30380
29820
73363
104760
112444
102213
80290
45820
92627
68859
108672
84995
71791
60574
99080
84211
70899
106886
61721
35819
71603
71008
90396
85361
92255
92709
104627
74237
91014
100572
56569
67512
83682
89430
28457
99515
87650
110419
70263
112971
65241
98200
112479
60903
41083
68738
98009
94111
64510
94622
56447
42088
146799
42303
42712
76948
99156
109297
74665
73684
102623
28849
89307
31023
88940
61110
98375
82578
58405
102958
99532
74476
71111
107147
63290
73740
103137
76081
60654
45361
100429
99041
49006
75769
73840
93214
38500
91774
102266
72622
107927
53759
47503
98698
95121
92695
37137
104742
19294
54212
75451
40365
79878
68573
45757
75274
65628
92349
107518
88166
94889
80062
50088
91015
86536
37022
106426
104962
73771
84157
34173
57435
65023
100417
44478
105290
109163
23209
109592
139030
50485
62444
61720
70835
56731
105847
69976
114018
35612
57959
17672
91491
99446
64446
73139
38179
97637
63874
50393
92141
39373
104247
60071
66323
66889
107208
68336
61571
41601
29626
85675
33522
110407
71672
80504
92466
79789
81786
94219
111858
63632
56206
59256
34910
66083
61675
78087
61327
61665
50140
56522
89077
91180
74244
41804
65631
111681
112242
77987
40652
42553
88529
58351
113508
82014
99905
61178
54751
41458
113600
66206
84279
101077
43559
73354
56419
46889
77944
103172
51637
60013
82361
99202
80092
31575
96412
97826
36246
52509
53442
57749
72299
57730
55330
76970
72211
36978
104394
102207
99538
41623
72842
112658
52486
52232
87761
65233
45687
32558
111307
62208
30078
87510
151608
68204
53552
42555
73166
69760
40936
29992
53156
55115
39003
71082
66089
101433
78818
20457
31030
95637
80771
63461
105979
80712
55324
34712
112194
108289
29495
34307
100250
30268
42796
94358
55768
99588
91444
61032
103839
97206
89064
98235
35654
73563
69214
60351
88313
69359
35992
108754
91093
105637
32443
91219
37142
83577
62454
94469
60235
76254
90689
83655
95765
75006
95304
105568
57150
93836
98842
72335
100637
108696
104612
87841
66379
35618
95777
84281
68985
107576
65706
107463
76846
104309
41139
56868
61281
83377
111196
107448
59721
84210
90933
93269
28790
71450
43794
47194
66622
66951
86544
31390
86816
74925
78825
84039
102993
60673
45528
86654
72025
79349
102386
103808
92500
76889
56290
98083
93504
59926
79220
29729
89851
128833
43674
58471
72713
97928
62893
58160
113266
52411
41038
61039
90087
71401
58882
63492
65419
78107
79361
40833
50744
112209
97211
84032
77563
68142
106712
72504
46185
51697
55506
98679
113970
94725
84624
68400
58035
64578
59140
65099
41756
98337
113068
55715
112855
76623
41829
97822
93701
67916
96477
112819
109738
48128
72013
86524
47075
108839
95331
106676
85907
20010
67232
111874
64558
91959
62311
70445
111900
108367
41204
78356
92537
32347
105971
74484
90921
96766
101838
82592
40705
40896
76420
92099
42368
109292
56440
29269
69840
60648
55904
105092
62566
56523
101759
81150
74663
55262
28616
73094
83476
112283
89031
103080
97887
34480
94007
77127
47200
31346
105608
52911
72301
81186
63003
32040
105344
113820
44792
59940
66238
68288
69581
112762
103631
112702
85406
102655
81232
88387
85638
74753
88698
59732
66021
95244
89328
98712
20749
46030
107016
50749
33003
75512
82910
78885
38998
49378
50610
102306
67438
65707
42460
83421
37662
32704
60398
90068
45448
94994
48011
13869
56050
109218
55547
55744
52874
32939
54018
38872
98678
111389
76003
78535
80084
73085
105634
97413
37763
103128
111605
62545
58832
67237
111754
26230
49819
97611
98411
78883
105683
99092
45547
46722
83472
35552
69388
87452
85288
63087
45608
32082
113669
95043
42502
109270
99731
31823
66604
80564
107304
108328
113929
36700
102851
84284
31455
66086
87747
91772
38647
62175
94570
80822
43363
64233
31040
54843
87212
79223
64601
45147
100307
79735
80190
62288
107511
50697
64899
92953
98425
15882
52594
60679
57823
78055
99782
99644
59005
113312
68137
102822
113765
77092
92966
31812
51775
81450
85227
53892
60976
78710
111758
116691
71112
62338
84949
91299
55156
55011
59866
32992
55409
76706
101103
93395
58545
107424
102194
84723
111064
76844
89537
59679
60921
51647
61423
88523
52143
55798
85248
107388
71403
63706
96525
72630
77009
113106
54787
111247
34044
90781
73673
99822
44808
56353
21844
37030
42787
802
67097
104158
25605
73089
79442
46155
95197
47465
84444
109821
60862
112434
98050
112925
50715
92359
48486
109971
90953
109642
21443
112962
106417
74028
104971
74909
93925
66079
110298
109534
44433
64540
57196
56769
97478
92450
76504
80843
28382
98667
87184
109343
94824
61781
46059
74652
93380
104576
80095
33809
60463
63057
52754
100745
41587
36304
98410
64541
80287
64634
48121
53646
91154
85048
98936
55635
36417
33301
37903
86102
55683
90745
34874
35462
58615
113749
110057
55550
59422
79562
69393
77787
63294
43497
70880
41403
19296
57642
38086
104703
99461
33837
85608
55326
105128
107114
111030
57178
60494
28484
57446
75182
33359
106211
38344
56996
94971
29071
55802
78219
29501
65370
96218
109429
39976
99154
50857
88755
82598
56652
97791
98495
78541
107041
98658
99168
100088
59304
28500
80025
50176
59205
54435
105668
55541
89414
32203
112197
81952
36050
95788
47124
82801
57647
39304
31645
36623
59400
89471
40447
74146
44559
88794
55574
89621
91317
91639
69813
86649
54043
62270
80094
44128
54761
31888
59150
102065
113319
27127
60460
92369
85886
113883
84585
104953
76710
94965
80995
46538
113142
96602
112950
108693
69610
97179
106659
64885
72662
80708
65967
56023
39852
47966
59648
108680
30137
58008
105512
39013
92391
112360
68848
109490
40357
86244
40579
90135
82051
47580
41817
70032
35989
69948
88491
96120
67672
112298
85957
38994
37741
51733
97454
82536
107916
87466
71353
100565
34405
16810
73624
88741
61435
52070
86932
58977
81508
54103
39981
78647
80838
40389
30541
110527
96970
48669
107355
28282
81502
107646
83446
104013
46578
46609
52552
71506
81892
77098
99757
97340
83408
60872
54370
67087
112672
108615
77879
108893
66373
46902
37050
45175
111783
55290
30483
47488
57431
50091
53167
96347
40183
95209
90025
79937
97411
35210
97149
112703
100461
32349
2988
50845
72082
112556
48301
90008
111378
42187
59448
102378
61622
69604
91053
31042
108852
2180
80502
66706
82290
29437
45051
60735
95704
47834
65505
75731
25700
60522
65674
55735
41238
32672
61968
89852
89258
72725
96947
29181
108748
50022
83422
103165
73558
88699
75273
30866
54884
39853
81163
79551
90659
80271
40177
36900
96019
95800
50430
89534
65661
103242
113864
38493
80396
57580
53225
87772
89397
102555
109323
103031
40766
83865
62320
89803
50425
41827
28258
66063
88495
83180
65679
32193
35921
94834
113791
77253
51607
108200
88439
76259
80784
54995
74573
104047
29499
101870
73617
103133
41424
54362
88318
50677
83771
45843
35202
59966
49713
52156
86813
77685
66632
77734
101318
96357
65704
35234
47325
39581
64539
61970
45390
93305
85319
68902
100822
68872
107333
66865
102740
55482
58788
104161
77257
99698
80264
47445
51721
45356
69344
76660
79345
87517
46453
101274
104496
108450
108725
88266
113744
58146
33861
63523
72268
32194
106188
53584
59497
95127
32936
67409
32106
45994
87535
70553
90330
104419
40311
72701
90530
37375
86914
82197
56438
25458
53692
32945
39034
91543
112050
31022
59434
46200
108579
104232
100771
54828
99044
93906
45283
34372
104174
56657
45534
61448
97597
96193
64317
52415
83043
67465
81572
93059
28998
113343
59133
53705
73066
32743
68491
66019
70692
97514
82372
30258
64726
57082
60804
62572
57659
101049
86337
83553
64640
91296
42360
47226
30233
45142
53741
30008
48015
113400
87696
101264
101684
45138
60307
69123
97636
90045
78898
78272
102787
80555
42199
41873
107028
32091
97842
78858
58958
101738
43072
99027
97341
60918
39163
45515
111111
105838
84621
86439
93099
42024
59621
38077
67024
99085
85105
92727
110218
91960
79545
29525
98479
36303
80487
85841
64810
82584
40360
53477
80102
32664
74995
100502
47318
57972
105748
80775
68555
46245
34420
51642
53147
73088
38194
98932
39570
97539
107143
57395
98147
101512
42861
93126
77864
28434
50716
65073
98354
37883
69224
31356
78117
77414
32926
69355
62944
106822
26526
72509
65700
79985
44203
39941
82535
99058
87014
66148
92988
111580
80410
78476
38664
72158
32164
113453
109829
50653
81993
78539
44368
54624
81698
91052
67928
103469
97417
74478
55824
47017
56629
69470
70842
62422
135951
22822
41739
62991
96345
58557
36269
57839
54076
99043
56700
111269
32318
90082
101289
66880
28455
79772
113689
55670
41494
35830
107516
80509
50111
79679
37475
75271
96387
81559
52590
71768
108129
61580
109324
85358
53256
59330
79431
93098
35137
45978
48707
51317
45383
87156
73536
70034
109965
52461
86589
80386
96331
112363
97100
35510
63840
34121
55881
76671
69953
52756
97398
104870
36877
36152
48051
63998
56683
58191
101084
110300
70730
90657
42180
52133
114019
30709
95774
90690
93715
77895
28651
113936
86383
72348
105031
99556
98396
43349
109975
24902
107307
44543
92835
84122
102057
94462
74129
70080
99026
33071
93275
45074
86125
18423
85783
111508
113971
65322
100154
70760
107978
78773
104896
80105
97275
86224
41309
86950
40650
42189
60534
82482
45942
52962
62327
89816
62448
65136
76836
111822
28241
44178
54253
108421
103129
19295
91515
43500
106555
64901
79504
98183
88323
103018
65759
105856
81030
101906
48109
105001
100254
68896
22597
49757
90206
91038
102561
84317
111370
104467
38250
37020
31791
94290
62819
89545
59749
73606
45993
36358
97044
47289
102393
73702
47165
109474
33554
113535
85115
111109
108699
18022
66835
29413
92880
62071
107743
81920
75317
35972
113592
66686
99019
43203
97101
44085
66141
47204
45621
101613
31342
98043
43171
48026
35736
62352
86676
114114
34680
103792
109152
29821
36478
60297
52536
38348
58515
71766
52993
105807
65332
64312
59919
105054
79149
57800
113412
87795
38885
60271
65836
113467
23328
70239
69754
84094
77157
82939
81808
77210
106379
41780
63605
43326
59650
36114
95718
65975
53743
88615
58440
42365
36121
94151
76657
107045
60980
52823
106088
53672
112614
41529
33512
67053
91383
94904
67638
89745
55940
83238
39081
99270
113052
113035
30792
90221
54936
92100
92495
45947
93995
62589
63065
41388
40493
98683
109204
85430
56503
69321
87524
79400
36299
92272
113725
40515
112530
80185
107040
108942
83561
103087
34151
51022
79195
61984
71445
37324
93483
41189
39978
66492
66098
79596
72634
94288
38302
41867
100522
60278
77816
50876
37364
38791
81914
107110
91582
100458
49744
36911
47185
82697
113998
99435
104649
109230
65636
42914
41069
112280
59405
78976
58396
64155
89019
73686
99497
58664
47482
58420
53247
90141
30386
43327
56535
49502
31752
44133
76681
49170
34057
54439
67804
73620
60979
60008
65915
83838
44212
91088
73119
44674
111026
107097
66957
85262
32968
57376
106978
30497
98153
61433
102224
113036
71832
91032
30467
97242
104679
93920
46585
46203
69873
109347
112437
76433
68685
67443
58830
103857
41917
53265
65786
55111
49620
83081
47766
60658
45400
106673
65525
84517
53725
68068
91042
53849
94188
64136
113284
93993
103296
72341
110874
106597
88326
92209
80603
34359
48518
111010
98481
