38882
59810
85124
34868
41996
33954
110657
77105
100752
80191
68217
85859
85729
40926
114069
78936
59849
55513
62121
98297
62947
74176
83568
112723
87406
52992
94359
77279
64321
47590
60620
62415
61798
92970
61363
113240
103119
38961
60452
68871
113950
52508
83788
78677
111140
75536
45986
32133
96358
98145
46713
44043
96964
82618
109084
95142
66244
105301
39572
97591
64413
64802
43868
66976
83575
107829
84649
59747
71931
104400
58358
82255
31524
85546
37319
104402
37004
93860
109286
79749
38437
33661
96275
101901
101678
90039
77317
102044
86985
34920
70737
60462
64202
113237
92296
40891
26114
60003
77441
97940
51190
69118
90581
65475
54628
64970
62999
67335
84220
84542
90615
82904
109326
111004
41322
37528
111499
106713
38736
92211
70171
47937
74374
105103
99853
113373
100034
53641
28859
45992
100675
53626
79082
62951
72925
44599
94549
40749
52503
90032
90396
91015
104962
73166
35992
62454
86816
89851
72504
41829
55904
56523
74663
58545
74028
106211
59304
54435
55541
80995
56023
32349
91053
41238
65679
80784
35202
106188
67409
104174
61580
76671
31791
73702
81920
62352
60297
63605
55940
100522
