136920
93383
59797
52008
63486
40220
60835
42768
56546
85314
91812
77194
89575
54316
88139
44931
63275
44302
88068
56261
106945
55118
72344
92905
72966
43323
56131
92894
99833
49451
57929
57978
70483
107962
98773
54032
88408
35228
109847
95435
40834
94006
58207
107165
113366
30675
107649
44470
91177
72483
77981
31651
107268
50355
91189
30273
35007
41626
89319
76537
33351
110474
66297
45200
45152
45536
28458
79454
105646
76368
57437
62351
97435
113746
58812
97051
82079
58158
79462
69377
87746
31292
43502
67567
113174
45156
79993
53594
59696
83564
101958
100024
99842
83965
39687
30563
92961
108201
29332
59396
32615
58173
103543
82728
31574
56098
100386
42551
44590
56641
56564
109565
74800
107168
108266
42765
58802
89763
74981
55727
67425
103053
82007
111268
55187
36876
92620
63834
59451
71606
112627
112514
76501
41395
50084
78408
31892
97418
101597
109277
55643
104542
90357
61269
86637
46165
57516
34124
107860
58311
62441
72430
103138
113087
92544
40645
64439
50676
113038
99899
35981
59329
56624
66362
90166
86557
85570
28863
99177
91362
103840
56698
61585
96328
65176
71133
57988
70455
31684
27179
61558
38270
33288
83650
96221
57931
88732
77203
102420
89147
74055
63869
109477
68719
111289
74832
44983
112176
101824
45602
68894
112696
113658
55007
65778
113420
51528
88057
88014
40571
83486
31367
66894
30729
91184
92557
65705
40411
79591
97262
44394
80786
55266
49068
66345
35052
111797
98349
86652
51684
54352
93373
85476
65948
52103
33121
102810
113659
102587
69932
33366
105692
71205
60792
42864
106411
42558
74486
107604
56737
87233
105137
61701
46570
81640
57294
56483
42913
68855
80578
62041
58011
58535
52609
56872
62302
83731
84318
60036
62506
46076
39277
33687
19420
67619
47233
47892
75727
90826
80785
56015
81718
95997
112554
48650
46265
101432
103664
78130
44078
101769
82384
30385
111467
77546
48173
94431
45531
42877
94838
59808
48606
73376
100939
93388
106818
33628
31579
68630
65787
90567
53884
51188
44785
47581
113590
66914
111319
55436
68307
109909
109213
43499
109851
39523
39022
76380
112370
88938
69010
91063
95926
74859
107015
46105
25419
41190
66982
85811
88122
98914
105946
101131
91550
69590
65884
32162
64713
66039
79386
61113
57868
46323
45710
65946
39395
110486
41339
99042
103508
65413
102628
113077
47641
111526
89780
56518
111381
68443
73351
91742
64974
89055
42264
85284
78966
62304
66862
78834
58951
30306
96344
87507
107258
83311
56381
99548
64379
73660
94897
85380
54655
93349
61392
44910
104196
95326
