136920
100305
112329
93383
108516
59797
52008
76577
63486
40220
81764
78610
60835
42768
46401
56546
112532
85314
45705
90671
91812
77194
89575
71338
54316
88139
44931
63275
44302
64504
88068
56261
106945
94474
101385
41484
104171
55118
72344
45387
92905
92670
74993
72966
83647
43323
56131
92894
99833
53049
52830
59970
49451
80540
29428
57929
57978
70483
43863
107962
33323
98773
54032
44592
50686
88408
66467
35228
79040
58622
109847
95435
91846
40834
94006
58207
107165
113366
30675
80149
107649
113768
44470
91177
53973
72483
77981
64034
31651
107268
50355
91189
30273
35007
41626
46604
89319
76537
33351
110474
66297
45200
45152
45536
28458
70225
79454
68295
81512
105646
96277
76368
57437
62351
97435
15342
113746
58812
46407
97051
82079
58158
79462
69377
87746
100542
83339
101938
35631
31292
30182
33216
58993
89707
46866
43502
68087
104895
67567
52268
36420
77808
36630
113174
45156
79993
53594
59696
112661
83564
75737
101958
100024
99842
76272
96819
83965
106090
39687
30563
33406
39562
68838
92961
108201
29332
59396
32615
58173
103543
82728
82427
31574
85278
56098
100386
42551
44590
56641
106346
56564
109565
74800
107168
108266
44326
42765
58802
89763
74981
108454
58754
55727
43607
67425
103053
82007
111268
103029
39961
55187
36876
92620
63834
40282
59451
89020
71606
112627
112514
76501
45470
48959
41395
50084
78408
31892
97418
55169
74156
101597
109277
93689
31814
55643
104542
90357
71337
61269
12146
73069
80254
95406
86637
46165
57516
57070
34124
107860
58311
62441
72430
93232
103138
97888
113087
92544
40645
108685
64439
50676
113038
99899
62298
35981
105638
59329
56624
66362
90166
86557
104646
85570
28863
113498
99177
48727
91362
103840
56698
83944
61585
96328
65176
71133
92857
57988
47026
70455
37300
31684
63601
86018
27179
55051
61558
38270
33288
104358
83650
54247
96221
57931
27671
62097
110804
53633
88732
37935
77203
73655
38218
86477
102420
89147
74055
79750
29336
63869
109477
68719
81903
111289
74832
44983
112176
40316
101824
45602
55883
68894
112696
113658
55007
65778
113420
28887
51528
53179
88057
53850
33758
88014
40571
83486
31367
66894
33123
30729
91184
92557
65705
40411
79591
49984
97262
44394
80786
56286
55266
49068
71154
32159
67637
66345
35052
111797
98349
63103
86916
86652
51684
111476
90831
54352
72726
53089
46774
93373
66504
93662
85476
76327
65948
52103
33121
102810
113659
101062
102587
100699
98520
76336
69932
60968
71641
33366
105692
71205
98835
52939
60792
42864
52131
106411
42558
41854
74486
78968
107604
56737
87233
105137
61701
46570
81640
57294
63185
56483
42913
68855
80578
51845
62041
58011
58535
63006
91215
52609
56872
67340
111031
62302
83731
84318
60036
62506
46038
46076
53716
72355
39277
92471
33687
19420
98794
111870
67619
47233
112200
47892
75727
90826
99601
80785
56015
81718
77516
95997
91650
111278
78385
112554
48650
94705
46265
101432
39400
83201
53170
103664
78130
44078
64190
60593
101769
82384
43398
30385
111467
75552
77546
100278
108422
38062
48173
94431
45531
42877
94838
59808
48606
33223
88689
80928
73376
100939
93388
106818
68625
33628
31579
103055
68630
95097
101483
65787
91668
90567
53884
51188
44785
47581
113590
54121
66914
82901
50077
111319
55436
68307
113747
109909
109213
43499
109851
39523
39022
84345
60772
76380
112370
88938
69010
91063
95926
53218
74859
107015
46105
25419
41190
66982
85811
88122
61615
98914
104151
65624
105946
101131
111712
91550
69590
65884
32162
64713
66039
79386
61113
94747
57868
46323
45710
65946
39395
73392
110486
77139
51049
59173
41339
99042
103508
41883
86166
65413
29889
54517
102628
81846
113077
47641
111526
108453
89780
56518
31675
111381
68443
73351
76009
36169
83255
91742
64974
93582
89055
42264
85284
78966
79469
69745
62304
66862
78313
78834
58951
59414
30306
96344
87507
107258
83311
110269
56381
99548
96898
64379
42682
73660
94897
98421
49067
85380
91748
54655
84174
54543
93349
61392
44910
104196
35954
95326
