87236
74987
83571
36904
77191
77900
51035
39485
98441
88679
37760
69532
40148
70162
48062
62211
54367
91291
107803
105235
44547
75456
71851
105266
47724
61030
70680
45938
57371
69220
32172
38089
65613
94376
109476
58214
79119
47303
102281
41393
102039
34125
109089
84933
80263
67746
90095
37433
97602
88739
75982
104678
84510
57263
112070
111606
85408
92715
52525
109667
68617
66334
109737
108790
36274
113335
92958
99030
76776
78428
78424
68850
30400
108385
49334
102882
109299
68575
60212
60458
113575
100618
40900
79086
53598
102711
86646
31104
65857
53974
107095
96484
26016
58605
74520
37267
56078
58234
37017
111725
33662
56128
90518
36924
94172
66959
71005
73168
81859
84446
102473
49999
77800
87787
55160
85498
69189
55469
32063
32738
66034
86235
49828
33786
86725
50025
48973
36836
69587
65719
49558
98390
43319
108695
45793
55777
103180
78192
52130
64826
71663
60252
106665
106248
44680
73174
107048
99045
85879
96273
135463
36264
75600
94325
35997
84202
85719
63225
91043
52994
85317
38913
94760
75297
45820
71791
61721
35819
56447
89077
111681
36246
71082
29495
91219
94469
100637
86544
62893
98337
48128
83476
94994
111754
31455
64601
111758
55798
104158
47465
93925
57196
53646
77787
38086
88755
50176
89414
95788
27127
72662
30137
86244
81508
57431
97411
100461
69604
88699
95800
66063
69344
32936
59133
82372
42360
80555
39163
67024
107143
78539
54624
91052
41739
36269
81559
96331
34121
33071
100254
37020
59919
88615
58440
54936
66492
38791
109230
64155
90141
34057
93920
64136
113284
93993
