91199
98372
79104
107219
60301
48790
103987
44424
96337
30224
88341
51750
110334
95182
69895
62425
100717
60033
53603
36291
108559
110446
85600
58827
87306
26574
68386
76102
84397
80604
58037
113463
70555
107868
44550
96545
60805
113901
83648
40906
77264
33251
98161
60102
100251
96567
113105
92753
93525
96575
42367
74860
97399
50858
81214
72394
98624
107922
108547
85151
95269
94783
99167
57656
62703
66486
113579
80121
82747
110095
61959
95277
60796
76378
49555
109464
54914
106038
113847
88650
75667
82745
109825
112826
40355
28905
107358
49736
58803
55724
51040
78746
99758
107497
27090
83021
71230
112292
42824
93086
45036
42840
85184
66144
69569
83403
79310
92623
87082
45557
47412
79874
60044
80623
88762
60692
102894
36353
94921
64835
107386
85611
70857
66771
75545
44074
32764
70948
55636
77843
61963
108179
79873
41825
93653
75596
94964
112321
28617
110669
76667
72391
94284
33063
45357
94176
41459
62392
64572
41933
24131
68093
101147
38727
62428
136314
34858
89111
36070
51594
74376
113884
82469
95294
114066
53115
35134
65309
99973
58637
45987
41589
72005
77312
80714
31354
45392
85676
37609
87512
109155
60222
73748
63778
87079
111267
49643
28618
96658
110333
69762
65069
110968
89124
101765
58254
51098
67387
90165
109174
39620
88766
113009
45846
86262
57566
33249
96856
78056
72581
86809
112692
111680
73246
96088
83080
34492
113760
110866
105809
89685
88239
89127
100268
103223
112151
56999
60265
75691
83413
72583
62791
71389
83864
70759
93841
104726
101163
84995
91014
70263
65241
76948
102623
76081
107927
53759
68573
73771
66889
99905
54751
41458
73354
62208
87510
69760
34712
97206
107576
76846
92500
46185
101759
28616
55547
111605
26230
95043
78055
99644
113765
78710
91299
76706
59679
54787
92450
98667
85048
55550
55326
38344
98658
81952
36623
92369
41817
100565
83408
46902
111378
65661
83865
104047
61970
45390
85319
45356
87517
45994
30233
53741
87696
68555
93126
69224
66148
69470
70842
45383
73536
45942
89816
65759
47165
29413
66141
86676
29821
38348
41780
76657
33512
87524
83561
51022
66098
38302
60278
53265
45400
84517
