50292
80988
26309
81795
90824
100131
65539
47884
88690
106944
88521
55884
106976
101367
64549
97307
104718
32304
72863
93111
77199
27085
20012
18919
96235
100201
106531
104281
35386
37580
40723
77121
65868
112710
72958
74027
75115
66172
92375
82540
95025
46380
64064
30600
97442
109067
60035
60718
106378
26391
62303
101281
61595
40890
76422
70402
105186
61933
41872
91503
61778
70867
70419
86429
20542
68485
40962
104440
33361
98078
66194
73815
23338
74583
83527
45052
104748
88440
52765
44398
51722
94379
60842
69162
26558
64232
92829
68112
88683
70205
30395
85264
17664
106360
45011
70869
83336
33206
110363
139626
96593
87742
99335
37214
38868
30080
58248
91821
27664
56234
77921
57616
108084
76429
41090
52341
83903
88774
86549
41088
50112
81023
73177
109568
111714
101957
110692
90828
71660
83022
56846
76428
108088
85383
64697
94768
42984
39408
106759
101980
71128
135589
105278
105369
111698
83484
82969
68860
27282
61877
111952
56795
88106
39837
101653
73363
45757
23209
38179
66089
78818
91444
79220
85907
20010
95244
107016
80564
80190
57823
53892
66079
69393
43497
99461
56652
100088
60460
64885
39852
105512
35989
96120
82536
60872
90008
40177
36900
54362
66865
86337
47226
34420
98932
31356
39941
55670
45978
48051
103018
22597
66835
92880
36478
79596
81914
36911
76433
