49135
34022
114064
77956
49653
82407
94902
109179
85714
59529
92207
39628
55552
45164
53405
77224
91267
103667
54925
104908
54034
43680
99961
104597
45286
89952
59566
107689
80470
90871
57326
62287
105435
63800
81419
45077
104484
87004
70300
37531
34623
77250
95124
50900
76100
64324
87846
67011
43362
87727
95794
12003
84633
91171
96361
90564
47894
113493
43346
110580
73769
31839
53971
66218
71792
45008
94947
45606
44132
104445
22272
104105
53945
112665
84222
50854
69757
108617
49306
100899
92066
58955
91827
62842
37052
93977
24817
62297
102019
90083
85371
106398
87669
86258
62830
68441
82798
45517
28497
103176
34026
42802
110559
86817
98918
63363
95870
38912
44753
55068
42878
79301
106095
91885
111773
71197
75408
68883
65910
88753
45180
56392
83576
106986
91655
78816
97962
28295
106457
111981
57057
46476
90373
113977
49330
32543
70000
63152
46771
47120
66236
80011
54260
36211
43359
79075
108407
37315
76764
89849
82739
56018
50655
112674
79588
90169
32885
96801
40646
106099
110054
60770
30810
91586
54479
112384
97410
94710
88102
48908
101811
80941
49586
81068
80047
104652
111962
34655
31563
93882
76891
80539
30221
69751
89753
77988
54864
93408
105643
97469
113278
86675
31502
90207
109143
83720
40899
37655
26458
78769
69437
93019
62774
54605
98996
78456
57282
79316
69191
52028
50021
68803
112769
113407
38861
105509
75515
86008
66999
91886
102213
108672
106886
74237
74665
99532
71111
73740
93214
112242
77944
112658
20457
75006
66951
74925
84624
97822
108367
78356
73094
88698
38998
83421
90068
38872
97413
66604
62288
81450
51647
67097
33837
57178
110527
31042
80502
60522
75273
54884
101318
47325
39581
51721
59497
59434
78858
57972
53147
57395
47017
56700
79679
86589
35510
55881
94462
104896
62448
101906
90206
111370
89545
75317
113592
48026
105807
64312
91383
109204
91582
103857
48518
