89474
110414
98711
86281
92131
87188
74653
135162
33717
113640
100915
81091
76098
99069
81137
109113
66980
72570
92157
53431
49245
56294
91425
39018
34194
92832
98325
51671
99573
87388
84225
19979
61816
92710
100328
59452
39164
38267
105010
58189
86276
111251
33304
101844
83583
73650
27080
62188
31503
84650
109413
99400
29984
49386
64535
75764
77915
54998
29241
106714
45160
109600
86254
74884
93759
39167
68410
63001
41049
49857
108810
83586
36349
113648
53410
82675
34896
91971
69410
75319
52111
23230
105581
70834
82005
100763
58613
95810
105125
32059
24676
72539
104285
78536
32734
54750
77955
94708
107644
59894
70389
79511
99887
50690
56673
58007
47089
105113
45631
38862
99967
109787
70735
61794
90792
47231
52129
58188
50724
66620
101317
44414
72568
97054
107627
46244
102308
85384
107946
39387
82900
111225
86311
108445
56014
42094
108635
90547
101490
99908
34006
94429
70924
90054
32665
35071
61551
83480
108768
67245
108004
110253
49120
113338
44399
112077
55249
32436
56358
75079
78487
97665
98623
74628
36766
90941
35988
32736
40567
154444
36265
107941
96000
74019
70985
61334
31457
61006
54216
99878
63359
109100
89469
67177
93943
52999
54330
70047
103438
71587
66650
62108
66085
45977
89083
36531
87604
52871
102045
103579
81679
75248
112041
88005
41047
70519
112563
33508
69596
106666
57577
111137
97038
69809
47376
80776
77148
113534
86036
149920
72671
79494
40728
97155
53159
105291
14036
16073
28123
77041
110897
84948
93246
106556
76457
49997
60694
67343
109158
41342
35953
59450
50743
81532
66306
51602
72704
60569
41064
28354
54075
39518
67356
21525
62185
31657
110185
59350
27826
113969
92494
36929
105082
49394
39734
96530
85240
110557
99996
93994
104441
87916
73910
92547
105677
46586
105575
97151
93552
88923
62992
75728
99966
40087
109715
46867
45799
105241
62447
81209
57815
43590
30184
95008
48222
93339
71334
104991
103040
103545
69124
95118
101588
56596
64129
25293
43243
41053
72322
45181
51650
84836
92348
74310
59106
51165
112757
59038
46405
57005
79286
83873
87534
101843
40832
63083
70391
100128
97192
86656
73760
105463
106919
70522
70984
112180
65141
103856
43232
60558
33208
87409
88371
43639
62585
111817
45075
29690
120357
70899
71603
92255
92709
64510
109297
74476
73840
47503
98698
106426
100417
79789
61675
78087
56522
46889
76970
53552
42555
95637
55768
61032
98842
66622
84039
41038
112855
82592
76420
69840
63003
66021
98712
82910
67438
56050
67237
78883
45608
38647
64233
55409
89537
37030
42787
98050
61781
33809
63057
100745
37903
34874
29071
40447
89621
54043
62270
84585
104953
106659
65967
70032
38994
51733
97454
73624
46578
55290
90025
35210
47834
32672
83422
62320
108200
45843
64539
58146
86914
45283
78898
99027
111111
40360
100502
38194
32164
81993
97417
113689
42180
80105
65136
111822
38250
113412
106379
43326
89745
92495
93995
79400
41189
94288
41069
76681
60008
44212
65786
