27843
86775
63735
108798
32016
101150
23938
93516
95737
82364
45537
72135
49624
67610
47853
95141
39265
70829
45173
91649
94334
47938
52814
93966
56058
102273
52230
78642
103171
67370
80246
56767
105973
100704
58599
86588
90855
82796
38841
103132
99280
45925
77255
64806
100796
66212
104021
112366
56616
97874
59800
46834
97121
66261
99325
92019
37383
101614
36221
33790
69345
67957
44130
74081
74899
112208
105639
100694
112478
107033
75350
46187
33810
74152
33873
41401
43451
31979
94464
47605
112258
46266
36097
90197
64898
50750
72366
87231
52231
102232
34873
28528
62284
100632
98054
109095
56441
42798
53985
36893
24503
100981
101366
64279
67878
88493
28366
108688
31992
60637
61973
107872
104724
35965
46053
35132
77638
72952
86976
80751
108665
93301
96440
84489
29001
90521
88738
103260
91554
53984
69841
64367
70101
110411
107949
52003
70398
66115
74798
44320
85860
33376
110450
86061
101922
112760
72873
28821
65852
43615
61602
76103
59649
91297
26113
77789
34362
107228
98395
56099
113072
112675
102532
49108
72534
104395
113524
79838
99987
84283
52234
73270
75841
94424
77303
85336
69383
66867
70368
50026
92627
84211
110419
42712
86536
37022
105290
61720
64446
77987
31575
55330
72211
99538
52232
112194
88313
83655
107448
84210
72025
90087
65099
86524
32347
101838
40705
52911
59940
46030
75512
32704
99092
63087
87747
62175
60976
71112
102194
61423
71403
60463
80287
54761
94965
58008
16810
96970
104013
97340
53167
66706
65674
73558
53225
32193
68902
104496
45534
61448
101684
45138
41873
43072
37883
106822
109829
85358
70760
108421
98183
48109
97101
44085
47204
43171
113725
103087
49744
113998
58664
109347
83081
53725
72341
110874
98481
