103699
113247
90606
28318
136071
59319
93497
88118
83910
95955
113679
91830
78198
100344
100340
78323
63050
56394
62743
82052
69539
68138
82165
104610
97610
37308
92897
33571
78441
113712
75901
91929
69382
97617
80884
109638
87925
109760
67051
50759
54512
113925
79258
84111
41730
112152
55815
50163
46629
96350
112813
108435
90735
65839
57213
43664
32589
36289
28470
60024
72693
46322
109334
105151
81110
95084
70992
112052
52753
80026
79833
83427
60910
138807
54788
91220
42762
67608
114482
114150
65072
74690
59662
69654
56473
44022
42466
49509
26611
90607
86953
77676
62450
75337
100332
49588
74235
65831
110700
113424
68141
87681
52757
66753
78106
33570
18953
82038
46668
98256
85785
102594
62507
42540
35659
94606
64292
32221
37941
74135
97419
105792
77660
44499
86619
99741
88140
14930
36067
78109
68901
100333
72305
82964
26832
71927
98265
90612
93640
47451
78155
51897
105035
93859
63780
54582
91226
31308
55729
64822
95653
106797
78974
66265
32728
99445
105492
57996
83804
73057
60378
70432
39953
77712
85791
93130
42188
37945
48451
95346
28780
53720
36239
51283
109434
45361
91774
60071
111858
82361
151608
39003
42796
68985
77563
68142
56440
97887
112702
20749
78885
108328
34044
92359
106417
28382
33359
56996
39976
99168
36050
55574
46538
112950
82051
47580
112298
42187
102378
40766
51607
50677
68872
70692
101049
58958
74995
52756
110300
49757
45947
39978
30467
68068
88326
