58162
112210
87236
106106
89474
38882
71115
106813
110414
74987
27843
83571
98711
99806
86281
92131
96748
43369
111366
73656
40077
49135
91199
36904
113938
63355
87188
110887
74020
34022
100394
65990
34911
86775
103699
59348
74653
135162
90561
113071
80668
113247
80703
63735
108798
59810
77191
51157
109272
41347
43226
50517
90779
98372
51087
72381
89937
88389
51648
33717
90093
113640
107552
100915
49288
98584
33894
77900
98900
63358
59314
114064
81091
106981
79104
107219
76098
99069
71519
51035
81922
58786
80093
23976
58547
40584
81137
60301
41118
39485
79689
113516
41918
92261
48790
109113
85054
80416
90606
28318
40737
103987
30650
77956
90523
55032
66980
49653
36624
136071
82407
35348
33122
72570
85124
44424
94902
98441
97365
96337
90922
32798
34932
59319
70954
92157
32016
105166
61173
108126
53431
90676
87216
58731
58293
104044
34868
39546
80706
88679
28590
101150
55846
109964
30224
58723
49245
56294
58610
109179
41996
23938
93497
84209
94562
61000
70105
88341
52584
72233
28862
92097
93516
33897
75986
49511
59254
79217
78108
51750
112282
37760
91425
33954
87730
69532
68730
110334
56862
95182
88118
39018
100032
88711
44246
40148
95737
81133
74130
54400
69895
101081
34194
85714
59529
44342
91535
48867
30393
73169
106951
96887
80701
59506
80533
62425
92832
79890
96002
92207
52004
110657
98325
82364
47769
45537
60117
51671
39628
112139
85283
83067
100717
83910
11730
99573
55552
35301
64222
89535
45164
87273
60033
97553
106376
53603
75533
77105
100752
55010
109251
56687
104905
58611
64591
31557
70162
80191
65856
109619
36291
95955
68217
104623
113679
48062
64391
144325
70840
84788
53500
87388
63221
57526
123353
72135
112730
58528
53405
101771
46252
84225
88200
102222
19979
91830
57718
38117
62211
85859
78198
78390
58814
94003
32641
136739
100344
41880
108392
55359
61816
45520
77224
101014
98769
55804
97349
29293
87258
49624
85729
100340
68627
65504
78323
91267
103667
52126
39371
67610
54925
80273
108559
92571
92710
68158
100328
104908
54335
47853
59452
100364
54034
100581
39164
109843
95528
95141
107049
38267
63050
54367
110446
54384
41499
91291
107803
68269
105010
43680
39265
42090
56394
70829
91759
58189
69775
85600
113660
99961
40926
86276
80647
58827
81784
35016
87306
45173
44586
32557
111251
92169
60043
105235
110004
66473
33304
98993
45604
104597
101844
91649
45286
83583
73650
63295
75411
106210
102286
58532
94334
47938
27080
62188
26574
64583
68386
31503
71131
84650
107705
89952
114069
59566
44547
76102
109413
40409
95806
62743
55302
52814
89129
78936
99400
109520
82663
29984
84397
49837
38158
80604
59849
33612
63739
62789
54217
58037
75456
49386
71851
54819
66833
105962
107656
104112
64535
101492
60970
112026
46706
82295
95852
39162
93966
67647
103227
108591
106761
105266
46543
82052
52502
69386
86083
34122
107689
77195
101713
69539
82709
61319
84525
107601
68138
93403
106154
14344
113463
75764
77915
47724
54998
99312
75333
76607
82895
82165
31569
73326
61030
77606
62053
72507
97230
111181
34187
98934
56058
80470
75178
93206
58655
102273
70680
50089
29241
101482
101435
106714
52230
55513
45160
39874
78642
104396
90871
27867
46621
45688
92886
65945
90674
104610
109600
109332
51576
113525
109632
58550
70555
54096
86254
86537
74884
79261
93759
97610
58705
97090
103354
39167
65182
36946
68410
56468
62121
107868
85045
78234
62866
63001
37308
60827
41049
44550
96545
103171
67370
49857
60805
108810
113901
47066
92302
98297
51665
73221
31296
57326
113055
72558
92897
83586
62287
36349
74881
101899
83648
33571
53305
105435
45938
57371
32107
90108
40906
98184
63800
77264
48525
98143
94825
113648
33251
78441
38614
111166
46063
45946
92096
98439
45183
82414
96234
80246
98161
111789
107498
53410
113712
82675
86471
34896
102062
81419
54246
33957
70413
91971
60102
56767
100251
82120
67058
90934
34400
69410
111027
63566
47751
75319
69220
57975
100404
85909
75901
62238
91929
32172
75355
62947
106173
96567
77733
95014
48647
39624
98810
81217
33358
45077
74176
53248
69136
98762
113105
101911
38089
63076
65613
79237
105973
92753
109465
46711
81627
110886
69382
73637
77154
113515
93525
71475
41482
93171
100609
36090
27382
94376
101298
107302
52144
104495
100704
57081
108724
58599
104484
52111
65086
37373
73124
23230
64205
88585
96575
97617
77627
73104
65697
107215
88645
42367
105581
82223
113815
109476
70834
38796
54757
89398
82005
87004
38254
100763
112306
52538
107988
74860
70300
58613
80884
32751
109638
95810
92490
46388
87925
37531
63021
119138
111347
109760
105125
86588
58214
34623
97399
32059
58406
109668
79119
88235
109779
88525
50985
76036
83568
98106
136917
90855
68289
94899
50858
112723
42122
106670
77250
67051
78884
71785
47303
54606
114148
24676
50759
72539
84729
51875
55935
29017
89321
36479
60280
95124
104285
111911
78536
82796
54831
105274
62793
50900
112821
57354
32548
32734
78611
84205
29367
56174
62727
76100
79519
64324
54750
59552
101046
71498
87846
54512
81214
96370
77955
72394
85148
61009
67011
96132
102281
24160
87406
105708
103515
107790
14194
43362
98624
81357
60383
94708
75174
38841
69835
86901
113925
47379
62952
41393
107922
42990
72932
79258
85210
108547
78523
42971
52924
47714
103132
35299
107644
71617
102039
47650
43078
84111
50396
46319
85151
34125
109089
84447
44020
79464
95269
100056
64164
53507
84933
52992
41730
87727
62731
112152
94359
80263
31060
107575
113501
59894
70389
111785
95308
99280
71451
72365
66654
77279
86483
79511
90283
64321
94783
40363
30351
60500
99167
99887
84004
50690
67746
69834
107384
95794
56673
87931
84432
78857
54431
57656
90095
52925
37934
45159
44329
37433
43692
64336
55815
36973
58007
37194
82814
50163
62703
12003
41599
66486
46629
97602
103744
43925
31568
108519
47089
113878
77888
105113
45631
67169
113579
47590
50835
88739
83328
80121
33129
58296
84633
45242
73916
82747
70009
38862
99967
54438
81582
67919
108536
54877
91396
35117
106429
110095
96350
112813
109787
70735
91171
75982
104678
45925
61794
100583
90792
64672
61959
33214
56594
98757
96089
96361
29629
43367
58484
95277
107272
77255
112823
75139
108435
90735
84510
60620
50994
49765
61084
55099
64806
101152
36980
113520
103141
30252
103114
62415
49193
47231
75697
84813
60796
106909
57263
65839
76213
60831
76378
61798
90564
33782
52328
92970
102043
50333
67403
85038
57636
52129
107457
100796
39764
40069
58188
48053
32255
62818
110547
112070
111606
50724
58560
91021
61363
39936
66212
49555
80910
113240
103119
104021
57213
113398
88484
44583
45834
45856
66620
105428
112366
100539
45498
103572
47894
101317
109464
38961
60452
110723
34127
103483
62008
44414
72568
59301
52099
58538
69616
113493
65969
68871
85408
43346
54914
97054
107627
110580
92715
56616
51542
52525
109667
46244
111791
44935
102308
96563
43664
66193
70859
106038
70476
60040
73769
113950
50404
114085
55809
70078
62429
54557
112657
67114
32589
112051
64239
113847
43108
31839
58464
82429
87842
57503
107251
94372
85384
26570
107946
66528
82487
84382
39387
97874
103457
766
59800
52508
67506
46834
99702
44798
97121
95009
28325
66261
89839
83788
82900
88649
64390
88650
75667
82745
79882
53971
17877
70917
105250
109825
78677
111225
48546
104657
97772
71034
68617
112826
60991
112040
86311
89609
40355
50957
73747
40160
72841
108445
28905
81410
99325
26260
96539
72417
67620
113923
107358
73323
67337
66334
103669
99185
50930
105555
41795
29350
91191
49736
36289
56014
49415
30797
100633
89805
58803
101323
104220
84026
55724
31652
93626
94664
112988
108853
28470
69395
103849
66218
52326
51040
60024
68522
111140
42094
47156
113371
109291
60537
71792
78299
45008
109737
85459
78746
33103
47348
61623
94947
108790
100712
45606
72693
32560
44132
111601
34999
110708
99758
92019
108635
58039
90547
80780
104445
101490
99908
86711
59688
107497
34006
85542
36274
94429
46322
22272
90363
58169
61463
101619
98747
75495
27090
104105
83021
75536
50774
77739
92067
53238
70727
75757
44269
71230
101480
69634
53945
31051
112665
58638
70924
112292
96903
113335
45842
37383
45287
92958
83172
90830
84222
42215
23988
90054
101614
109334
30088
103346
99030
42824
36221
50854
113831
60737
32665
69757
33790
81333
93573
111273
41547
105789
34144
35071
61551
108617
108294
49306
45986
93086
45036
32133
87126
65513
83718
102410
83480
109512
42840
20224
94207
100899
76776
46452
96358
34918
58330
37595
105151
97264
78428
77141
92066
81110
108768
34822
79146
92463
32731
58955
98145
36894
95084
95396
45308
56509
66546
67245
111459
78424
79315
25343
108004
69345
66066
110253
70506
91827
70992
62770
37081
85184
52608
68850
114072
30400
101693
58628
62842
81224
71446
86825
108385
49334
113834
37052
73956
81811
93977
29036
30063
60216
46713
49120
119584
67957
57202
44043
62719
98258
55348
110898
66144
112052
60482
106336
72020
102882
86822
44130
113338
44399
112077
109299
52753
69569
83403
85856
79479
74081
111193
68091
58881
55249
75695
111497
79310
63128
101504
14343
50964
96964
32436
68575
74899
80026
56358
89850
24817
75079
73843
107595
78487
33449
97665
60212
40497
46111
72511
80556
55885
62297
112208
92623
43077
101203
82618
79833
111040
100428
113503
107249
102019
99387
79819
108799
54467
30561
52510
90083
60458
85371
87082
37693
28281
52806
106398
97380
98623
74628
36699
109084
67375
26108
77162
107528
105639
38022
87669
91578
83427
60910
70423
36766
27753
91947
90941
89795
80676
95142
61279
138807
34934
114126
86258
111264
100694
70349
72319
98518
68566
106464
91374
66244
112478
77482
107033
35988
62830
103270
45709
106677
40384
71006
62758
105301
81024
32736
68441
76835
99328
45557
113575
77423
99540
84186
100618
110489
82798
39572
59239
111603
37434
56741
68893
86991
94088
40567
97775
54788
79079
40900
154444
51435
61326
97591
49851
36265
79727
33236
88915
92424
99093
91220
64413
51790
104861
114477
88767
42762
108523
32624
87135
64802
37490
44036
113601
107941
43868
79086
47412
45517
96000
74019
55873
52856
77501
39626
70985
52276
98939
61334
92764
73922
68714
75350
98491
46673
107681
54097
85035
104043
36897
31336
105272
28497
31457
61006
88136
54216
79874
108358
67608
60044
80623
88762
103176
95966
96099
94609
98664
53598
102711
99878
82610
65652
34026
73338
77407
85000
46187
81178
93905
80607
82795
68881
24587
109148
112309
107288
60692
42802
54290
87536
54328
66976
83575
54895
109417
73745
60309
33526
58307
109459
80844
84913
114482
110559
64857
96622
63196
66243
78881
94184
79056
102894
114150
104136
86646
107829
33810
84649
75711
86817
76831
31104
64410
95893
98918
65072
54812
49168
82274
36353
32291
74152
59747
33873
63816
36837
112970
63363
87270
37884
64729
38085
41401
32718
63359
91301
76142
109100
89469
71931
113003
67177
93943
64621
91638
88756
102059
86764
93402
94921
48489
65857
95870
53974
104400
50913
94535
56315
80609
69414
101654
103144
38912
52999
54330
78291
59838
108968
74690
44753
43451
113170
32033
31979
50239
55068
94464
34025
70047
77914
103438
64835
31413
58358
88282
90448
49227
82255
47605
91531
68236
59662
107095
62210
78656
71626
112258
95952
93964
96223
96537
31524
88886
104628
91236
71587
96484
76320
86509
102966
28597
94442
42878
91380
103481
46266
97183
110689
32161
26016
40518
101030
45158
105697
93857
69301
51990
75569
107386
66157
72500
58357
48542
66631
100983
105890
69654
101807
79301
99729
112388
106095
36097
91885
58605
88788
67958
43486
40795
62801
60327
48316
74520
100612
112678
85611
45228
66650
52838
93652
111773
65472
70857
56473
60183
44022
39484
76191
42466
62108
66771
75545
71197
44074
105343
66085
50664
45977
100309
37267
85546
89083
36531
107766
69612
49509
104048
51036
70677
95602
26611
75408
98231
87604
74430
52871
38894
31653
66228
49431
90197
66888
64898
102045
107043
33740
66543
35996
90607
37319
103579
81679
93639
78434
75689
19596
104402
37004
75248
86953
68883
58806
106691
65910
93860
56504
65192
88753
50750
32764
92755
45180
87906
77676
101048
47408
62450
45936
75337
85531
41140
107952
72366
87231
77880
56392
56078
112041
98889
52231
109286
61036
93370
27397
57349
88935
61780
102232
68445
46084
49738
97929
113402
70948
88005
94769
41047
105131
33992
55636
83576
77843
73371
34873
76672
70519
93320
100332
58822
28528
62284
79749
61963
108179
36071
111438
30751
106986
85256
79873
78937
93381
90354
49588
100632
72228
112563
98054
88071
41825
74235
94952
33508
62043
97433
89289
50003
106672
69596
103023
81344
106666
57577
65978
33611
76074
33688
93653
65831
67634
105184
91777
109095
75596
110700
31656
38437
50831
113424
65358
24432
91655
94964
68141
54654
78816
109597
63437
97962
111137
104624
97766
97038
86538
70516
69809
96389
112321
95647
110510
78139
47376
112785
29429
90077
58234
28617
93613
45473
56412
88921
87061
38790
80776
64531
78732
32086
56441
87681
77148
81517
28295
60740
100829
52757
55287
113534
89532
130085
47145
74328
112092
38506
39137
37385
54499
37017
86036
111400
106457
58366
33661
149920
83911
111981
68889
42798
110669
62117
66753
28567
78106
72671
93128
71456
85046
57057
96275
76667
109845
98103
79494
46476
72391
88471
56486
41556
97363
59807
40414
111725
101901
72528
109346
77764
62946
40728
53985
94284
72576
90373
33063
109509
38113
36893
57846
78789
45357
97155
91060
106920
53159
33570
61432
113960
42063
97473
24503
105291
107874
101678
18953
78003
71980
109283
42458
14036
16073
41736
94176
89417
76512
92912
101689
74106
95225
33662
100981
47597
112651
101366
56128
35058
89230
31650
28123
77041
42147
64279
33174
57077
67878
113977
91104
110897
82015
88493
34225
41459
82038
56421
49330
103479
57495
109069
33787
84948
93246
106556
89091
110577
76457
90518
38605
76901
97898
78524
44933
46668
32543
49997
83548
61574
62190
71589
92496
62392
72345
59149
65622
67022
36924
79343
31763
74011
84990
28366
106189
141697
44312
44291
93649
83461
109637
41172
88655
92797
70000
108688
93343
60694
39540
56104
90039
81213
67343
36825
31992
113276
110044
107651
71448
106903
86374
98256
44596
32686
86526
77158
103460
28791
56095
63152
41791
60637
46771
61211
41823
47120
85785
102594
90720
62507
42540
104634
64572
76005
90329
66331
32292
111163
96360
77317
25989
78595
35788
87386
41933
55626
76782
61973
59834
107819
107872
67464
59671
32744
94172
66236
90577
102044
104724
59729
107785
64731
31889
66959
86085
109158
35659
78887
41342
80011
35953
94606
54260
45476
24430
35965
71005
103761
64292
100521
59450
42148
24131
57069
74475
50743
33637
35320
54709
32221
91065
81532
64113
66306
77106
54536
110337
73168
45179
46053
79982
74333
87548
94900
51602
35132
77638
64039
70219
72952
81859
32733
87509
92206
70267
36211
40234
98460
92004
79645
54387
37941
68093
72395
43359
50832
72704
112067
89940
74135
101147
72916
63282
97419
73589
60569
105792
38727
84446
41064
77660
86976
28354
54075
86985
81040
86862
72393
39518
44499
68548
34920
68628
62428
107247
54533
78396
136314
62631
52005
79075
102473
67356
49999
86619
21525
62185
81210
59183
98144
64192
65996
34858
80751
105307
80187
41404
99741
104135
61871
108407
37315
89111
31657
76764
77800
68779
110185
72431
70737
89849
101161
60462
70370
54254
59350
31476
87787
55059
82739
88140
55160
58174
96196
81309
36070
51594
64202
113237
45466
85370
102267
108665
39739
85498
14930
74376
97716
85255
86236
92296
27826
39726
92487
90199
93830
40891
93301
26114
113969
92494
96440
53993
36929
75766
84489
105082
53756
69189
99389
83033
84978
29001
59157
60003
56018
102731
91847
49394
112054
76908
80569
64472
106494
36067
113796
39734
65191
50655
41171
76873
84819
38088
63274
80783
111335
104547
112674
72241
79588
96530
90521
113884
77441
70693
81581
66887
97940
78109
42537
105989
88738
57893
41821
31646
39026
68901
58242
80120
49913
53874
55469
54368
85240
33660
77277
82469
103260
52932
32168
95294
32063
114066
32738
91554
71761
92799
81607
51190
110557
69118
77809
90169
74847
60171
113394
41944
49547
51682
34703
66668
99996
53115
66034
92300
69970
35134
61872
32885
93994
53984
96801
69841
104441
33520
105797
86235
90581
100333
108424
82381
64367
49171
72305
92728
111985
82964
65309
47698
65475
110273
65914
112828
99973
58637
70101
45763
56718
45987
40646
72947
59299
33909
87916
66977
81707
110411
87998
73910
54628
85121
39697
41589
86616
92547
105677
68458
42879
112937
52794
46586
64970
36412
48912
47036
49137
107949
76624
63459
106099
114048
105575
75118
81270
93602
38082
97151
79342
110054
49828
72005
101893
29210
52003
111100
88411
60770
103072
108223
78933
86995
30810
112295
61272
87894
70398
95210
93552
55242
26832
40754
85457
88923
90600
90203
91586
62999
41394
71927
33786
77312
62992
54479
53960
86725
112384
80714
66115
56296
97691
54334
79419
71755
98961
97410
98514
81611
66245
105926
51960
73915
63009
75728
108590
104641
65853
66773
45859
50025
99966
42120
80156
98265
31354
59693
40087
57067
45392
90612
101277
32330
41502
66310
58121
76781
38018
67335
94710
82727
104694
74798
114147
109715
29667
93640
44320
59093
110031
85676
86277
96822
46867
80710
49166
113793
37609
63362
21950
88102
87512
45799
102916
105241
107875
93908
62447
48908
40362
49209
109155
113863
84220
101811
60222
85860
33376
94715
73748
111907
97629
47451
110450
101825
109976
85497
63778
87079
32160
61700
78155
32768
94877
71042
51897
108092
55830
84542
61825
55438
60381
105333
113955
106936
81209
36399
86061
28324
80941
57815
48973
108327
111267
23226
43590
83530
70561
70828
71917
30184
49586
77036
97241
74378
112544
113857
102557
53745
105035
16405
57366
87097
93859
108145
63780
73548
54020
90615
81068
36836
49643
95008
90429
41906
28618
69587
85787
92273
65719
101922
112760
83077
113392
42100
48222
80047
93339
106584
111306
85058
102840
52703
76125
58543
49558
84424
91607
72873
112688
98390
71334
43319
82904
34309
82954
108695
109326
104652
104991
41869
96658
103040
69229
111962
28821
95005
38167
103545
111004
110333
71320
51229
35075
69762
34655
65852
64405
78703
43615
65069
110968
47177
61602
31563
93882
76103
58514
89124
41322
65635
48837
82396
45793
48641
37528
92068
76891
113399
66472
101765
55777
111499
54582
58254
59649
85228
72003
105032
56527
101112
61190
91297
51098
59364
80539
91226
67387
98030
26113
106713
38736
103180
64902
103045
24128
53505
73151
102433
32934
30221
38723
90565
90165
69124
109174
81254
39620
76354
85199
69751
88592
95118
101588
31308
56596
63705
111923
27866
102476
41260
64129
101413
45589
88766
34111
48512
87504
25293
89753
77988
48747
54864
105960
55729
113009
43243
30813
82043
48007
79538
41053
102955
32555
102979
72322
52741
100578
73751
48108
69589
45181
106054
51650
64822
84836
25842
93341
84007
56033
103983
92348
95653
110005
93408
79632
68014
63794
78192
90213
78005
45846
94850
74310
86262
59106
77789
87831
42874
64238
90555
57566
53260
60754
33249
34362
83155
83642
87058
65850
111404
43708
68425
78759
53120
106797
102867
67242
78974
102883
105643
97469
51165
47710
96856
71919
52130
58446
98040
78056
110555
113278
99012
58747
86675
113023
66265
100527
119964
104164
72581
97180
99697
92211
29929
66847
87890
112757
81682
25990
59038
107228
33120
61067
106980
74908
110691
113041
67675
32728
108740
98395
46405
70882
41400
72625
88991
112820
57005
64826
56099
67176
86809
112692
56840
40533
65611
69778
113325
71663
60252
58052
80503
70546
111680
61355
99445
89737
31502
58585
48018
41223
69842
67405
100160
79286
70171
90207
105492
51170
72953
92984
109143
113072
56013
109060
61303
76247
106665
112675
106248
105482
83873
112728
87534
54049
64434
30782
101843
102532
59501
80505
83720
73246
74544
96088
44466
40832
47937
34166
26971
76543
44680
71474
73174
60834
63083
6670
43453
75561
45995
96884
83080
110050
34492
49167
74374
31140
40899
87840
49108
107048
57996
81101
107334
83804
59217
33969
57397
72758
20455
91240
15525
70391
100128
97192
56853
767
107918
107131
86656
103534
73057
33321
99045
113760
93784
110866
78734
84505
75546
75598
85879
40572
50173
37655
96273
93168
105809
102809
55766
38161
73817
26458
48784
89685
42246
73760
135463
88239
52969
56094
60378
47893
36264
80519
78769
73249
50919
89127
93404
94968
77688
107420
105463
33970
69437
72534
75600
50848
52506
70964
53501
75308
106919
29746
76556
70945
70522
70984
72838
42760
70178
35754
48510
74150
92513
94325
105103
88747
72057
93019
60615
112180
104395
61908
100268
71012
85547
103223
93508
35997
77917
65141
103401
79246
62774
67171
54605
70432
99853
46029
113524
100468
70537
75916
113373
46965
84202
92025
58216
110485
110918
79838
52239
39953
99987
103099
77712
98996
50916
112496
112151
103856
31717
76284
110724
43232
33438
50911
85791
60558
109123
81212
60577
39236
78456
111041
100034
94862
105882
106375
84283
92776
84502
95074
33208
57282
29171
82046
56999
69789
53641
60265
75691
44936
93130
52234
75259
96274
42188
28859
83413
104328
98888
45992
37945
47067
67673
100675
57891
53626
106720
48451
79316
45262
79082
43070
47487
44234
89888
107344
72583
69191
110381
73270
90281
82275
63107
62791
32093
52028
87409
88371
43683
71389
46602
85719
75841
46917
50021
62099
76906
34305
81221
94424
77303
60484
68803
107657
62951
83864
63225
81895
70759
72925
72017
91043
43639
57932
85336
111403
62585
108920
114007
98879
96354
5288
44599
111817
84740
98566
69383
109516
93841
95346
99749
52994
33855
104726
94549
112769
113407
101163
85736
28780
38861
85317
77715
77757
40749
66867
70368
95890
78803
53720
105509
45075
61777
37641
31546
75646
108458
91483
46438
49737
36239
51283
92506
38913
61065
98580
29690
78521
104715
76367
86508
50026
72577
48154
86024
40897
54012
75515
94760
111049
83069
52503
93054
86008
41497
75297
120357
111918
66999
90629
70741
90032
109434
91886
59524
104313
111050
29820
112444
102213
80290
45820
92627
68859
108672
84995
71791
60574
99080
84211
70899
106886
61721
35819
71603
90396
92255
92709
104627
74237
91014
100572
56569
83682
89430
99515
87650
110419
70263
112971
65241
60903
41083
98009
94111
64510
94622
56447
42088
146799
42303
42712
76948
109297
74665
102623
89307
31023
88940
61110
98375
102958
99532
74476
71111
63290
73740
103137
76081
45361
100429
99041
49006
75769
73840
93214
91774
102266
72622
107927
53759
47503
98698
95121
37137
104742
54212
75451
40365
68573
75274
65628
107518
88166
94889
50088
91015
86536
37022
106426
104962
73771
34173
65023
100417
44478
105290
109163
109592
139030
62444
61720
70835
69976
114018
35612
57959
99446
64446
73139
63874
50393
92141
39373
60071
66323
66889
61571
41601
29626
85675
33522
110407
80504
92466
79789
94219
111858
63632
59256
34910
61675
78087
50140
56522
89077
91180
41804
65631
111681
112242
77987
40652
42553
58351
113508
82014
99905
54751
41458
43559
73354
56419
46889
77944
60013
82361
99202
80092
31575
36246
52509
53442
57749
72299
57730
55330
76970
72211
36978
104394
102207
99538
41623
72842
112658
52486
52232
87761
65233
45687
32558
111307
62208
87510
151608
68204
53552
42555
73166
69760
29992
53156
39003
71082
101433
20457
31030
95637
63461
105979
55324
34712
112194
29495
34307
30268
42796
94358
55768
99588
61032
97206
89064
69214
88313
69359
35992
108754
105637
32443
91219
37142
83577
62454
94469
60235
90689
83655
95765
75006
95304
93836
98842
100637
108696
104612
87841
35618
95777
84281
68985
107576
107463
76846
41139
56868
61281
83377
107448
59721
84210
90933
93269
43794
66622
66951
86544
86816
74925
78825
84039
60673
86654
72025
79349
103808
92500
76889
93504
59926
89851
43674
58471
72713
97928
62893
58160
41038
61039
90087
71401
58882
63492
65419
78107
79361
112209
97211
77563
68142
106712
72504
46185
55506
98679
113970
94725
84624
68400
64578
59140
65099
98337
112855
76623
41829
97822
93701
67916
96477
112819
109738
48128
72013
86524
108839
95331
106676
67232
64558
91959
108367
78356
32347
74484
90921
101838
82592
40705
40896
76420
92099
56440
69840
60648
55904
105092
62566
56523
101759
74663
28616
73094
83476
112283
103080
97887
77127
31346
105608
52911
63003
32040
44792
59940
66238
68288
112762
103631
112702
81232
88387
88698
59732
66021
89328
98712
20749
46030
50749
75512
82910
78885
38998
49378
102306
67438
83421
37662
32704
90068
45448
94994
48011
13869
56050
109218
55547
55744
52874
32939
54018
38872
98678
76003
80084
105634
97413
37763
111605
62545
67237
111754
26230
97611
98411
78883
105683
99092
45547
83472
87452
85288
63087
45608
32082
113669
95043
42502
109270
99731
31823
66604
107304
108328
113929
36700
102851
31455
87747
38647
62175
94570
64233
31040
54843
79223
64601
45147
100307
62288
64899
98425
15882
60679
78055
99644
59005
113312
113765
77092
92966
31812
81450
85227
60976
78710
111758
71112
84949
91299
55156
55011
32992
55409
76706
101103
58545
107424
102194
76844
89537
59679
60921
51647
61423
88523
52143
55798
107388
71403
63706
72630
77009
54787
34044
73673
44808
37030
42787
67097
104158
73089
46155
47465
84444
109821
60862
112434
98050
50715
92359
48486
109971
90953
109642
21443
112962
106417
74028
74909
93925
110298
109534
44433
64540
57196
56769
97478
92450
76504
80843
28382
98667
109343
61781
46059
93380
104576
80095
33809
60463
63057
52754
100745
36304
98410
64541
80287
64634
48121
53646
85048
98936
55635
33301
37903
90745
34874
35462
58615
113749
55550
77787
63294
70880
41403
38086
33837
55326
107114
111030
57178
60494
28484
75182
33359
106211
38344
56996
29071
55802
78219
29501
96218
39976
99154
50857
88755
82598
98495
98658
99168
59304
28500
80025
50176
59205
54435
55541
89414
32203
81952
36050
95788
47124
82801
31645
36623
59400
40447
74146
44559
55574
89621
91317
69813
86649
54043
62270
80094
44128
54761
31888
102065
113319
27127
92369
85886
84585
104953
94965
80995
46538
112950
108693
106659
72662
80708
65967
56023
59648
108680
30137
58008
39013
68848
109490
40357
86244
40579
90135
82051
47580
41817
70032
69948
88491
112298
38994
37741
51733
97454
107916
87466
71353
100565
34405
16810
73624
88741
61435
81508
54103
39981
78647
40389
30541
110527
96970
48669
81502
104013
46578
52552
71506
99757
97340
83408
54370
112672
77879
108893
66373
46902
55290
47488
57431
50091
53167
40183
95209
90025
97411
35210
97149
100461
32349
2988
72082
48301
111378
42187
59448
102378
61622
69604
91053
31042
80502
66706
82290
60735
95704
47834
65505
75731
25700
60522
65674
41238
32672
61968
72725
96947
108748
50022
83422
103165
73558
88699
75273
54884
80271
95800
50430
89534
65661
113864
38493
80396
57580
53225
87772
89397
102555
109323
40766
83865
62320
50425
41827
66063
88495
83180
65679
32193
35921
113791
77253
51607
108200
80784
54995
104047
29499
103133
88318
50677
83771
45843
35202
59966
49713
52156
86813
66632
101318
96357
65704
35234
47325
39581
64539
61970
45390
93305
85319
68902
100822
68872
107333
102740
104161
77257
99698
47445
51721
45356
69344
79345
87517
46453
104496
108450
58146
33861
72268
32194
106188
59497
32936
67409
32106
45994
87535
90330
104419
72701
90530
37375
86914
82197
25458
53692
112050
31022
59434
104232
100771
93906
45283
104174
45534
61448
97597
96193
64317
83043
93059
113343
59133
32743
68491
70692
82372
30258
57082
62572
57659
101049
64640
91296
42360
30233
53741
30008
48015
87696
101684
45138
60307
90045
78898
102787
80555
42199
41873
97842
78858
58958
101738
43072
99027
60918
39163
45515
111111
84621
38077
67024
85105
110218
91960
79545
29525
36303
80487
64810
82584
40360
53477
80102
32664
74995
100502
57972
105748
80775
68555
46245
53147
38194
39570
107143
57395
101512
93126
50716
65073
98354
37883
69224
78117
77414
32926
69355
62944
106822
72509
65700
44203
82535
66148
80410
78476
32164
113453
109829
50653
81993
78539
54624
81698
91052
67928
97417
47017
69470
70842
62422
41739
96345
36269
54076
99043
56700
32318
28455
79772
113689
41494
35830
107516
80509
50111
79679
37475
75271
81559
52590
71768
108129
61580
85358
59330
51317
45383
87156
73536
70034
109965
52461
86589
80386
96331
112363
35510
63840
34121
55881
76671
52756
104870
36877
63998
56683
110300
70730
42180
114019
77895
113936
72348
105031
43349
107307
44543
92835
84122
94462
70080
99026
33071
93275
111508
65322
100154
70760
107978
78773
104896
80105
97275
86224
41309
86950
42189
82482
45942
89816
62448
65136
76836
111822
28241
54253
108421
91515
43500
64901
98183
88323
65759
81030
101906
48109
105001
100254
68896
49757
90206
102561
84317
111370
104467
38250
37020
31791
94290
89545
73606
45993
47289
102393
73702
47165
109474
33554
113535
85115
29413
81920
75317
113592
43203
97101
44085
66141
47204
45621
98043
43171
48026
62352
86676
103792
29821
60297
38348
58515
71766
52993
105807
64312
59919
57800
113412
87795
38885
60271
65836
113467
23328
70239
69754
77157
82939
81808
106379
41780
63605
43326
59650
36114
65975
53743
88615
58440
42365
76657
107045
60980
53672
41529
33512
67053
91383
94904
67638
89745
55940
39081
99270
90221
54936
92495
45947
93995
62589
63065
40493
98683
109204
85430
56503
87524
79400
36299
113725
80185
108942
83561
103087
51022
79195
37324
93483
41189
39978
66492
66098
72634
94288
38302
41867
100522
60278
37364
38791
107110
91582
100458
49744
47185
113998
104649
109230
65636
41069
112280
59405
78976
58396
64155
89019
73686
58664
47482
53247
90141
30386
56535
49502
76681
49170
34057
67804
73620
60008
83838
44212
91088
73119
111026
66957
57376
98153
102224
113036
91032
30467
97242
93920
69873
109347
112437
68685
67443
103857
53265
65786
83081
45400
65525
84517
53725
68068
53849
64136
113284
93993
103296
72341
110874
106597
88326
80603
34359
48518
111010
98481
