89141
54231
136920
100305
112329
51531
93383
108516
59797
113080
52008
72250
76577
6803
109567
72710
63486
99964
40220
81764
89683
78610
60835
51643
91623
106296
53977
42768
83345
60006
46401
56546
105876
112532
82178
85314
45705
53522
90671
91812
32737
81899
77194
89575
55529
42554
96800
71338
23224
54316
49826
88139
44931
38891
47448
48019
60902
72698
63275
44302
78265
98694
48690
107119
108254
64504
100794
88068
42799
79300
38337
34925
83652
56261
46534
89095
51014
106945
81366
94474
34361
101385
50829
110313
112650
41484
60121
104171
68983
55118
100812
72344
45387
55329
75902
92905
73294
58809
109384
67479
80773
92670
74993
33704
91810
72966
32451
55398
56659
83647
43323
33354
67883
56131
105023
53122
70507
98826
75014
83195
92894
93918
99833
53049
52830
59970
49451
80540
29428
57929
111821
57978
97498
77054
70483
37321
58286
60440
43863
107962
43071
66774
33323
63215
43066
59933
55860
98773
530
88314
91532
103727
91443
90347
112192
54032
50658
76322
44592
57394
26096
50686
92102
88408
107593
66467
48438
35228
79040
42179
60738
56119
66956
58622
109847
103478
95435
91846
40834
77876
112625
58412
79790
94006
113401
58207
107165
113366
30675
35160
80149
84000
92216
107649
30872
113768
44470
91177
53973
60616
72483
77981
25620
68199
87492
90979
64034
83518
31651
103495
107268
52801
50355
91189
72831
65637
30273
30587
35007
41626
93773
68716
69472
84103
46604
89319
77096
76537
33351
105781
110474
66297
45200
58337
45152
45536
106238
28458
70225
103625
79454
68295
81512
33741
82001
82333
105646
80992
96277
76368
42965
32603
98805
113405
57437
62351
86610
97435
34969
15342
81507
113746
58812
46407
97051
111231
82079
58158
58359
79462
105815
69377
87746
100542
83339
73605
101938
35631
69615
100238
63759
31292
30182
56544
33216
33200
72400
26512
58993
69116
50113
89707
90331
59420
46866
102887
43502
68087
104895
76621
67567
52268
36420
95784
73601
77808
36630
6796
92834
113174
45156
79993
34050
97012
70170
72059
47609
57340
72104
47914
107837
53594
59696
88219
112661
83564
98082
75737
49154
63858
54672
101958
81692
25017
100024
72193
99842
43849
58291
39258
69777
76272
93376
29705
96819
83965
106090
87137
39687
58360
30563
69365
47802
106979
57809
113757
89818
33406
69279
81252
45711
47964
29312
90356
113282
39562
68838
109443
52968
92961
108201
114132
111465
99142
38178
62277
29332
59396
81624
32615
106995
106466
58173
111230
59471
103543
92125
82728
82427
31574
85278
56098
45838
100386
96153
42551
104609
44590
34982
36720
97154
32946
56641
106346
56564
90718
39826
109565
74800
18034
57612
107168
70753
69752
96404
108266
44326
73383
42765
58802
58269
37640
89763
74981
112902
63758
61947
108454
91026
45755
55751
58754
55727
43607
80114
104438
35528
67425
103053
82007
111268
103029
88847
103374
92022
39961
80346
102841
113181
55187
73412
36876
58430
92620
102939
96784
63834
90749
48177
40282
68675
59451
39746
89020
49151
84480
51027
71606
92817
53396
45148
112627
112514
76501
45470
48959
51995
80811
41395
70475
50084
78408
34706
73674
54110
99347
70786
31892
34331
56667
97418
105443
55169
99315
74156
86123
45988
101597
109277
61782
86559
93689
101552
94074
31814
99915
78104
55643
104542
90357
71337
14707
101126
81222
36194
108542
61269
68420
65964
83490
65892
12146
85967
44317
73069
102641
80254
105578
99266
95406
91853
113623
52916
98001
92145
87790
86637
46379
46165
57516
57070
34124
107860
72401
58311
33664
89967
62441
72430
93232
92440
103138
97888
60060
109517
77822
113087
97065
57361
92544
61815
36063
49920
40645
41483
108685
64439
112648
50676
113038
34902
96529
85053
60496
68120
109175
99899
62298
57990
35981
111056
88167
45265
105638
48466
98242
57505
59329
56624
66362
28235
14790
90166
71834
86557
104646
85570
70058
71211
99513
28863
113498
36988
104647
108386
99177
107706
48727
91362
103840
97823
100039
112133
56698
83944
61585
54436
96328
65176
101333
71133
92857
47492
84864
57988
99313
59081
47026
70455
37300
31684
92295
63601
80994
86018
27179
73657
55051
36021
51663
61558
90136
38270
105204
33288
54232
104358
104885
53544
61078
29730
83650
78783
34019
54247
75403
65421
66669
100257
46643
44752
96221
70740
38521
56669
57931
27671
70973
62097
60300
90209
110804
53633
88732
37935
30275
77203
73655
85918
96227
40583
38218
69030
86477
17033
102420
89147
74055
79750
98212
67121
112770
29336
63869
98753
53263
109477
72654
68719
87059
81903
111289
54785
110962
74832
44983
112176
40316
101824
45602
55883
68894
112696
113658
49146
105905
78533
65725
26920
55007
65778
113420
28887
45161
106854
89724
51528
53179
113251
84867
63055
35860
69133
104871
88057
106928
89343
60810
61581
111930
62009
69102
53850
53417
33758
88014
40571
83486
31367
67061
66894
104165
33123
70949
30729
83567
95690
91184
79998
95855
44264
113932
92557
51394
65705
40411
40512
80924
79591
49984
97262
44394
98564
38917
94776
86563
80786
83562
113199
29369
44014
56286
55266
49068
82627
107690
26019
71154
32159
67637
97830
66345
111748
57473
96401
35052
111797
98349
112482
37489
63103
112038
40513
107475
86916
44356
106823
86652
59890
112367
51684
69366
111476
90831
61010
54352
72726
53089
47309
46774
83587
93373
66504
67076
98894
32494
64837
40638
85409
104471
93662
74125
85476
76327
55418
66324
65948
46411
108886
52103
33121
102440
102810
96509
87726
113659
53211
50895
84108
66610
108252
32405
66160
42992
53733
101062
80481
102587
100699
75527
98520
76336
55474
113368
69932
60968
67079
71641
33366
105692
71205
98835
52939
63088
60792
58171
42864
52131
53788
109080
86460
106411
42558
74029
56746
41854
82714
74486
78968
46561
89778
107604
103130
56737
87233
105137
72248
112420
87196
62212
61701
46570
84215
81640
57294
63059
63185
70003
56483
42913
106899
72293
68855
80578
51845
62041
58011
68919
32864
58535
57353
63006
78474
102481
59677
91215
36161
52609
98752
56872
67340
111031
62302
83731
53447
82097
84318
60036
50310
59818
62506
77429
80839
46038
60224
107337
46076
95859
53716
93299
72355
39277
92471
99638
97510
33687
64449
77649
63086
19420
56873
90936
54432
37486
98794
111187
62385
111870
101258
67619
38146
65634
38844
47233
112200
71796
113690
37331
59426
53123
43715
83273
53174
47892
26638
95741
75727
114057
55369
90826
99601
80785
56015
81718
77516
91055
93451
88825
78765
95997
91650
111278
49160
50318
109388
78385
13891
49607
66790
112554
48650
71605
74991
94705
69585
79390
46265
101432
39400
56173
104917
26863
89293
82155
81750
83201
53170
103664
111671
112250
63298
74705
78130
84862
44078
53461
64190
86562
39372
45870
43614
60593
51718
29294
101769
82384
43398
73368
102673
113941
114135
48761
87190
103867
30385
111467
55046
55294
37885
75552
110977
86309
57614
77546
100278
108422
38062
88658
48173
94431
86548
45531
42877
82949
87909
97927
88830
64440
113582
36088
35692
94838
81807
44703
59808
58120
55435
48606
33223
88689
80928
97000
73376
100939
50995
48763
93388
107042
106818
65439
68625
69479
109129
105263
47659
101169
109891
81919
33628
58262
103931
98703
39020
31579
38434
53872
103055
49609
68630
95097
32796
53136
85876
80130
101483
90613
72136
97694
65787
58517
91668
90567
53884
98074
51188
44785
80302
72117
54518
60730
81637
93922
59666
44964
60775
47581
104906
113590
80311
54121
66914
46967
82901
50077
52157
61932
99944
107784
111319
55436
67859
67808
44973
33178
49535
68307
62111
113747
67617
79198
95338
109909
34007
52929
109213
43499
86550
58483
68225
56004
46018
83779
78824
26314
33719
82673
105269
47118
101124
77533
42806
9568
109851
39523
39022
95438
84345
60772
45703
100806
99595
76380
76583
112370
69109
88938
110147
69010
91063
95926
53218
77878
52462
74859
107015
46105
25419
41190
66982
83654
98076
87252
85811
88122
38676
61615
56521
63745
86090
103491
44899
98914
104151
106532
70264
30748
70404
63654
84552
88612
103332
65624
105946
101131
111712
91550
37707
104127
69590
94192
65884
32162
68674
55867
64713
66039
79595
38774
93592
79386
61113
94747
72960
57868
41399
88137
46323
45710
65946
107564
48676
30274
39395
73392
110486
77139
106495
51049
82024
59173
41339
99570
99042
45314
60105
26110
103508
41883
86166
93648
71114
65413
70018
29889
30938
80563
58220
54517
102628
108953
58241
97792
69295
81846
85373
75550
113077
108068
93010
47641
111526
104813
108453
89780
63051
56518
100425
31675
111381
68443
73351
48368
60722
28216
76009
36169
66300
99495
75247
83255
50262
90714
101937
92788
105190
64288
90216
91742
64974
93582
89055
42264
54037
106990
85284
78966
79469
69745
68007
34142
41622
72325
62304
71116
56563
66862
78313
28343
111197
86999
78834
59714
85231
57676
58951
59414
103697
30306
96344
34371
87507
96396
72548
47815
107258
54406
83311
110269
86255
56381
99548
96898
50337
43556
35834
64379
42682
72242
42089
77736
113830
73660
94897
51666
65840
98421
65887
49067
75080
85380
95129
41536
91748
66443
97286
89727
54655
84174
31358
94711
54543
110784
92954
93349
91594
110703
61392
44910
104196
35954
105480
95326
82649
77006
58075
