106106
51087
72381
71519
80093
80416
90523
70954
94562
63221
108392
87258
41499
113660
44586
63295
102286
40409
66833
107656
60970
58655
79261
92302
72558
94825
67058
111027
47751
101298
65086
77627
68289
42122
71785
105274
32548
56174
42990
79464
31060
86483
84432
43925
73916
35117
56594
96089
43367
52328
91021
80910
88484
59301
96563
55809
44798
60991
81410
67620
113923
50930
91191
93626
52326
69634
111273
102410
58330
92463
79315
70506
114072
57202
86822
36699
70349
68566
99540
51790
44036
98939
98664
54290
78881
82274
63816
32718
76142
69414
59838
91531
68236
103481
45158
72500
48316
76191
95602
66228
78434
30751
65358
78139
111400
88471
97363
40414
72528
77764
109509
101689
74106
44933
84990
109637
36825
59671
33637
77106
50832
72916
52005
39739
39726
92487
53756
41944
49171
92728
110273
65914
45763
87998
68458
49137
63459
105926
51960
49166
40362
111907
94877
106936
108145
71320
51229
35075
66472
56527
102433
90565
85199
45589
82043
106054
110005
42874
68425
67242
99012
29929
81682
108740
44466
107334
33969
75546
77917
100468
75916
52239
109123
95074
90281
81221
111403
114007
111918
100572
94622
61110
102958
102266
37137
54212
65628
88166
65023
70835
73139
39373
61571
85675
80504
94219
91180
57730
36978
41623
55324
37142
60235
35618
43794
97211
55506
113970
68400
72013
90921
48011
109218
55744
37763
99731
100307
84949
109971
109642
80843
80095
64634
33301
111030
91317
44128
90135
40389
95704
103165
87772
89397
102555
88495
83771
86813
93305
60307
102787
45515
110218
79545
39570
101512
32318
37475
75271
63840
72348
99026
43500
94290
47289
87795
60271
113467
82939
63065
79195
49170
57376
53849
