40153
93501
72456
41828
86475
60209
71963
88801
35725
112423
67603
57496
107573
40977
89088
26283
78074
51973
92903
55555
82006
82698
39023
57401
52546
43585
87521
108462
111753
38442
34901
97696
58767
52850
102416
81878
91368
68651
92456
72565
45016
78387
113839
111980
41229
113840
43079
78040
66902
61699
68301
78166
42252
102328
89468
33853
67423
58549
28105
98665
113283
60019
78978
35403
80997
72664
113826
34446
107963
103621
31456
71537
64377
111160
43711
110506
111880
110310
108656
76640
35985
46953
50027
33043
109870
57445
96501
94119
110365
47363
108521
85492
44581
102720
79186
105033
49778
86743
39390
65366
66599
59279
51835
99326
105288
89191
49195
24963
35216
70060
50174
75685
99794
50329
61730
54653
44453
81330
72069
43518
76963
108091
92493
51314
102068
105005
82959
105587
54099
111215
57467
94362
38728
29615
91016
78545
62539
38908
100159
74280
111227
113812
105091
32490
102197
63062
113788
105501
60790
89213
85379
89523
100089
56720
50216
86426
92180
87850
77564
80901
35949
86390
102870
114146
55686
93941
97774
100736
63549
102227
95199
56391
113663
61873
57776
58185
106357
96900
111524
107530
79155
24259
7311
111796
60725
64695
37213
77565
106649
95012
79815
99034
58707
87132
76670
87937
100252
75281
77821
71236
51646
93514
78008
84005
76892
21075
79879
38229
47035
29562
32268
48113
45268
94807
78423
57379
37317
34304
67880
111451
26693
95143
58151
66020
113902
86503
73962
79191
46054
35912
82567
54961
83189
88229
75532
62268
96187
90980
105267
87457
42752
97704
85311
75746
65331
84972
86778
22845
76971
31789
64081
60576
101180
43712
52027
97474
47593
92878
55746
33633
80797
77608
85286
58026
47249
40886
38484
80192
47634
29500
58584
77738
106538
68717
66368
111696
101101
90379
60708
88370
56794
81179
91749
54040
101525
32030
65612
49444
35721
85265
48704
78736
66770
49471
113832
87885
58144
23092
90086
76900
55322
106780
71122
57731
45732
81129
48239
93411
76001
111316
53213
100647
104706
85718
77669
45423
77916
94837
51475
36903
67873
60548
81427
66416
38286
73884
90579
62310
68098
70703
67099
74488
49256
79524
107958
102069
61868
46836
67147
88597
54090
103073
69811
24266
28315
47764
58496
95697
28219
91064
78388
92142
105469
80809
84578
86919
69973
54861
67894
110715
58604
99163
27782
78963
45593
59612
25822
83464
40731
30477
112695
98490
106010
83891
67836
110610
33958
42862
87309
26263
99596
81394
67879
79116
31607
48275
94277
70107
100537
59624
100862
27744
34814
106874
97353
108036
60099
89169
71142
32547
104117
77858
82560
54542
110720
69129
32627
35932
51416
78528
85446
86878
105493
103672
43498
67074
56474
52452
89146
76840
109529
78218
43819
79499
108640
94020
105990
113851
107550
102833
52833
88268
35493
89375
42616
107866
38916
89708
53621
48111
107779
105323
87065
42773
48645
73413
88662
62418
40535
88381
44501
50746
82903
111399
77378
77440
98840
69591
39187
41904
112130
34592
64369
33365
68784
61732
47886
51699
69975
82394
74830
91514
80770
63635
63356
60947
98060
94244
99971
62146
62333
93969
45289
64006
32710
101583
38784
106800
111498
34914
45270
98890
41102
94901
24782
75795
73175
101605
30271
90825
43604
71439
111567
83578
76915
85612
62939
43419
32423
91669
48627
65598
71576
33391
98107
87865
38691
69646
113076
50398
75243
31182
94295
38881
72303
80182
88478
67229
50244
87262
94989
59445
35822
78973
47754
94430
105889
62607
60305
57347
106295
108423
102912
96952
75729
62875
89584
80678
59559
50866
109562
69328
32344
85781
59224
53404
37470
100382
106032
90869
67891
81231
55854
97685
77536
100029
92900
29174
20516
55393
47132
76004
32791
56793
80580
82009
41511
36875
90794
83520
81558
57772
82854
62754
49009
58353
88317
25679
82175
100204
66930
111502
108687
63828
60769
86307
37209
111968
70883
36089
95017
44664
92801
29785
95895
113856
108867
106006
84254
69892
46881
90777
35977
59053
44256
95167
44174
84018
53625
104159
56031
82276
60433
73961
99506
48472
96478
20703
33207
37639
40382
90440
104121
73651
74408
87390
73614
103521
106925
66649
60236
55185
91003
73988
88816
83246
104045
53664
85209
100040
8856
92540
51999
69546
82268
38120
43333
69131
81955
26262
92756
68448
113991
97191
75016
91036
103059
38644
44325
94081
102265
51614
70077
59349
89363
84506
107085
72306
98356
73432
96278
28176
78879
62057
41624
66507
57247
39359
97673
29427
137950
100339
79995
86842
46600
46617
83941
69635
52837
80204
99651
66457
109599
110109
75057
112025
110500
52700
112325
63897
95264
30220
80925
100192
44154
107389
56065
75810
59449
102858
113637
55810
95703
97461
35076
75753
101970
109549
49215
51933
44331
64909
74021
45171
114152
43204
47622
64411
54022
35305
61365
110092
79105
42247
33065
82287
89058
50839
43340
84523
113581
64426
77978
59437
57305
43252
88312
104257
51217
59850
67067
75001
33793
103347
40753
34170
53959
95399
87853
30234
19343
70322
100816
74050
53227
79859
77933
52739
103969
51186
33234
48718
58861
42512
33130
92316
110530
34735
55390
30455
45103
100246
77198
112004
81037
83584
102917
54278
65084
48868
56157
84255
58235
40961
60038
57409
83850
45778
72123
113639
50898
81646
41143
90459
111646
59114
69843
85802
53856
85760
100914
108795
84105
67896
39569
66056
95293
81986
59628
96705
33357
80188
58828
36606
76297
35389
95964
64199
53611
50721
56091
106739
97436
78819
46434
48483
52643
35411
30631
95394
92957
41688
47864
72685
79369
46151
41135
60699
110956
84586
64415
87529
92326
62931
47143
69182
49877
79108
73537
83649
88356
98621
72971
17404
90062
56122
85778
61728
89936
81061
40397
47726
71113
94809
41332
63344
109290
104205
99275
36617
61321
109848
35847
28746
93379
33102
59418
74900
48226
64517
37323
89611
75980
54445
56485
88526
62024
68615
78831
35787
108887
67055
113968
98891
44294
112347
108636
54214
98299
80498
108460
98415
46633
63539
65701
72549
38334
98838
33614
46294
100831
76443
41218
64059
72531
78757
113057
95603
105737
72682
97860
60812
84718
45136
84053
72324
32433
56664
108742
86531
56739
57974
31073
52604
82953
108468
57436
96941
105742
78977
66475
32669
27081
68898
63813
62440
27126
108709
35512
40058
89378
50926
111984
143865
30800
110220
93547
71130
61881
111102
41879
80056
39361
93338
61085
102529
76440
112071
34870
56017
12376
78088
84218
99684
42957
71618
62163
95711
55243
76881
74033
39000
111766
62236
50981
46708
100148
26594
104866
58843
93282
107350
12005
53618
82834
85078
43061
86552
56052
54802
65085
81693
78676
76751
28357
64969
95065
101589
63524
94113
85717
79848
104015
97682
50431
25108
67605
84117
89527
32174
75777
45630
103801
78338
64801
83734
77152
27180
87686
77902
109733
63836
97768
111790
58069
71581
102064
84244
92763
86957
34675
59584
66339
57126
33738
58539
64080
28719
68715
100793
32034
48095
34184
61600
97245
97844
61111
90401
59588
43738
82913
60254
81877
57063
64575
68088
66587
113808
89993
64183
54488
58631
56283
50668
81303
65354
70254
101961
80098
35258
108170
102228
89673
108766
100700
77689
58367
37649
96131
90208
45269
38078
36410
53607
48244
87907
58474
87788
38411
80060
60987
93569
70482
73238
55781
80845
70826
44741
100448
65550
73146
90057
85851
37423
66834
109717
102554
56618
59006
102638
71524
81675
99470
53146
49568
52207
75321
98513
50221
58333
45754
93724
76780
38847
61201
45241
111545
49733
29704
64950
95471
109124
58196
87070
86982
63494
92967
75299
40724
101018
42354
69568
91022
82228
55280
32039
109641
67437
68606
111920
74174
109712
96685
90022
102728
58854
113157
74934
24925
45056
102489
98714
83185
49937
36735
66679
102789
91387
100683
59916
101404
92781
45976
37015
65373
41670
26821
90227
72364
65995
30133
94966
80069
54198
41477
89761
67540
73178
64641
23599
35761
58487
23366
51285
63197
74650
36982
109023
34416
91187
30630
91924
104218
91568
92350
39554
69059
47915
65756
109501
67749
51582
98406
98224
76375
79599
33368
97867
88652
75786
93880
113730
62807
56191
79949
28667
27608
77500
91340
73909
44232
51876
30809
71959
37472
85232
48667
110865
112906
109594
103125
41262
99816
38101
