89474
98711
86281
87188
74653
135162
33717
100915
81091
76098
81137
109113
92157
53431
49245
91425
39018
92832
98325
87388
19979
61816
92710
100328
59452
39164
105010
58189
33304
101844
83583
73650
62188
31503
84650
29984
49386
64535
75764
77915
54998
29241
106714
45160
109600
86254
74884
39167
49857
108810
36349
113648
53410
82675
34896
91971
69410
75319
52111
23230
105581
70834
82005
100763
95810
105125
32059
24676
72539
104285
78536
32734
54750
107644
59894
70389
79511
99887
50690
56673
58007
38862
99967
70735
61794
47231
52129
58188
50724
66620
101317
72568
97054
107627
46244
102308
85384
107946
39387
111225
108445
108635
101490
99908
34006
70924
32665
35071
61551
83480
67245
108004
110253
49120
113338
44399
112077
55249
32436
56358
75079
78487
97665
98623
74628
36766
90941
40567
154444
107941
96000
74019
54216
99878
109100
89469
67177
93943
52999
103438
66650
62108
66085
45977
36531
87604
52871
102045
103579
112041
88005
112563
33508
57577
111137
97038
69809
80776
77148
86036
149920
72671
79494
40728
97155
105291
14036
16073
77041
110897
84948
76457
49997
60694
109158
41342
35953
81532
66306
72704
60569
28354
54075
67356
21525
62185
59350
27826
92494
36929
105082
49394
96530
110557
99996
93994
104441
87916
73910
92547
105677
105575
93552
88923
62992
99966
40087
109715
46867
45799
62447
81209
57815
43590
30184
48222
93339
71334
104991
103545
95118
56596
43243
41053
72322
45181
51650
84836
74310
59106
51165
112757
59038
57005
79286
101843
40832
63083
70391
100128
97192
86656
73760
105463
106919
70522
70984
112180
65141
103856
43232
87409
88371
43639
62585
45075
29690
120357
70899
71603
92255
64510
74476
73840
100417
56522
76970
53552
95637
55768
61032
66622
41038
112855
82592
76420
63003
66021
98712
82910
67438
56050
67237
45608
38647
64233
89537
37030
42787
61781
33809
63057
100745
37903
29071
89621
54043
62270
104953
65967
38994
97454
73624
46578
55290
90025
35210
47834
32672
83422
62320
108200
45843
64539
86914
45283
78898
99027
40360
100502
38194
32164
81993
97417
113689
42180
80105
65136
113412
43326
89745
92495
79400
41189
76681
60008
44212
65786
