89474
71115
110414
98711
86281
92131
111366
87188
34911
74653
135162
51648
33717
113640
100915
33894
98900
81091
76098
99069
23976
81137
92261
109113
66980
35348
72570
92157
53431
58293
49245
56294
52584
33897
79217
91425
39018
88711
34194
48867
92832
98325
51671
11730
99573
64222
89535
64591
144325
87388
123353
112730
101771
84225
88200
19979
136739
61816
92710
100328
59452
39164
38267
54384
105010
58189
86276
111251
33304
101844
83583
73650
27080
62188
31503
84650
109413
89129
99400
82663
29984
49386
64535
67647
106761
52502
106154
75764
77915
54998
29241
101482
101435
106714
45160
109600
109332
86254
74884
93759
39167
68410
63001
41049
49857
108810
47066
73221
113055
83586
36349
101899
113648
96234
53410
82675
34896
91971
69410
75319
85909
75355
95014
98762
79237
52111
23230
88585
105581
70834
82005
100763
58613
32751
95810
119138
105125
32059
50985
98106
54606
24676
72539
55935
104285
78536
32734
62727
54750
77955
96132
24160
103515
81357
94708
47379
107644
71617
43078
53507
62731
59894
70389
79511
99887
50690
56673
43692
58007
41599
47089
105113
45631
45242
38862
99967
109787
70735
61794
90792
50994
47231
84813
52129
58188
48053
50724
45856
66620
105428
103572
101317
44414
72568
97054
107627
51542
46244
102308
70078
85384
107946
39387
99702
82900
17877
111225
48546
86311
73747
108445
73323
56014
68522
42094
32560
108635
90547
101490
99908
34006
94429
90363
58169
92067
44269
101480
31051
58638
70924
96903
42215
23988
90054
60737
32665
41547
35071
61551
65513
83480
20224
108768
34822
95396
67245
108004
110253
62770
71446
60216
49120
119584
62719
113338
44399
112077
55249
111497
32436
56358
75079
78487
97665
52510
98623
74628
67375
26108
36766
90941
114126
106464
35988
32736
110489
40567
154444
36265
114477
107941
96000
74019
70985
61334
85035
104043
31457
61006
54216
99878
82610
85000
93905
82795
63196
104136
64410
32291
63359
109100
89469
67177
93943
64621
48489
50913
101654
52999
54330
70047
77914
103438
95952
71587
86509
28597
91380
32161
101030
66631
101807
99729
88788
66650
39484
62108
66085
45977
89083
36531
70677
87604
52871
102045
35996
103579
81679
75248
106691
87906
112041
98889
27397
46084
88005
41047
73371
70519
85256
112563
88071
33508
97433
69596
103023
106666
57577
76074
105184
54654
111137
97038
69809
47376
80776
77148
113534
89532
86036
149920
72671
79494
41556
40728
38113
78789
97155
106920
53159
105291
109283
14036
16073
47597
89230
31650
28123
77041
91104
110897
84948
93246
106556
76457
49997
62190
141697
44312
60694
67343
71448
76005
32292
76782
86085
109158
41342
35953
59450
57069
50743
81532
66306
94900
51602
70267
72704
112067
73589
60569
41064
28354
54075
39518
67356
21525
62185
59183
105307
31657
110185
101161
59350
27826
90199
113969
92494
36929
105082
83033
59157
49394
39734
65191
38088
96530
42537
58242
85240
110557
99996
93994
104441
82381
33909
87916
73910
92547
105677
42879
46586
48912
105575
75118
97151
29210
88411
93552
40754
88923
62992
75728
99966
80156
40087
41502
76781
109715
46867
45799
105241
93908
62447
94715
85497
32160
60381
81209
57815
43590
70828
30184
77036
16405
73548
95008
92273
48222
93339
91607
71334
104991
41869
103040
103545
82396
101112
53505
69124
95118
101588
56596
64129
87504
25293
43243
41053
72322
52741
45181
51650
84836
92348
74310
59106
83155
87058
43708
102883
51165
99697
66847
112757
59038
46405
57005
67176
56840
58585
79286
76247
83873
87534
101843
59501
40832
76543
63083
6670
57397
20455
70391
100128
97192
86656
33321
93784
102809
55766
73817
73760
80519
73249
93404
105463
52506
106919
70522
70984
88747
112180
85547
65141
67171
92025
103856
43232
60558
39236
33208
29171
96274
104328
89888
87409
88371
62099
34305
81895
43639
62585
96354
111817
78803
45075
29690
78521
83069
120357
90629
59524
68859
99080
70899
71603
92255
92709
94111
64510
146799
109297
89307
88940
74476
99041
73840
47503
98698
106426
100417
41601
79789
34910
61675
78087
56522
40652
113508
82014
46889
80092
52509
76970
52486
53552
42555
29992
95637
63461
55768
61032
105637
98842
108696
83377
66622
84039
43674
41038
59140
112855
93701
95331
64558
82592
76420
69840
60648
105608
63003
44792
66021
98712
82910
49378
67438
56050
32939
62545
67237
78883
105683
45608
38647
64233
98425
55409
89537
88523
107388
72630
37030
42787
60862
98050
48486
90953
76504
109343
61781
33809
63057
100745
37903
90745
34874
29071
78219
82598
80025
47124
40447
44559
89621
69813
54043
62270
84585
104953
106659
65967
108680
68848
70032
38994
51733
97454
73624
81502
46578
55290
90025
35210
48301
47834
25700
32672
108748
83422
89534
62320
77253
108200
29499
45843
64539
100822
58146
33861
72268
86914
93906
45283
64317
62572
78898
97842
99027
111111
29525
80487
40360
100502
38194
98354
82535
78476
32164
81993
97417
54076
113689
51317
80386
42180
114019
80105
65136
111822
102561
84317
38250
45621
113412
38885
106379
43326
107045
89745
39081
99270
92495
93995
79400
41189
72634
94288
65636
41069
76681
67804
60008
44212
69873
65786
103296
