58162
112210
106813
96748
113938
65990
90561
113071
80668
51157
43226
89937
90093
107552
63358
81922
40584
41118
113516
41918
85054
55032
33122
32798
90676
87216
28590
75986
44246
101081
91535
106951
80701
59506
96002
47769
85283
56687
109619
57526
46252
78390
41880
65504
52126
80273
92571
54335
107049
98993
45604
58532
95806
109520
33612
54217
46706
69386
86083
101713
82709
107601
75333
82895
73326
77606
62053
34187
98934
75178
50089
39874
65945
51576
113525
58550
86537
85045
78234
51665
31296
98184
38614
111789
107498
90934
63566
100404
106173
77733
81627
73637
107302
57081
107215
88645
82223
113815
38796
107988
88235
88525
94899
29017
89321
36479
111911
54831
84205
29367
85148
105708
107790
69835
78523
35299
47650
64164
107575
95308
60500
69834
87931
78857
54431
37934
44329
108519
77888
67169
58296
54438
106429
58484
107272
67403
39936
44583
45498
110723
34127
103483
66193
70859
58464
87842
107251
94372
84382
95009
88649
89609
101323
103849
100712
110708
85542
61463
75495
50774
77739
53238
45287
90830
81333
93573
34144
108294
34918
37595
36894
45308
111459
30063
111193
73843
72511
80556
55885
113503
97380
77162
27753
89795
34934
111264
72319
91374
77482
45709
106677
71006
77423
68893
94088
79079
51435
88767
87135
36897
73338
81178
112309
87536
109417
33526
84913
96622
94184
113003
88756
102059
86764
80609
32033
62210
78656
96537
91236
40518
93857
51990
58357
105890
43486
100612
112678
98231
31653
49431
66543
65192
47408
41140
77880
88935
61780
68445
97929
105131
72228
89289
106672
33688
97766
70516
93613
88921
38790
78732
32086
81517
98103
109346
91060
61432
78003
41736
76512
92912
35058
42147
33174
56421
33787
89091
97898
83548
67022
31763
93343
110044
107651
103460
41791
61211
104634
90329
90577
45476
35320
54709
91065
54536
32733
92004
79645
89940
63282
62631
64192
65996
41404
104135
68779
58174
96196
97716
93830
53993
99389
102731
76908
84819
72241
70693
81581
105989
31646
74847
113394
34703
47698
81707
52794
93602
79342
108223
86995
112295
87894
95210
56296
81611
66245
73915
108590
66773
45859
42120
59093
102916
109976
71042
61825
55438
105333
97241
53745
87097
54020
106584
52703
112688
82954
58514
65635
48837
85228
72003
59364
103045
38723
63705
27866
48747
48007
69589
79632
90213
65850
53120
102867
61067
110691
70882
72625
88991
65611
69778
80503
70546
48018
41223
69842
67405
51170
92984
56013
61303
30782
80505
26971
43453
110050
87840
72758
56853
107131
50173
38161
48784
42246
50848
76556
72057
61908
103401
70537
110918
112496
31717
110724
50911
94862
105882
84502
107344
109516
99749
75646
91483
86508
40897
60574
60903
42088
103137
100429
107518
50088
109163
114018
63874
63632
50140
42553
60013
72299
65233
32443
95777
107463
61281
90933
60673
97928
112209
106712
76623
67232
40896
92099
31346
89328
98678
32082
113669
42502
31823
102851
54843
45147
113312
55156
63706
73673
73089
109821
21443
112962
74909
64540
93380
36304
35462
60494
96218
99154
28500
32203
102065
113319
39013
40579
107916
30541
48669
47488
50091
97149
72082
61622
82290
65505
80271
113864
83180
35921
66632
35234
107333
99698
46453
32194
90330
82197
25458
100771
93059
42199
91960
36303
64810
69355
65700
67928
80509
50111
108129
109965
52461
70730
77895
113936
107307
70080
100154
86224
86950
76836
81030
57800
23328
70239
69754
59650
36114
94904
56503
37324
41867
47185
104649
78976
73686
73620
83838
73119
111026
66957
65525
