36624
58610
28862
112139
87273
29293
66473
104112
95852
103227
76607
111181
90674
90108
45946
52144
104495
63021
96370
42971
50396
100583
103141
40069
113398
65969
44935
50404
64239
70917
40160
26260
49415
108853
85459
61623
111601
45842
37081
101693
46111
101203
73922
65652
54328
94535
103144
31413
96223
102966
105697
65472
85531
78937
62043
67634
97473
89417
34225
92797
59834
54387
63274
104547
80120
92799
55242
82727
107875
74378
34309
79538
58747
75561
107918
40572
29746
60577
32093
98566
93054
41497
29820
104742
59256
43559
68204
53156
93269
105634
58615
63294
59400
80094
40357
87466
112672
60735
72725
104232
68491
90045
53477
32664
105031
84122
65836
90221
80185
30386
98153
