96748
80668
43226
55032
32798
87216
101081
59506
92571
107049
45604
95806
109520
82709
73326
50089
86537
78234
77733
81627
73637
107302
88645
89321
111911
54831
35299
60500
37934
58484
107272
67403
34127
84382
95009
89609
110708
85542
77739
45287
90830
93573
45308
80556
68893
51435
88767
109417
33526
94184
113003
88756
102059
80609
96537
98231
49431
66543
41140
68445
33688
78732
81517
91060
76512
92912
42147
33174
56421
89091
67022
31763
93343
61211
104634
32733
65996
68779
99389
47698
81707
93602
86995
73915
109976
97241
87097
106584
52703
112688
58514
48837
72003
102867
61067
70546
30782
80505
26971
110050
107131
50173
50848
76556
61908
70537
112496
31717
105882
109516
99749
91483
107518
50088
63874
63632
95777
90933
60673
32082
113669
45147
113312
21443
112962
93380
28500
107916
48669
47488
50091
113864
35921
46453
32194
25458
69355
50111
77895
70080
70239
69754
36114
78976
73620
73119
65525
