49288
34932
61173
60117
109251
58528
94003
92169
49837
38158
101492
77195
93206
45688
54096
103354
65182
60827
62238
64205
90283
37194
33129
33214
85038
99185
101619
30088
103346
87126
56509
73956
40497
79819
99328
97775
61326
99093
113601
31336
96099
64857
78291
34025
110689
48542
105343
33992
29429
28567
85046
59807
42458
106189
83461
113276
96360
35788
31889
100521
45179
81210
81309
77809
69970
76624
38082
85457
63009
113793
28324
85058
38167
73751
83642
58446
98040
74908
72953
94968
75308
93508
79246
46029
33438
106720
72017
63290
34173
41804
84281
64578
105092
62566
112283
103080
81232
98410
70880
31645
109490
69948
109323
103133
65704
77257
32106
60918
84621
38077
72509
81698
107516
104870
93275
107978
82482
37364
102224
