110414
92131
113640
99069
66980
72570
56294
34194
51671
99573
84225
38267
86276
111251
27080
109413
99400
93759
68410
63001
41049
83586
58613
77955
94708
47089
105113
45631
109787
90792
44414
82900
86311
56014
42094
90547
94429
90054
108768
35988
32736
36265
70985
61334
31457
61006
63359
54330
70047
71587
89083
81679
75248
41047
70519
69596
106666
47376
113534
53159
28123
93246
106556
67343
59450
50743
51602
41064
39518
31657
110185
113969
39734
85240
46586
97151
75728
105241
95008
103040
69124
101588
64129
25293
92348
46405
83873
87534
60558
33208
111817
92709
109297
47503
98698
106426
79789
61675
78087
46889
42555
98842
84039
69840
78883
55409
98050
34874
40447
84585
106659
70032
51733
58146
111111
111822
38250
106379
93995
94288
41069
