43369
100394
59348
106981
108126
55846
58723
92097
100032
81133
54400
83067
97553
106376
38117
55359
100364
80647
81784
32557
106210
39162
34122
61319
72507
92886
82414
54246
48647
98810
33358
110886
93171
100609
37373
54757
46388
111347
76036
106670
84729
51875
62793
57354
71498
85210
44020
72365
107384
70009
98757
29629
76213
62818
58538
62429
112657
43108
66528
103457
64390
71034
30797
89805
60537
80780
75757
83718
79146
66066
52608
81811
89850
33449
100428
108799
61279
111603
56741
49851
68714
107681
54097
88136
95966
60309
80844
87270
38085
91301
93402
88282
49227
75569
100983
40795
62801
52838
93652
60183
100309
69612
104048
38894
107043
45936
36071
50003
33611
31656
95647
87061
130085
38506
39137
37385
58366
109845
42063
112651
103479
79343
41823
90720
32744
107785
64113
87548
70219
87509
92206
72395
81040
107247
78396
85255
86236
54368
33660
77277
71761
49547
61872
39697
112937
47036
61272
97691
54334
71755
98514
104641
58121
104694
86277
63362
61700
32768
55830
36399
42100
64405
78703
76354
30813
102979
93341
60754
78759
100527
104164
87890
33120
41400
112820
113325
58052
61355
100160
112728
31140
81101
91240
52969
56094
50919
107420
33970
70945
70178
50916
76284
81212
75259
47487
76906
107657
33855
37641
92506
104313
112444
80290
87650
31023
98375
75769
139030
69976
99446
65631
58351
56419
102207
69214
83577
95765
93836
41139
78825
76889
58882
65419
78107
96477
109738
74484
45547
87452
107304
59005
77092
92966
107424
84444
97478
64541
55635
41403
107114
55802
50857
86649
108693
80708
88491
88741
71506
77879
40183
50430
80396
54995
88318
102740
104161
97597
113343
32743
48015
78117
41494
35830
59330
87156
56683
64901
73606
102393
109474
43203
71766
41529
67053
40493
36299
112280
58396
89019
80603
