32097
50292
80988
26309
81795
90824
100131
51161
30991
65539
86432
88654
47884
87508
88690
106944
42037
88521
55120
55884
108511
106976
23968
68095
58507
101367
64549
52197
97307
96249
27906
25938
64431
85163
104718
32304
110554
39356
30944
51639
93624
9993
72863
93111
68026
77199
64044
29702
44077
31809
84302
27085
20012
81605
18919
78532
96235
100201
106531
104281
35386
65989
37580
36798
40723
74978
77121
30941
65868
112710
30558
72958
74027
41490
75115
66172
54389
92375
98599
82540
83694
95025
46380
64064
86911
30600
97442
41671
132680
109067
59781
60035
111122
60718
63462
67934
122761
98217
113654
106378
48125
84282
26391
62303
101281
61595
40890
76422
70402
49341
105186
110442
67108
61933
41872
30947
91503
61778
38915
89495
70867
78967
68379
70419
71604
36764
86429
100163
81713
41865
20542
68485
45078
40962
113172
104440
55372
70868
83936
86070
33361
98078
36170
95151
49260
9022
86555
50751
66194
73815
43952
25728
91209
23338
74583
83527
45052
99555
90231
102899
104474
104748
42988
40997
88440
52765
47494
44398
90220
51722
94379
67404
60842
73652
50324
69162
58009
46945
26558
79726
67960
70524
100813
64232
92829
100486
29453
44698
98681
98220
68112
57790
88683
120814
70205
30395
85264
17664
106360
45011
111089
70869
65508
83336
72661
33206
40727
52526
21527
50613
110363
71182
104031
78717
68092
139626
35051
96593
87742
99335
37214
38868
109934
96802
26576
30080
58248
91821
27664
56234
41321
77921
75457
57616
89259
37371
108084
63543
61915
76429
99437
41090
23740
52341
56217
87463
50424
67050
103063
58537
83903
26466
88774
75440
86549
49611
22958
55621
52545
41088
50488
50112
81023
109924
54019
73177
109568
24224
111714
88134
101957
86977
88639
110692
30943
90828
34163
52930
71660
52075
83022
56846
52540
76428
37702
56539
108088
85383
64697
94768
97348
42984
25404
39408
106759
101980
55741
71128
135589
105278
105369
59346
111698
36395
86458
83484
82969
109569
104116
68860
27282
132310
61877
111952
30948
56795
88106
39837
101653
73363
82578
107147
60654
45757
84157
23209
38179
66083
30078
66089
78818
91444
73563
60351
79220
113068
47075
85907
20010
62311
70445
113820
95244
107016
42460
73085
80564
84284
66086
80190
50697
92953
57823
53892
116691
84723
113106
90781
66079
94824
74652
69393
43497
57642
99461
56652
100088
59150
60460
64885
39852
105512
35989
96120
82536
60872
45175
112556
90008
2180
89258
39853
40177
36900
94834
54362
66865
63523
32945
52415
86337
47226
85841
34420
98932
42861
31356
79985
39941
92988
44368
55824
62991
55670
45978
97398
48051
45074
18423
40650
44178
103129
106555
103018
22597
91038
59749
66835
92880
109152
36478
79149
95718
41388
69321
79596
81914
36911
82697
30497
76433
47766
