108434
29295
52742
53623
29504
77911
95246
73065
60682
29268
808
93233
55511
73421
83213
85015
51759
100042
56740
111151
110490
112156
30779
75987
64532
45328
104016
57711
71782
56319
97496
46483
82467
40851
78813
92525
96445
99781
27049
92084
83641
71916
108163
105532
80260
61199
70411
107055
70244
37556
121135
44341
56981
49684
94926
107641
50670
82352
91754
85596
96441
80255
32931
60325
73272
63308
49023
103284
113604
58100
111117
51794
72129
91984
107366
27082
69984
103551
96777
78211
92642
88502
60310
97866
60619
94676
70305
81302
56156
44479
78357
39974
96671
103838
50215
110222
76066
21596
90845
68620
61204
102862
100766
82130
64347
75573
23820
68987
32794
61972
113706
79642
45102
105404
108378
105625
48041
95018
72794
109514
96608
98733
60115
76584
104844
112257
93199
61304
103498
96438
67369
31654
28435
36238
58417
99290
45301
62971
7380
41540
50683
42801
58407
91949
49606
90113
53997
74704
83848
93748
93431
38574
78147
104152
39685
77487
53397
88537
106477
71802
111760
54180
111884
44952
109915
112113
37430
83220
72420
80453
94421
99700
87036
34674
93780
39165
43746
38177
79910
99329
33668
92916
44413
43311
111935
37913
79994
34938
87443
29955
57226
91868
76654
52065
104517
98820
123330
52812
38863
66675
104600
83560
27008
73046
65542
59372
88980
35054
105530
113045
92614
77222
34520
96429
81393
106249
95686
56889
43208
88550
107379
70628
68544
53812
100418
33674
78701
39895
91708
97313
107647
112553
46501
72567
92514
105430
82775
69384
28436
42556
124419
43126
93241
79068
89436
113710
30498
110427
57714
90995
87493
41336
62858
83715
98693
73070
101305
51125
26975
101969
79420
29891
62886
76267
64728
31504
76406
81763
91259
102454
35251
7379
113136
51502
76408
98459
76340
84504
110358
89787
78919
84507
97273
37830
46789
41086
57919
38220
61436
96409
103173
102897
106941
22768
111125
90975
50523
48523
37790
84787
157291
61431
37836
98915
56108
32842
110186
93219
77364
76466
33374
63606
85896
101633
55149
77442
46182
51507
54555
71830
86606
79388
89829
92633
40803
68849
75493
41968
50365
93097
72514
40269
85804
77976
35640
55105
55269
107712
96772
61332
76941
92837
104231
33372
90320
48013
74186
107217
81770
112716
95343
47044
28895
48626
92552
46015
78316
112289
112747
43282
57729
70557
113517
46659
33030
84309
35524
68361
53306
37428
65672
89426
89384
113152
109920
22507
94014
79755
61298
49054
78090
81950
79996
114127
37045
43525
87503
113824
38079
113241
88155
98200
112479
68738
99156
58405
97637
68336
81786
56206
61665
74244
61178
113600
101077
103172
40936
55115
108289
91093
66379
111196
47194
56290
40833
51697
41756
111874
111900
96766
89031
47200
102655
85638
74753
111389
78535
49819
80822
43363
79735
99782
68137
62338
59866
99822
802
79442
95197
86102
110057
59422
85608
57446
65370
112197
39304
91639
113883
113142
96602
67672
83446
46609
81892
67087
112703
108852
45051
55735
89803
28258
73617
55482
101274
113744
53584
95127
46200
108579
67465
64726
45142
101264
97636
78272
105838
93099
73088
77864
28434
99058
72158
56629
135951
22822
111269
90082
101289
66880
109324
79431
93098
58191
93715
28651
86383
102057
85783
113971
60534
52962
79504
108699
62071
107743
99019
31342
35736
84094
106088
83238
113035
99435
58420
43327
31752
55111
94188
