103110
79423
32097
26563
50292
47434
102350
93355
82186
64663
80988
60965
26309
50982
56842
78512
81795
56782
97626
100948
44263
78712
50261
67209
58481
112090
52603
82967
36275
60270
92551
90824
73375
100131
103331
51161
97404
106832
30991
94775
41084
65539
35447
75666
86432
88654
83364
47884
110359
71547
63511
41216
24226
87508
43616
40230
88127
88690
106944
28688
42037
35438
79843
88521
61565
76041
68421
77248
73041
55120
55884
85011
108511
37979
30992
111960
106976
23968
105247
85927
68095
58507
94439
90235
78455
90571
101367
64549
93548
71573
109572
52197
41387
85335
40893
48380
98744
97307
96249
27906
31477
107873
25938
64431
67406
89994
56532
85163
104718
32304
110554
31800
39356
108659
59226
47322
100203
30944
81720
71014
57643
48692
86380
88750
87833
60481
67284
51639
93624
61336
65984
20626
85220
9993
72863
100815
57894
50081
62593
93111
76779
50701
70474
33623
28237
80518
81027
107857
68026
51727
50674
52803
113245
28592
77199
64044
29702
44077
82972
45472
31809
104082
104695
85249
42665
68371
77027
51729
35446
84302
27483
49664
92758
102013
88347
27085
20012
53671
81605
55656
98322
18919
69244
87767
86012
78532
90758
96235
136774
106397
100201
106531
96355
46184
40901
88234
85307
72760
85568
69372
25917
110464
105474
84470
104281
31517
50330
105972
69221
67078
64550
93158
108132
48443
35386
55990
98759
77973
65989
34123
106281
81577
37580
36798
40723
74978
87263
77121
30941
65868
98702
76339
112710
61977
47699
109024
86454
30558
66471
54871
72958
74027
79039
76644
41490
80403
75115
66172
80259
96399
54389
95060
102376
87272
44231
69023
42463
92375
90142
98599
108598
81612
74833
82540
88754
116214
28562
63542
75179
59487
55992
83532
83694
42711
95025
46380
105805
49013
99213
64064
86911
67767
96664
24225
58300
30600
79235
99704
93999
97442
91662
111961
76633
41671
48754
132680
114067
109067
52941
67311
61024
59781
48225
32412
58994
97537
74761
40271
60035
87802
84637
111122
60718
63462
80266
67934
79350
78054
82551
122761
51608
114143
98217
113654
72316
106378
94527
48125
84282
32790
86960
26391
62303
57644
86381
72860
72520
101281
85250
61595
42709
40890
68182
76422
70402
81198
49341
105186
110442
42396
67108
63678
86463
81755
61933
41872
30947
61531
28996
101162
57604
99134
34131
91536
113215
91503
46594
61778
103396
22559
38915
89495
26527
94816
113393
93678
45083
39312
70867
90465
78967
68379
39255
58365
55388
51849
60493
70419
71604
113787
36764
96843
63464
32083
53772
86429
101803
100163
81713
69969
41865
96686
69919
103289
100130
110413
79521
20542
15386
73743
79278
68485
90425
45078
53673
98044
40962
113172
104440
57663
55372
34038
29274
62075
86379
70868
83936
83580
86070
65336
33361
98078
95865
35673
35726
36170
97548
95151
49260
73619
111705
41250
71002
9022
53989
86555
70420
84278
50751
66194
112588
73815
113137
43952
50076
95058
81717
25728
91209
23338
111718
74583
109303
68210
53639
83527
53855
82968
54809
73798
53525
45052
86448
81780
99555
90231
71560
55283
90549
50614
95100
102899
30993
104474
104748
42988
40997
66873
88440
86736
52765
43762
47494
55721
27353
62792
88685
39486
57740
65325
69927
112487
40964
33446
44398
90220
51722
94379
93967
42948
67404
27656
56572
60842
81426
55220
73652
93211
61434
94806
30384
107394
64803
37859
50324
102363
69162
58009
46945
101178
88066
80278
88024
64221
97164
93307
26558
79726
106861
67960
70524
47667
100813
64232
98830
81308
92829
100486
29453
95056
76796
51662
88019
57434
89675
53670
44698
58999
98681
73307
43644
98220
112215
90402
98647
82966
108866
16722
61741
42753
68112
108313
57790
94823
88683
112433
120814
56316
103440
58523
67355
103037
74976
106838
70205
57911
77353
30395
69387
67559
85264
17664
153248
106360
99587
108134
113133
86211
45011
111089
70869
26801
65508
75755
108130
99436
83336
72661
47299
33206
40727
52526
85872
101960
21527
50613
78508
75549
110363
71182
104031
41793
32308
32154
27404
86609
78717
94408
100387
86741
78182
38528
46981
44369
29431
109660
68092
89689
55996
113852
95335
56783
139626
35051
72891
28997
81570
33305
92101
97429
96593
89257
80374
97554
95267
87742
39738
64534
74192
42657
99335
37214
57535
38868
78257
32860
109934
96802
37362
33181
31435
113942
45288
71992
26576
102353
92243
113978
30080
51178
58248
100314
84097
113667
50966
102215
96670
55514
91821
82693
56147
87218
105380
106551
61887
82945
107869
49142
52217
66014
67393
94083
27664
56234
111303
35440
79432
58027
41321
77921
75457
30859
57616
112767
75206
33711
85944
102360
31433
74739
89259
37371
57538
111823
108084
63543
61915
76429
99437
41090
71567
50444
22765
23740
52341
73092
77014
95853
86228
87148
39393
105671
56217
87463
50424
92693
67050
103063
58537
83903
26466
78709
36423
101847
94573
29214
102255
88774
31350
52475
75440
86549
49611
75469
90381
107955
97592
46448
22958
98266
111520
111568
51638
28708
113158
99308
55621
37706
52545
85853
88410
69396
28520
41088
78298
50488
50112
79958
99572
86138
89142
62052
81023
64280
36164
109924
29019
70520
52591
45787
54019
31769
100242
74483
105102
129657
83917
103024
91151
73177
78098
43206
109568
24224
81960
88927
113123
73902
43170
60079
111714
88134
29706
101957
86977
103035
88639
31348
100453
110692
55467
30943
99906
111719
107789
50169
90828
40314
93703
35702
58470
34163
75203
52930
70879
71660
52075
93758
37234
102375
83022
40850
73894
7387
106664
35449
102794
38839
56846
47617
101679
46801
52540
76428
87830
37702
81576
46646
69645
93485
56539
108088
112129
22255
48564
85383
33702
76023
64697
94768
74951
3505
97348
42984
76364
60674
25404
84277
50522
39252
39408
60046
48328
78708
78788
70515
106759
101980
73567
102305
55741
109911
105975
71128
135589
105278
70015
53888
83699
110395
26651
41603
113502
105369
59346
49323
88987
77266
100950
76913
93625
38213
111698
73219
56525
112195
43977
137743
36395
94703
86458
83484
63271
98987
82969
31033
101470
24644
109762
89830
70535
31198
73832
79516
109569
100660
112895
51734
71011
101265
40548
104116
43342
91101
38672
113797
91739
37007
100398
70676
82431
34169
62483
68860
38494
79128
32938
27282
35445
113349
132310
82852
46685
61877
111952
95668
30948
27736
82674
76753
59323
56795
35616
88106
39837
91478
77019
39194
47472
82955
38871
101653
109087
58258
46989
78178
62588
73363
104760
71008
85361
28457
73684
82578
107147
60654
38500
92695
19294
79878
45757
80062
84157
57435
23209
50485
105847
17672
91491
38179
104247
107208
66083
88529
84279
51637
96412
97826
30078
66089
78818
80771
80712
100250
91444
103839
98235
73563
60351
76254
72335
65706
104309
28790
71450
31390
102993
102386
98083
79220
29729
128833
113266
52411
50744
84032
58035
113068
55715
47075
85907
20010
62311
70445
41204
92537
105971
42368
29269
34480
94007
72301
81186
105344
113820
85406
95244
107016
33003
50610
65707
42460
60398
73085
46722
69388
80564
84284
66086
91772
87212
80190
107511
50697
92953
52594
57823
102822
51775
53892
116691
93395
84723
111064
85248
96525
113106
111247
90781
56353
21844
25605
104971
66079
87184
94824
74652
41587
91154
36417
55683
69393
43497
19296
57642
104703
99461
105128
94971
109429
56652
97791
78541
107041
100088
105668
57647
88794
59150
60460
76710
69610
64885
39852
47966
105512
92391
112360
35989
96120
85957
82536
52070
86932
58977
80838
107355
107646
60872
108615
45175
111783
30483
96347
79937
50845
112556
90008
2180
29437
89852
89258
29181
39853
81163
79551
40177
36900
103242
103031
94834
88439
76259
74573
101870
41424
54362
77685
77734
66865
80264
76660
88266
63523
70553
40311
56438
32945
39034
91543
99044
34372
52415
81572
28998
53705
66019
97514
60804
86337
83553
47226
113400
69123
107028
32091
97341
86439
42024
59621
92727
98479
85841
47318
34420
51642
98932
97539
98147
42861
31356
26526
79985
39941
87014
92988
44368
103469
74478
55824
62991
57839
55670
96387
53256
35137
45978
97100
69953
97398
48051
101084
30709
95774
90690
98396
109975
24902
45074
86125
18423
40650
62327
44178
103129
19295
106555
103018
105856
22597
91038
62819
59749
36358
97044
111109
18022
66835
92880
66686
101613
114114
34680
109152
36478
52536
105054
79149
95718
94151
113052
30792
92100
41388
69321
92272
40515
112530
107040
34151
61984
71445
79596
77816
81914
36911
82697
42914
99497
44133
54439
60979
65915
44674
107097
85262
32968
106978
30497
61433
104679
46585
76433
58830
41917
49620
47766
60658
91042
