47434
102350
93355
56782
97626
44263
67209
112090
36275
60270
92551
83364
63511
41216
43616
76041
30992
111960
94439
90235
93548
109572
40893
31477
107873
31800
71014
48692
20626
76779
33623
27483
49664
102013
86012
69372
25917
110464
105474
108132
98759
106281
54871
79039
95060
102376
44231
108598
116214
63542
49013
99213
96664
91662
111961
76633
114067
67311
97537
72520
42709
81198
101162
113215
22559
113393
93678
45083
90465
39255
55388
32083
69969
79521
98044
34038
29274
73619
53989
68210
81780
27353
57740
40964
102363
90402
108313
77353
153248
26801
75755
108130
47299
85872
41793
32308
86609
38528
109660
89689
80374
39738
33181
31435
45288
51178
84097
82693
56147
105380
106551
82945
52217
66014
67393
75206
31433
74739
50444
73092
87148
31350
52475
97592
111520
51638
113158
37706
88410
79958
89142
62052
36164
29019
70520
100242
129657
35702
37234
7387
93485
22255
33702
74951
39252
78788
70015
88987
38213
56525
137743
31033
24644
31198
79516
101265
40548
91101
91739
82674
39194
109087
78178
28457
92695
57435
105847
91491
51637
96412
80771
28790
50744
84032
41204
29269
94007
81186
33003
46722
69388
107511
96525
111247
25605
78541
107041
88794
112360
52070
86932
108615
111783
96347
50845
29437
103031
39034
81572
66019
97514
107028
32091
98479
98147
97100
69953
101084
95774
90690
24902
62327
62819
34680
52536
94151
30792
34151
71445
42914
85262
32968
58830
41917
60658
91042
