6803
109567
51643
105876
53522
32737
81899
72698
83652
34361
110313
112650
68983
55329
70507
98826
111821
97498
58286
59933
50658
26096
48438
77876
87492
77096
32603
111231
69615
100238
50113
102887
73601
6796
70170
63858
81692
72193
93376
69279
52968
99142
38178
62277
111230
45838
34982
32946
18034
69752
112902
88847
103374
68675
53396
34706
73674
34331
45988
86559
94074
65964
85967
91853
113623
52916
98001
46379
89967
77822
97065
49920
112648
34902
68120
80994
105204
30275
96227
98212
26920
60810
111930
62009
51394
38917
86563
83562
113199
97830
37489
107475
67076
104471
87726
53211
75527
72293
98752
60224
99638
64449
77649
54432
37486
111187
113690
37331
91055
66790
71605
74991
89293
111671
112250
74705
51718
102673
114135
87190
88658
64440
113582
44703
97000
65439
105263
47659
58262
38434
53136
58517
54518
60730
44964
60775
104906
52157
99944
107784
44973
49535
78824
47118
101124
77533
9568
95438
69109
87252
38676
86090
88612
104127
68674
55867
79595
38774
93592
72960
88137
93648
30938
108953
108068
99495
75247
50262
101937
54037
72325
28343
59714
103697
72548
54406
50337
35834
113830
75080
95129
82649
