103699
113247
98584
90606
28318
40737
136071
59319
58731
93497
59254
56862
88118
83910
55010
104905
95955
113679
91830
78198
100344
100340
78323
63050
56394
91759
62743
46543
82052
69539
68138
14344
82165
104610
97610
56468
62866
37308
92897
33571
78441
113712
82120
75901
91929
39624
81217
69382
97617
80884
109638
87925
109760
67051
50759
54512
14194
113925
79258
84111
41730
112152
64336
55815
50163
46629
83328
96350
112813
108435
90735
106909
65839
50333
57213
43664
32589
112051
766
67506
104657
50957
72417
36289
94664
28470
60024
72693
86711
46322
109334
105151
81110
95084
70992
81224
55348
112052
52753
14343
50964
80026
79833
83427
60910
138807
62758
84186
59239
54788
91220
104861
42762
39626
52276
98491
67608
68881
114482
114150
75711
65072
36837
74690
59662
69654
56473
44022
42466
107766
49509
26611
66888
33740
90607
19596
86953
77676
62450
75337
61036
57349
94769
100332
49588
74235
65978
65831
110700
113424
24432
68141
112785
64531
87681
60740
52757
47145
68889
66753
78106
93128
33570
18953
57077
82038
57495
46668
93649
106903
98256
85785
102594
62507
42540
25989
55626
35659
94606
24430
64292
32221
37941
74135
97419
105792
77660
44499
54533
86619
99741
70370
54254
88140
14930
84978
36067
66887
78109
68901
100333
72305
82964
101893
111100
26832
71927
98265
57067
90612
29667
93640
21950
47451
78155
51897
108327
71917
105035
93859
63780
54582
91226
24128
88592
31308
55729
102955
32555
64822
25842
95653
78005
106797
78974
71919
66265
119964
25990
32728
99445
105492
54049
57996
83804
15525
767
73057
60378
35754
70432
39953
77712
85791
106375
93130
42188
98888
37945
48451
95346
28780
53720
36239
51283
98580
72577
109434
89430
98009
45361
91774
57959
60071
29626
33522
111858
82361
32558
151608
39003
42796
68985
61039
77563
68142
106676
56440
97887
112702
20749
78885
102306
13869
108328
15882
55011
32992
60921
34044
44808
92359
106417
28382
28484
33359
56996
39976
99168
36050
55574
46538
112950
82051
47580
112298
39981
42187
102378
40766
50425
113791
51607
50677
52156
68872
70692
101049
58958
101738
74995
80410
113453
52756
63998
110300
43349
54253
88323
49757
65975
42365
45947
39978
107110
30467
68685
68068
88326
