103110
79423
26563
47434
102350
93355
60965
56782
97626
100948
44263
50261
67209
112090
52603
36275
60270
92551
103331
97404
83364
110359
63511
41216
43616
79843
76041
68421
30992
111960
105247
94439
90235
78455
93548
109572
40893
31477
107873
67406
31800
108659
71014
48692
20626
100815
76779
70474
33623
81027
107857
50674
45472
104695
85249
77027
27483
49664
102013
88347
86012
106397
96355
40901
85307
72760
69372
25917
110464
105474
69221
108132
48443
98759
34123
106281
87263
76339
61977
66471
54871
79039
76644
80403
96399
95060
102376
44231
69023
108598
116214
63542
75179
83532
42711
49013
99213
67767
96664
58300
91662
111961
76633
114067
67311
32412
97537
40271
84637
78054
82551
94527
32790
72860
72520
85250
42709
68182
81198
61531
101162
113215
22559
113393
93678
45083
90465
39255
55388
63464
32083
69969
96686
69919
79521
98044
57663
34038
29274
86379
65336
95865
97548
73619
71002
53989
112588
50076
68210
53639
53855
54809
73798
53525
81780
55283
90549
50614
30993
43762
27353
62792
57740
40964
33446
93211
64803
102363
47667
90402
61741
42753
108313
94823
112433
56316
74976
57911
77353
67559
153248
99587
108134
86211
26801
75755
108130
47299
85872
75549
41793
32308
32154
86609
94408
100387
38528
44369
29431
109660
89689
56783
33305
97429
80374
97554
39738
64534
42657
33181
31435
113942
45288
92243
51178
100314
84097
50966
102215
55514
82693
56147
105380
106551
61887
82945
107869
52217
66014
67393
79432
30859
112767
75206
31433
74739
57538
111823
50444
73092
95853
87148
105671
78709
31350
52475
75469
107955
97592
46448
111520
51638
113158
37706
88410
79958
99572
89142
62052
64280
36164
29019
70520
100242
129657
78098
100453
55467
111719
93703
35702
93758
37234
40850
7387
106664
38839
46801
69645
93485
22255
48564
33702
76023
74951
76364
39252
60046
78788
73567
109911
70015
53888
83699
41603
88987
77266
100950
76913
93625
38213
56525
137743
63271
31033
24644
109762
70535
31198
79516
101265
40548
43342
91101
91739
37007
100398
70676
82431
32938
113349
46685
95668
82674
35616
91478
39194
47472
38871
109087
78178
85361
28457
92695
19294
79878
80062
57435
105847
91491
88529
51637
96412
97826
80771
100250
98235
72335
28790
71450
31390
98083
29729
52411
50744
84032
55715
41204
29269
94007
72301
81186
105344
33003
50610
46722
69388
107511
52594
51775
111064
96525
111247
25605
41587
91154
55683
19296
104703
109429
97791
78541
107041
88794
69610
47966
112360
52070
86932
58977
80838
107355
108615
111783
96347
50845
29437
81163
103031
88439
76259
101870
41424
77685
56438
39034
91543
99044
34372
81572
66019
97514
60804
69123
107028
32091
86439
42024
59621
98479
51642
97539
98147
87014
96387
35137
97100
69953
101084
95774
90690
98396
109975
24902
86125
62327
19295
62819
97044
66686
34680
52536
94151
113052
30792
92100
34151
71445
42914
44133
65915
44674
85262
32968
106978
104679
58830
41917
60658
91042
