32097
50292
82186
64663
80988
26309
50982
56842
78512
81795
78712
58481
82967
90824
73375
100131
51161
106832
30991
94775
41084
65539
35447
75666
86432
88654
47884
71547
24226
87508
40230
88127
88690
106944
28688
42037
35438
88521
61565
77248
73041
55120
55884
85011
108511
37979
106976
23968
85927
68095
58507
90571
101367
64549
71573
52197
41387
85335
48380
98744
97307
96249
27906
25938
64431
89994
56532
85163
104718
32304
110554
39356
59226
47322
100203
30944
81720
57643
86380
88750
87833
60481
67284
51639
93624
61336
65984
85220
9993
72863
57894
50081
62593
93111
50701
28237
80518
68026
51727
52803
113245
28592
77199
64044
29702
44077
82972
31809
104082
42665
68371
51729
35446
84302
92758
27085
20012
53671
81605
55656
98322
18919
69244
87767
78532
90758
96235
136774
100201
106531
46184
88234
85568
84470
104281
31517
50330
105972
67078
64550
93158
35386
55990
77973
65989
81577
37580
36798
40723
74978
77121
30941
65868
98702
112710
47699
109024
86454
30558
72958
74027
41490
75115
66172
80259
54389
87272
42463
92375
90142
98599
81612
74833
82540
88754
28562
59487
55992
83694
95025
46380
105805
64064
86911
24225
30600
79235
99704
93999
97442
41671
48754
132680
109067
52941
61024
59781
48225
58994
74761
60035
87802
111122
60718
63462
80266
67934
79350
122761
51608
114143
98217
113654
72316
106378
48125
84282
86960
26391
62303
57644
86381
101281
61595
40890
76422
70402
49341
105186
110442
42396
67108
63678
86463
81755
61933
41872
30947
28996
57604
99134
34131
91536
91503
46594
61778
103396
38915
89495
26527
94816
39312
70867
78967
68379
58365
51849
60493
70419
71604
113787
36764
96843
53772
86429
101803
100163
81713
41865
103289
100130
110413
20542
15386
73743
79278
68485
90425
45078
53673
40962
113172
104440
55372
62075
70868
83936
83580
86070
33361
98078
35673
35726
36170
95151
49260
111705
41250
9022
86555
70420
84278
50751
66194
73815
113137
43952
95058
81717
25728
91209
23338
111718
74583
109303
83527
82968
45052
86448
99555
90231
71560
95100
102899
104474
104748
42988
40997
66873
88440
86736
52765
47494
55721
88685
39486
65325
69927
112487
44398
90220
51722
94379
93967
42948
67404
27656
56572
60842
81426
55220
73652
61434
94806
30384
107394
37859
50324
69162
58009
46945
101178
88066
80278
88024
64221
97164
93307
26558
79726
106861
67960
70524
100813
64232
98830
81308
92829
100486
29453
95056
76796
51662
88019
57434
89675
53670
44698
58999
98681
73307
43644
98220
112215
98647
82966
108866
16722
68112
57790
88683
120814
103440
58523
67355
103037
106838
70205
30395
69387
85264
17664
106360
113133
45011
111089
70869
65508
99436
83336
72661
33206
40727
52526
101960
21527
50613
78508
110363
71182
104031
27404
78717
86741
78182
46981
68092
55996
113852
95335
139626
35051
72891
28997
81570
92101
96593
89257
95267
87742
74192
99335
37214
57535
38868
78257
32860
109934
96802
37362
71992
26576
102353
113978
30080
58248
113667
96670
91821
87218
49142
94083
27664
56234
111303
35440
58027
41321
77921
75457
57616
33711
85944
102360
89259
37371
108084
63543
61915
76429
99437
41090
71567
22765
23740
52341
77014
86228
39393
56217
87463
50424
92693
67050
103063
58537
83903
26466
36423
101847
94573
29214
102255
88774
75440
86549
49611
90381
22958
98266
111568
28708
99308
55621
52545
85853
69396
28520
41088
78298
50488
50112
86138
81023
109924
52591
45787
54019
31769
74483
105102
83917
103024
91151
73177
43206
109568
24224
81960
88927
113123
73902
43170
60079
111714
88134
29706
101957
86977
103035
88639
31348
110692
30943
99906
107789
50169
90828
40314
58470
34163
75203
52930
70879
71660
52075
102375
83022
73894
35449
102794
56846
47617
101679
52540
76428
87830
37702
81576
46646
56539
108088
112129
85383
64697
94768
3505
97348
42984
60674
25404
84277
50522
39408
48328
78708
70515
106759
101980
102305
55741
105975
71128
135589
105278
110395
26651
113502
105369
59346
49323
111698
73219
112195
43977
36395
94703
86458
83484
98987
82969
101470
89830
73832
109569
100660
112895
51734
71011
104116
38672
113797
34169
62483
68860
38494
79128
27282
35445
132310
82852
61877
111952
30948
27736
76753
59323
56795
88106
39837
77019
82955
101653
58258
46989
62588
73363
104760
71008
73684
82578
107147
60654
38500
45757
84157
23209
50485
17672
38179
104247
107208
66083
84279
30078
66089
78818
80712
91444
103839
73563
60351
76254
65706
104309
102993
102386
79220
128833
113266
58035
113068
47075
85907
20010
62311
70445
92537
105971
42368
34480
113820
85406
95244
107016
65707
42460
60398
73085
80564
84284
66086
91772
87212
80190
50697
92953
57823
102822
53892
116691
93395
84723
85248
113106
90781
56353
21844
104971
66079
87184
94824
74652
36417
69393
43497
57642
99461
105128
94971
56652
100088
105668
57647
59150
60460
76710
64885
39852
105512
92391
35989
96120
85957
82536
107646
60872
45175
30483
79937
112556
90008
2180
89852
89258
29181
39853
79551
40177
36900
103242
94834
74573
54362
77734
66865
80264
76660
88266
63523
70553
40311
32945
52415
28998
53705
86337
83553
47226
113400
97341
92727
85841
47318
34420
98932
42861
31356
26526
79985
39941
92988
44368
103469
74478
55824
62991
57839
55670
53256
45978
97398
48051
30709
45074
18423
40650
44178
103129
106555
103018
105856
22597
91038
59749
36358
111109
18022
66835
92880
101613
114114
109152
36478
105054
79149
95718
41388
69321
92272
40515
112530
107040
61984
79596
77816
81914
36911
82697
99497
54439
60979
107097
30497
61433
46585
76433
49620
47766
