74020
109272
41347
79689
30650
39546
80706
109964
84209
78108
30393
70840
98769
68627
35016
60043
75411
107705
62789
112026
82295
93403
97230
97090
36946
33957
34400
53248
109465
73104
109668
114148
62952
84447
100056
66654
113878
81582
61084
36980
113520
30252
103114
33782
57636
52099
111791
70476
60040
54557
82429
105250
103669
105555
31652
113371
33103
34999
58039
70727
83172
113831
109512
77141
58628
98258
58881
75695
107595
107249
99387
91578
91947
98518
40384
81024
86991
108523
37490
77501
46673
105272
77407
24587
107288
58307
95893
37884
76320
69301
66157
67958
51036
75689
92755
111438
93381
91777
109597
90077
109069
78524
74011
88655
81213
86374
86526
77158
111163
59729
64731
110337
79982
74333
40234
80569
76873
41821
51682
33520
108424
56718
59299
66977
81270
78933
79419
98961
66310
96822
49209
85787
84424
95005
48641
92068
98030
111923
41260
48512
100578
48108
56033
40533
89737
109060
34166
60834
96884
59217
78734
93168
77688
70964
72838
42760
60615
110485
45262
43070
44234
82275
43683
46602
57932
85736
31546
108458
76367
86024
111049
83682
49006
94889
44478
92141
66323
99202
57749
104394
30268
89064
104612
87841
103808
72713
71401
112819
66238
68288
112762
103631
80084
97611
98411
94570
77009
112434
29501
59205
85886
99757
108893
59448
75731
57580
41827
47445
91296
80775
77414
32926
28455
36877
44543
92835
91515
105001
85115
67638
85430
100458
59405
91088
112437
67443
