106813
96748
90561
113071
80668
43226
89937
107552
63358
81922
113516
85054
55032
32798
87216
44246
101081
59506
56687
46252
78390
41880
65504
92571
107049
45604
95806
109520
101713
82709
107601
82895
73326
98934
50089
65945
51576
113525
86537
85045
78234
63566
77733
81627
73637
107302
57081
88645
38796
107988
88525
29017
89321
111911
54831
78523
35299
47650
60500
69834
78857
54431
37934
77888
58296
54438
58484
107272
67403
39936
45498
34127
103483
66193
70859
58464
107251
84382
95009
89609
110708
85542
50774
77739
45287
90830
81333
93573
34144
108294
37595
45308
111193
72511
80556
77162
27753
91374
106677
71006
77423
68893
94088
79079
51435
88767
87135
81178
109417
33526
84913
94184
113003
88756
102059
86764
80609
32033
96537
91236
93857
51990
43486
100612
112678
98231
49431
66543
65192
41140
77880
68445
97929
72228
33688
78732
32086
81517
91060
61432
78003
41736
76512
92912
35058
42147
33174
56421
33787
89091
83548
67022
31763
93343
107651
103460
61211
104634
90577
35320
54709
32733
89940
62631
65996
41404
104135
68779
58174
97716
93830
99389
102731
76908
84819
70693
74847
113394
34703
47698
81707
52794
93602
79342
86995
87894
81611
73915
108590
66773
59093
102916
109976
71042
105333
97241
53745
87097
106584
52703
112688
82954
58514
65635
48837
72003
103045
38723
63705
48747
90213
65850
53120
102867
61067
70882
72625
88991
65611
80503
70546
48018
51170
92984
30782
80505
26971
110050
87840
72758
107131
50173
38161
50848
76556
72057
61908
70537
112496
31717
105882
109516
99749
91483
42088
103137
107518
50088
114018
63874
63632
50140
42553
65233
95777
90933
60673
106712
76623
40896
92099
32082
113669
102851
45147
113312
73673
73089
109821
21443
112962
74909
93380
35462
60494
99154
28500
32203
102065
113319
39013
107916
48669
47488
50091
97149
80271
113864
83180
35921
66632
46453
32194
90330
25458
100771
36303
69355
65700
67928
50111
108129
77895
70080
100154
86224
76836
23328
70239
69754
36114
41867
78976
73686
73620
73119
65525
