89141
54231
136920
100305
112329
51531
93383
108516
59797
113080
52008
72250
76577
72710
63486
99964
40220
81764
89683
78610
60835
91623
106296
42768
60006
46401
56546
112532
82178
85314
45705
90671
91812
77194
89575
42554
96800
71338
23224
54316
49826
88139
44931
60902
63275
44302
78265
98694
48690
64504
100794
88068
79300
38337
34925
56261
51014
106945
94474
101385
50829
41484
60121
104171
55118
100812
72344
45387
92905
73294
58809
109384
67479
80773
92670
74993
33704
91810
72966
32451
55398
56659
83647
43323
33354
56131
53122
83195
92894
99833
53049
52830
59970
49451
80540
29428
57929
57978
70483
60440
43863
107962
66774
33323
63215
43066
55860
98773
530
91443
112192
54032
76322
44592
57394
50686
92102
88408
66467
35228
79040
42179
60738
66956
58622
109847
103478
95435
91846
40834
58412
94006
58207
107165
113366
30675
35160
80149
92216
107649
30872
113768
44470
91177
53973
60616
72483
77981
25620
68199
64034
83518
31651
107268
50355
91189
30273
30587
35007
41626
68716
46604
89319
76537
33351
105781
110474
66297
45200
58337
45152
45536
106238
28458
70225
79454
68295
81512
33741
82001
82333
105646
80992
96277
76368
42965
98805
113405
57437
62351
86610
97435
34969
15342
81507
113746
58812
46407
97051
82079
58158
79462
69377
87746
100542
83339
73605
101938
35631
63759
31292
30182
56544
33216
33200
26512
58993
69116
89707
90331
59420
46866
43502
68087
104895
67567
52268
36420
95784
77808
36630
92834
113174
45156
79993
34050
97012
72104
47914
107837
53594
59696
112661
83564
98082
75737
54672
101958
25017
100024
99842
43849
39258
69777
76272
29705
96819
83965
106090
87137
39687
58360
30563
47802
106979
57809
89818
33406
47964
29312
90356
39562
68838
92961
108201
114132
111465
29332
59396
32615
106466
58173
59471
103543
92125
82728
82427
31574
85278
56098
100386
96153
42551
104609
44590
36720
97154
56641
106346
56564
39826
109565
74800
57612
107168
70753
96404
108266
44326
73383
42765
58802
58269
37640
89763
74981
63758
61947
108454
91026
45755
58754
55727
43607
80114
104438
35528
67425
103053
82007
111268
103029
39961
80346
102841
113181
55187
73412
36876
58430
92620
102939
63834
90749
48177
40282
59451
39746
89020
49151
84480
51027
71606
45148
112627
112514
76501
45470
48959
51995
80811
41395
70475
50084
78408
54110
99347
70786
31892
56667
97418
55169
74156
101597
109277
61782
93689
101552
31814
78104
55643
104542
90357
71337
14707
36194
61269
68420
65892
12146
44317
73069
80254
105578
99266
95406
87790
86637
46165
57516
57070
34124
107860
58311
62441
72430
93232
103138
97888
60060
109517
113087
92544
61815
40645
41483
108685
64439
50676
113038
96529
85053
60496
109175
99899
62298
35981
111056
88167
45265
105638
48466
98242
57505
59329
56624
66362
28235
14790
90166
71834
86557
104646
85570
70058
99513
28863
113498
36988
104647
99177
107706
48727
91362
103840
97823
100039
112133
56698
83944
61585
54436
96328
65176
101333
71133
92857
47492
57988
99313
59081
47026
70455
37300
31684
63601
86018
27179
73657
55051
51663
61558
90136
38270
33288
54232
104358
104885
29730
83650
78783
34019
54247
75403
65421
66669
100257
96221
38521
56669
57931
27671
70973
62097
90209
110804
53633
88732
37935
77203
73655
85918
40583
38218
69030
86477
17033
102420
89147
74055
79750
112770
29336
63869
98753
109477
72654
68719
87059
81903
111289
54785
74832
44983
112176
40316
101824
45602
55883
68894
112696
113658
49146
105905
78533
65725
55007
65778
113420
28887
106854
89724
51528
53179
84867
63055
35860
104871
88057
89343
69102
53850
53417
33758
88014
40571
83486
31367
67061
66894
33123
70949
30729
95690
91184
95855
44264
113932
92557
65705
40411
80924
79591
49984
97262
44394
98564
80786
29369
56286
55266
49068
82627
107690
26019
71154
32159
67637
66345
57473
96401
35052
111797
98349
63103
112038
86916
44356
86652
59890
112367
51684
111476
90831
61010
54352
72726
53089
47309
46774
93373
66504
32494
64837
85409
93662
85476
76327
55418
65948
46411
108886
52103
33121
102810
96509
113659
50895
84108
66610
108252
66160
101062
80481
102587
100699
98520
76336
55474
113368
69932
60968
67079
71641
33366
105692
71205
98835
52939
63088
60792
58171
42864
52131
109080
106411
42558
74029
56746
41854
82714
74486
78968
46561
89778
107604
56737
87233
105137
87196
62212
61701
46570
84215
81640
57294
63059
63185
70003
56483
42913
68855
80578
51845
62041
58011
68919
32864
58535
63006
78474
102481
91215
36161
52609
56872
67340
111031
62302
83731
53447
84318
60036
50310
59818
62506
77429
80839
46038
46076
53716
93299
72355
39277
92471
97510
33687
63086
19420
56873
90936
98794
62385
111870
67619
38146
65634
47233
112200
59426
53123
43715
83273
53174
47892
26638
95741
75727
114057
90826
99601
80785
56015
81718
77516
88825
78765
95997
91650
111278
49160
50318
109388
78385
49607
112554
48650
94705
69585
79390
46265
101432
39400
56173
104917
26863
82155
81750
83201
53170
103664
63298
78130
44078
53461
64190
45870
60593
29294
101769
82384
43398
113941
48761
103867
30385
111467
55046
55294
37885
75552
110977
86309
57614
77546
100278
108422
38062
48173
94431
86548
45531
42877
82949
87909
97927
88830
36088
35692
94838
81807
59808
58120
55435
48606
33223
88689
80928
73376
100939
50995
48763
93388
107042
106818
68625
69479
109129
101169
109891
81919
33628
103931
98703
31579
53872
103055
49609
68630
95097
32796
101483
90613
72136
97694
65787
91668
90567
53884
98074
51188
44785
80302
72117
81637
93922
59666
47581
113590
80311
54121
66914
46967
82901
50077
61932
111319
55436
67859
67808
33178
68307
113747
67617
79198
95338
109909
34007
52929
109213
43499
56004
46018
83779
26314
33719
82673
105269
42806
109851
39523
39022
84345
60772
45703
100806
99595
76380
76583
112370
88938
110147
69010
91063
95926
53218
77878
52462
74859
107015
46105
25419
41190
66982
83654
98076
85811
88122
61615
63745
103491
44899
98914
104151
106532
63654
84552
103332
65624
105946
101131
111712
91550
69590
94192
65884
32162
64713
66039
79386
61113
94747
57868
41399
46323
45710
65946
107564
48676
30274
39395
73392
110486
77139
106495
51049
59173
41339
99570
99042
45314
60105
26110
103508
41883
86166
71114
65413
29889
80563
58220
54517
102628
58241
97792
81846
113077
93010
47641
111526
104813
108453
89780
63051
56518
31675
111381
68443
73351
48368
60722
28216
76009
36169
66300
83255
90714
92788
105190
90216
91742
64974
93582
89055
42264
106990
85284
78966
79469
69745
34142
41622
62304
71116
56563
66862
78313
111197
86999
78834
85231
58951
59414
30306
96344
87507
96396
107258
83311
110269
86255
56381
99548
96898
43556
64379
42682
72242
42089
77736
73660
94897
51666
65840
98421
65887
49067
85380
91748
66443
97286
89727
54655
84174
31358
94711
54543
110784
92954
93349
61392
44910
104196
35954
95326
77006
58075
