100305
112329
108516
76577
81764
78610
46401
112532
45705
90671
71338
64504
94474
101385
41484
104171
45387
92670
74993
83647
53049
52830
59970
80540
29428
43863
33323
44592
50686
66467
79040
58622
91846
80149
113768
53973
64034
46604
70225
68295
81512
96277
15342
46407
100542
83339
101938
35631
30182
33216
58993
89707
46866
68087
104895
52268
36420
77808
36630
112661
75737
76272
96819
106090
33406
39562
68838
82427
85278
106346
44326
108454
58754
43607
103029
39961
40282
89020
45470
48959
55169
74156
93689
31814
71337
12146
73069
80254
95406
57070
93232
97888
108685
62298
105638
104646
113498
48727
83944
92857
47026
37300
63601
86018
55051
104358
54247
27671
62097
110804
53633
37935
73655
38218
86477
79750
29336
81903
40316
55883
28887
53179
53850
33758
33123
49984
56286
71154
32159
67637
63103
86916
111476
90831
72726
53089
46774
66504
93662
76327
101062
100699
98520
76336
60968
71641
98835
52939
52131
41854
78968
63185
51845
63006
91215
67340
111031
46038
53716
72355
92471
98794
111870
112200
99601
77516
91650
111278
78385
94705
39400
83201
53170
64190
60593
43398
75552
100278
108422
38062
33223
88689
80928
68625
103055
95097
101483
91668
54121
82901
50077
113747
84345
60772
53218
61615
104151
65624
111712
94747
73392
77139
51049
59173
41883
86166
29889
54517
81846
108453
31675
76009
36169
83255
93582
79469
69745
78313
59414
110269
96898
42682
98421
49067
91748
84174
54543
35954
