40153
93501
86475
60209
71963
88801
35725
112423
67603
40977
89088
26283
78074
92903
55555
82698
57401
52546
43585
108462
97696
58767
102416
81878
68651
45016
78387
111980
41229
78040
66902
68301
78166
42252
89468
33853
28105
98665
60019
35403
80997
113826
107963
103621
71537
111160
43711
110310
76640
35985
46953
50027
33043
109870
57445
96501
94119
110365
47363
108521
85492
102720
79186
105033
86743
39390
65366
66599
51835
99326
35216
50174
99794
61730
54653
81330
72069
43518
76963
108091
92493
51314
105005
82959
54099
38728
29615
91016
78545
62539
38908
100159
74280
105091
32490
113788
105501
60790
89213
100089
56720
50216
86426
87850
35949
86390
102870
114146
55686
93941
97774
63549
102227
95199
56391
57776
58185
106357
96900
111524
79155
60725
37213
106649
76670
87937
77821
71236
51646
93514
84005
76892
21075
47035
29562
94807
57379
37317
34304
67880
95143
58151
113902
86503
79191
82567
83189
88229
75532
96187
90980
87457
42752
97704
85311
75746
86778
22845
76971
31789
64081
60576
101180
43712
97474
47593
33633
80797
77608
85286
58026
40886
38484
47634
77738
106538
68717
111696
101101
90379
60708
56794
91749
54040
101525
32030
65612
35721
85265
48704
78736
23092
76900
55322
106780
45732
81129
93411
111316
53213
104706
77669
45423
77916
94837
36903
67873
60548
66416
73884
62310
70703
67099
74488
49256
107958
102069
46836
88597
54090
103073
28315
58496
95697
91064
92142
80809
86919
69973
67894
110715
58604
99163
27782
78963
45593
25822
30477
112695
98490
106010
110610
33958
42862
26263
79116
31607
48275
100537
59624
27744
34814
97353
89169
71142
32547
32627
35932
51416
78528
85446
103672
43498
67074
56474
109529
79499
108640
94020
105990
107550
102833
89375
42616
53621
48111
107779
105323
87065
88381
82903
77440
98840
69591
39187
112130
34592
33365
61732
47886
51699
69975
82394
74830
91514
80770
63635
63356
98060
94244
62146
93969
45289
32710
38784
106800
111498
45270
98890
41102
24782
75795
101605
30271
90825
71439
111567
83578
43419
32423
91669
65598
98107
69646
113076
75243
94295
72303
67229
59445
35822
47754
94430
105889
60305
57347
106295
108423
75729
62875
89584
59559
50866
109562
32344
59224
100382
90869
67891
81231
92900
29174
20516
55393
76004
32791
56793
82009
36875
90794
83520
81558
82854
49009
58353
25679
66930
111502
108687
60769
86307
111968
36089
44664
92801
113856
106006
46881
35977
44256
95167
44174
53625
104159
82276
60433
73961
96478
37639
40382
90440
104121
73651
87390
73614
66649
60236
55185
91003
83246
104045
53664
100040
8856
51999
69546
82268
69131
81955
26262
68448
97191
38644
51614
59349
89363
84506
72306
98356
73432
96278
28176
78879
62057
57247
39359
97673
29427
137950
86842
46600
46617
83941
69635
66457
109599
110109
52700
112325
63897
80925
107389
56065
75810
102858
113637
97461
75753
109549
51933
64909
45171
43204
47622
61365
42247
82287
50839
59850
67067
75001
103347
95399
87853
30234
19343
100816
74050
53227
77933
103969
51186
33234
42512
33130
92316
55390
30455
45103
112004
83584
65084
48868
56157
40961
45778
113639
81646
59114
53856
67896
39569
66056
95293
59628
33357
36606
76297
35389
95964
50721
97436
78819
46434
48483
35411
30631
95394
41688
47864
79369
46151
41135
60699
84586
87529
92326
62931
83649
88356
98621
72971
17404
90062
56122
61728
89936
81061
40397
47726
71113
94809
41332
109290
36617
35847
28746
93379
64517
37323
89611
75980
54445
62024
35787
108887
67055
113968
112347
80498
108460
46633
63539
72549
38334
98838
33614
41218
72531
78757
95603
105737
60812
32433
56664
108742
86531
56739
57974
31073
57436
96941
66475
32669
27081
68898
27126
40058
50926
111984
143865
41879
39361
93338
34870
56017
12376
62163
55243
62236
100148
26594
93282
12005
82834
56052
54802
81693
78676
28357
94113
85717
97682
89527
103801
78338
64801
27180
77902
97768
58069
71581
92763
66339
57126
58539
28719
68715
100793
34184
59588
60254
57063
113808
89993
64183
54488
56283
50668
70254
101961
35258
108170
89673
108766
100700
37649
96131
45269
36410
87907
58474
80060
93569
70482
73238
55781
100448
85851
37423
56618
59006
102638
81675
53146
49568
52207
75321
98513
45754
93724
76780
61201
29704
64950
109124
63494
75299
42354
91022
55280
32039
67437
68606
74174
113157
74934
45056
102489
83185
49937
36735
102789
100683
59916
92781
45976
37015
65995
80069
41477
67540
64641
35761
58487
23366
63197
36982
34416
30630
92350
65756
109501
51582
76375
79599
33368
75786
93880
113730
62807
28667
73909
44232
37472
85232
48667
110865
112906
109594
38101
