106106
38882
43369
40077
49135
63355
110887
34022
100394
59348
59810
50517
90779
51087
72381
59314
114064
106981
71519
58786
80093
80416
77956
90523
49653
82407
85124
94902
70954
108126
104044
34868
55846
58723
109179
41996
94562
70105
92097
49511
33954
68730
100032
81133
54400
85714
59529
44342
73169
96887
80533
79890
92207
52004
110657
39628
83067
55552
35301
45164
97553
106376
75533
77105
100752
58611
31557
80191
68217
104623
84788
53500
63221
53405
102222
57718
38117
85859
58814
32641
108392
55359
77224
101014
55804
97349
87258
85729
91267
103667
54925
104908
100364
54034
100581
109843
95528
41499
68269
43680
42090
69775
113660
99961
40926
80647
81784
44586
32557
110004
104597
45286
63295
106210
102286
64583
71131
89952
114069
59566
40409
55302
78936
59849
54819
66833
105962
107656
60970
39162
34122
107689
61319
99312
31569
72507
80470
58655
55513
104396
90871
27867
92886
109632
79261
58705
62121
92302
98297
57326
72558
62287
53305
105435
32107
63800
48525
94825
46063
92096
45183
82414
86471
81419
54246
67058
111027
47751
62947
48647
98810
33358
45077
74176
69136
63076
110886
77154
41482
93171
100609
36090
101298
104484
65086
37373
77627
65697
54757
89398
87004
38254
112306
52538
70300
92490
46388
37531
111347
34623
58406
76036
83568
136917
68289
112723
42122
106670
77250
78884
71785
84729
51875
60280
95124
105274
62793
50900
112821
57354
32548
78611
56174
76100
64324
59552
101046
71498
87846
61009
67011
87406
43362
60383
86901
42990
72932
85210
52924
47714
44020
79464
52992
87727
94359
31060
113501
111785
71451
72365
77279
86483
64321
107384
95794
84432
52925
45159
36973
12003
103744
43925
31568
47590
84633
73916
70009
67919
108536
54877
91396
35117
91171
56594
98757
96089
96361
29629
43367
112823
60620
49765
55099
62415
49193
75697
76213
60831
61798
90564
52328
92970
102043
107457
62818
110547
91021
61363
80910
113240
103119
88484
45834
100539
47894
38961
60452
62008
59301
58538
69616
113493
68871
43346
110580
96563
73769
113950
114085
55809
62429
112657
67114
43108
31839
66528
103457
52508
44798
28325
89839
83788
64390
79882
53971
78677
97772
71034
60991
112040
81410
96539
67620
113923
67337
50930
29350
91191
30797
100633
89805
104220
84026
93626
112988
69395
66218
52326
111140
47156
109291
60537
71792
78299
45008
47348
94947
45606
44132
80780
104445
59688
22272
98747
104105
75536
75757
69634
53945
112665
84222
50854
69757
111273
108617
49306
45986
32133
83718
102410
94207
100899
46452
96358
58330
97264
92066
79146
92463
32731
58955
98145
66546
79315
25343
66066
70506
91827
52608
114072
62842
86825
113834
37052
81811
93977
29036
46713
57202
44043
110898
60482
106336
86822
85856
101504
96964
89850
24817
33449
62297
43077
82618
100428
102019
108799
54467
90083
85371
37693
28281
106398
36699
109084
107528
38022
87669
80676
95142
61279
86258
70349
68566
66244
62830
105301
68441
99540
82798
39572
111603
56741
97591
49851
79727
33236
88915
64413
51790
32624
64802
44036
43868
45517
55873
52856
98939
92764
68714
107681
54097
28497
88136
103176
95966
94609
98664
34026
80607
109148
42802
54290
66976
83575
54895
73745
60309
109459
80844
110559
66243
78881
79056
107829
84649
86817
76831
98918
49168
82274
59747
63816
112970
63363
87270
38085
32718
91301
76142
71931
91638
93402
95870
104400
56315
69414
38912
59838
44753
113170
50239
55068
58358
88282
90448
49227
82255
91531
68236
71626
31524
88886
104628
94442
42878
103481
97183
45158
75569
72500
100983
79301
106095
91885
40795
62801
60327
48316
45228
52838
93652
111773
60183
76191
71197
50664
100309
85546
69612
104048
95602
75408
74430
38894
66228
107043
37319
93639
78434
104402
37004
68883
58806
65910
93860
88753
45180
101048
45936
107952
56392
109286
49738
83576
76672
93320
58822
79749
36071
30751
106986
94952
50003
33611
31656
38437
50831
65358
91655
78816
63437
97962
104624
86538
96389
95647
78139
45473
56412
87061
28295
100829
55287
130085
74328
112092
38506
39137
37385
111400
106457
58366
33661
83911
111981
57057
96275
109845
46476
88471
56486
97363
40414
101901
72528
77764
90373
109509
57846
42063
107874
101678
101689
74106
95225
112651
113977
49330
103479
110577
44933
32543
92496
72345
59149
65622
79343
84990
44291
109637
70000
39540
56104
90039
36825
44596
32686
28791
56095
63152
46771
41823
47120
90720
66331
77317
78595
107819
67464
59671
32744
66236
102044
107785
78887
80011
54260
103761
42148
74475
33637
64113
77106
87548
64039
70219
87509
92206
36211
72395
43359
50832
72916
86985
81040
86862
72393
68548
34920
68628
107247
78396
52005
79075
98144
80187
108407
37315
76764
72431
70737
89849
60462
31476
55059
82739
64202
113237
45466
102267
39739
85255
86236
92296
39726
92487
40891
26114
53756
60003
56018
91847
112054
64472
106494
113796
50655
41171
80783
111335
112674
79588
77441
97940
57893
39026
53874
54368
33660
77277
52932
32168
71761
81607
51190
69118
90169
60171
41944
49547
66668
61872
32885
96801
90581
49171
92728
65475
110273
65914
112828
45763
40646
72947
87998
54628
85121
39697
68458
112937
64970
36412
47036
49137
63459
106099
114048
110054
60770
103072
30810
61272
90203
91586
62999
54479
53960
112384
97691
54334
71755
97410
98514
105926
51960
104641
65853
101277
32330
58121
38018
67335
94710
104694
114147
86277
49166
63362
88102
48908
40362
113863
84220
101811
111907
97629
61700
32768
94877
55830
84542
106936
36399
80941
83530
70561
49586
112544
113857
108145
90615
81068
90429
41906
83077
42100
80047
111306
102840
76125
58543
82904
109326
104652
69229
111962
111004
71320
51229
35075
34655
64405
78703
47177
31563
93882
41322
37528
76891
113399
66472
111499
56527
61190
80539
106713
38736
73151
102433
32934
30221
90565
76354
85199
69751
102476
101413
45589
89753
77988
54864
30813
82043
102979
106054
93341
84007
103983
110005
93408
63794
94850
42874
90555
53260
60754
111404
68425
78759
67242
105643
97469
47710
110555
113278
99012
86675
113023
100527
104164
97180
92211
29929
87890
81682
33120
106980
113041
67675
108740
41400
112820
113325
58052
61355
31502
100160
70171
90207
109143
112728
64434
83720
74544
44466
47937
71474
45995
49167
74374
31140
40899
81101
107334
33969
91240
103534
75546
75598
37655
26458
52969
56094
78769
50919
107420
33970
69437
53501
70945
70178
74150
92513
105103
93019
71012
77917
62774
54605
99853
100468
75916
113373
58216
52239
103099
98996
50916
76284
109123
81212
78456
111041
100034
95074
57282
82046
69789
53641
44936
75259
28859
45992
47067
67673
100675
57891
53626
79316
79082
47487
69191
110381
90281
63107
52028
46917
50021
76906
81221
60484
68803
107657
62951
72925
111403
108920
114007
98879
44599
84740
33855
94549
112769
113407
38861
77715
77757
40749
105509
61777
37641
46438
92506
61065
104715
48154
54012
75515
52503
86008
111918
66999
70741
90032
91886
104313
112444
102213
80290
108672
106886
90396
104627
74237
100572
56569
99515
87650
112971
41083
94622
74665
31023
61110
98375
102958
99532
71111
73740
75769
93214
102266
72622
95121
37137
54212
40365
75274
65628
88166
91015
104962
65023
109592
139030
62444
70835
69976
35612
99446
73139
39373
61571
85675
110407
80504
94219
91180
65631
112242
58351
56419
77944
53442
57730
36978
102207
41623
72842
112658
87761
45687
111307
73166
20457
31030
55324
94358
99588
69214
69359
35992
108754
37142
83577
62454
60235
95765
75006
93836
35618
41139
56868
59721
43794
66951
86816
74925
78825
79349
76889
59926
89851
58471
58160
58882
63492
65419
78107
79361
97211
72504
55506
98679
113970
94725
84624
68400
41829
97822
67916
96477
109738
72013
108839
91959
108367
78356
74484
90921
55904
56523
74663
73094
77127
32040
88387
88698
38998
83421
37662
90068
48011
109218
55744
52874
54018
38872
76003
97413
37763
45547
83472
87452
85288
109270
99731
66604
107304
113929
31040
79223
100307
62288
64899
59005
77092
92966
31812
81450
85227
84949
101103
58545
107424
51647
67097
46155
84444
50715
109971
109642
74028
110298
109534
44433
97478
80843
46059
104576
80095
52754
64541
64634
48121
98936
55635
33301
113749
41403
33837
107114
111030
57178
75182
106211
55802
50857
98495
59304
54435
55541
82801
74146
91317
86649
44128
80995
108693
80708
56023
90135
88491
37741
34405
88741
61435
78647
40389
110527
52552
71506
54370
77879
66373
40183
95209
32349
2988
91053
31042
80502
95704
60522
41238
50022
103165
75273
54884
50430
38493
80396
87772
89397
102555
88495
65679
80784
54995
88318
83771
35202
49713
86813
101318
96357
47325
39581
93305
102740
104161
51721
108450
106188
59497
67409
87535
104419
90530
37375
53692
112050
31022
59434
104174
97597
96193
113343
32743
30258
57082
64640
30008
48015
60307
102787
78858
45515
110218
79545
82584
80102
57972
53147
39570
57395
101512
50716
65073
78117
44203
47017
96345
99043
56700
32318
41494
35830
79679
37475
75271
52590
71768
61580
59330
87156
70034
86589
35510
63840
55881
76671
56683
72348
94462
99026
111508
65322
104896
97275
41309
42189
62448
28241
43500
64901
101906
68896
90206
111370
104467
31791
94290
89545
73606
47289
102393
73702
109474
33554
113535
81920
75317
113592
43203
98043
48026
62352
103792
60297
58515
71766
52993
105807
64312
87795
60271
113467
77157
82939
63605
53743
60980
53672
41529
67053
91383
55940
62589
63065
40493
109204
36299
108942
79195
93483
100522
91582
112280
58396
89019
47482
53247
56535
49502
49170
57376
113036
91032
97242
103857
53849
106597
80603
48518
111010
