106813
90561
113071
89937
107552
63358
81922
113516
85054
44246
56687
46252
78390
41880
65504
101713
107601
82895
98934
65945
51576
113525
85045
63566
57081
38796
107988
88525
29017
78523
47650
69834
78857
54431
77888
58296
54438
39936
45498
103483
66193
70859
58464
107251
50774
81333
34144
108294
37595
111193
72511
77162
27753
91374
106677
71006
77423
94088
79079
87135
81178
84913
86764
32033
91236
93857
51990
43486
100612
112678
65192
77880
97929
72228
32086
61432
78003
41736
35058
33787
83548
107651
103460
90577
35320
54709
89940
62631
41404
104135
58174
97716
93830
102731
76908
84819
70693
74847
113394
34703
52794
79342
87894
81611
108590
66773
59093
102916
71042
105333
53745
82954
65635
103045
38723
63705
48747
90213
65850
53120
70882
72625
88991
65611
80503
48018
51170
92984
87840
72758
38161
72057
42088
103137
114018
50140
42553
65233
106712
76623
40896
92099
102851
73673
73089
109821
74909
35462
60494
99154
32203
102065
113319
39013
97149
80271
83180
66632
90330
100771
36303
65700
67928
108129
100154
86224
76836
23328
41867
73686
