40153
89141
54231
93501
72456
41828
136920
86475
100305
60209
112329
71963
88801
35725
112423
67603
51531
57496
107573
40977
89088
26283
93383
78074
51973
92903
55555
82006
82698
39023
57401
52546
43585
87521
108516
108462
59797
113080
111753
52008
38442
72250
76577
34901
6803
97696
58767
52850
102416
109567
81878
72710
91368
68651
92456
72565
63486
45016
78387
113839
111980
41229
113840
43079
78040
99964
40220
81764
66902
89683
61699
78610
60835
68301
78166
42252
102328
89468
33853
67423
51643
91623
106296
58549
28105
98665
113283
53977
60019
42768
83345
60006
46401
56546
78978
105876
35403
112532
80997
72664
113826
34446
82178
107963
103621
31456
71537
85314
64377
111160
43711
110506
45705
111880
110310
108656
53522
90671
91812
76640
35985
46953
32737
81899
50027
77194
33043
109870
89575
57445
96501
94119
110365
47363
55529
42554
108521
96800
85492
44581
102720
79186
71338
23224
54316
105033
49778
86743
39390
65366
66599
59279
49826
51835
99326
105288
89191
88139
49195
44931
24963
35216
38891
70060
50174
47448
75685
99794
48019
50329
61730
54653
60902
72698
44453
81330
72069
63275
43518
44302
78265
98694
48690
76963
107119
108254
64504
100794
108091
92493
88068
42799
51314
79300
38337
102068
34925
105005
82959
83652
105587
54099
56261
46534
89095
111215
57467
94362
51014
106945
38728
81366
29615
91016
94474
78545
62539
38908
34361
100159
74280
101385
111227
50829
110313
112650
113812
105091
41484
32490
102197
60121
63062
104171
113788
105501
68983
55118
60790
89213
100812
72344
85379
89523
100089
56720
45387
55329
50216
86426
92180
75902
87850
92905
77564
80901
35949
73294
58809
86390
102870
114146
55686
109384
93941
67479
97774
100736
63549
102227
80773
95199
92670
74993
56391
113663
33704
91810
61873
72966
32451
55398
56659
57776
58185
83647
43323
106357
33354
96900
67883
111524
56131
107530
105023
53122
79155
70507
24259
98826
7311
75014
111796
60725
64695
37213
77565
106649
83195
95012
79815
99034
92894
93918
58707
99833
87132
76670
53049
87937
100252
75281
77821
71236
51646
93514
78008
84005
52830
76892
59970
21075
49451
79879
38229
47035
29562
32268
48113
45268
94807
80540
78423
57379
37317
34304
29428
67880
111451
26693
95143
57929
111821
58151
66020
113902
86503
57978
97498
73962
79191
46054
77054
70483
37321
35912
82567
54961
58286
83189
60440
88229
75532
62268
43863
96187
107962
90980
43071
66774
105267
33323
87457
42752
97704
85311
63215
75746
65331
84972
86778
22845
76971
31789
64081
60576
43066
59933
101180
43712
55860
52027
97474
98773
47593
530
88314
92878
91532
55746
33633
80797
77608
103727
91443
85286
58026
90347
47249
40886
38484
112192
80192
47634
54032
29500
50658
58584
77738
106538
68717
76322
44592
66368
111696
57394
101101
26096
90379
50686
92102
60708
88408
107593
88370
56794
81179
91749
54040
66467
101525
32030
48438
65612
49444
35228
35721
85265
48704
78736
66770
79040
42179
60738
56119
66956
49471
113832
87885
58144
58622
23092
90086
109847
76900
103478
55322
106780
95435
71122
57731
45732
91846
81129
40834
48239
93411
76001
77876
111316
53213
100647
104706
85718
77669
45423
112625
58412
77916
79790
94837
51475
94006
113401
58207
36903
107165
67873
60548
81427
66416
113366
38286
73884
90579
62310
30675
68098
70703
67099
35160
74488
49256
79524
80149
107958
84000
102069
61868
92216
46836
67147
107649
88597
54090
103073
69811
24266
30872
28315
113768
47764
44470
58496
95697
28219
91064
78388
92142
105469
91177
53973
80809
84578
86919
69973
54861
60616
67894
110715
58604
99163
27782
78963
72483
45593
77981
25620
59612
25822
68199
83464
40731
87492
90979
30477
112695
98490
64034
106010
83518
83891
31651
67836
103495
110610
107268
33958
42862
87309
52801
50355
26263
99596
81394
91189
67879
72831
79116
31607
65637
30273
48275
94277
70107
30587
100537
35007
41626
59624
100862
27744
34814
93773
68716
106874
97353
69472
108036
84103
60099
46604
89169
71142
32547
104117
89319
77858
82560
54542
110720
69129
77096
76537
33351
32627
105781
35932
110474
66297
45200
51416
78528
85446
58337
86878
45152
105493
45536
103672
43498
106238
28458
70225
67074
56474
103625
52452
89146
76840
109529
78218
79454
43819
79499
108640
68295
94020
81512
105990
113851
107550
33741
102833
52833
88268
82001
35493
82333
89375
42616
105646
107866
38916
89708
80992
53621
96277
76368
48111
107779
42965
105323
87065
32603
98805
42773
48645
113405
73413
57437
88662
62418
62351
86610
40535
88381
44501
50746
82903
97435
111399
34969
77378
77440
15342
98840
69591
39187
41904
112130
34592
64369
33365
68784
61732
47886
51699
69975
82394
74830
91514
80770
81507
63635
63356
60947
113746
98060
58812
94244
46407
99971
62146
62333
97051
111231
82079
58158
58359
93969
45289
64006
79462
32710
101583
38784
105815
69377
106800
87746
111498
34914
100542
83339
73605
101938
35631
45270
98890
69615
100238
41102
63759
31292
30182
56544
33216
94901
24782
75795
73175
101605
30271
33200
90825
72400
43604
71439
26512
111567
83578
58993
69116
50113
76915
85612
62939
89707
90331
43419
32423
91669
59420
46866
48627
102887
43502
68087
104895
76621
65598
71576
67567
52268
36420
33391
95784
98107
73601
87865
77808
36630
6796
92834
113174
38691
69646
113076
45156
50398
75243
31182
79993
34050
97012
94295
70170
38881
72059
72303
80182
88478
47609
67229
57340
72104
50244
87262
94989
59445
35822
47914
78973
107837
53594
59696
47754
88219
112661
83564
98082
75737
49154
63858
94430
105889
54672
62607
101958
60305
81692
57347
25017
100024
106295
108423
102912
96952
72193
99842
43849
58291
75729
39258
62875
69777
89584
80678
76272
59559
50866
109562
93376
29705
69328
32344
85781
59224
96819
83965
53404
37470
100382
106032
106090
90869
87137
67891
39687
81231
58360
30563
55854
69365
97685
47802
106979
77536
100029
57809
113757
92900
29174
20516
89818
55393
33406
47132
69279
81252
45711
47964
76004
32791
29312
90356
113282
39562
56793
80580
68838
109443
82009
41511
36875
90794
83520
52968
81558
57772
92961
108201
82854
62754
49009
114132
58353
88317
25679
111465
82175
99142
100204
66930
38178
62277
111502
108687
63828
60769
86307
29332
37209
111968
70883
36089
95017
59396
81624
44664
32615
92801
106995
106466
29785
95895
113856
108867
58173
106006
111230
59471
103543
84254
69892
46881
92125
82728
82427
90777
31574
35977
59053
44256
85278
56098
45838
95167
44174
84018
100386
53625
104159
96153
56031
42551
104609
44590
34982
82276
60433
73961
99506
36720
97154
48472
96478
20703
32946
56641
106346
56564
33207
37639
40382
90440
90718
39826
109565
104121
73651
74800
18034
57612
74408
107168
70753
87390
73614
103521
69752
96404
106925
66649
60236
108266
55185
44326
73383
42765
58802
58269
91003
37640
89763
73988
74981
112902
63758
61947
108454
88816
83246
91026
104045
45755
55751
58754
53664
85209
55727
100040
43607
80114
8856
104438
35528
92540
51999
67425
103053
82007
69546
111268
82268
38120
103029
88847
43333
103374
92022
69131
81955
26262
92756
39961
68448
80346
102841
113991
97191
75016
113181
91036
103059
38644
55187
73412
44325
36876
58430
94081
102265
92620
102939
96784
51614
63834
70077
90749
48177
40282
59349
68675
59451
39746
89020
49151
89363
84480
84506
51027
71606
92817
53396
107085
45148
72306
112627
98356
112514
76501
73432
45470
48959
51995
80811
41395
96278
70475
28176
50084
78408
34706
78879
62057
73674
54110
41624
99347
70786
66507
31892
34331
57247
56667
97418
39359
105443
55169
97673
29427
137950
100339
99315
74156
79995
86123
86842
45988
101597
109277
46600
61782
46617
83941
86559
69635
93689
52837
80204
99651
66457
109599
110109
101552
94074
75057
112025
31814
99915
78104
55643
110500
52700
104542
112325
90357
71337
14707
101126
81222
36194
63897
108542
95264
61269
68420
65964
30220
83490
80925
65892
12146
100192
85967
44154
44317
73069
107389
102641
80254
56065
75810
105578
99266
95406
91853
59449
113623
52916
98001
102858
113637
92145
55810
87790
95703
97461
86637
46379
46165
35076
57516
57070
34124
75753
107860
101970
72401
58311
33664
109549
89967
49215
62441
72430
93232
92440
51933
103138
97888
44331
64909
60060
109517
74021
77822
113087
97065
57361
92544
61815
45171
114152
36063
49920
40645
41483
108685
43204
64439
47622
112648
50676
113038
64411
34902
96529
85053
54022
60496
68120
35305
109175
61365
110092
79105
42247
33065
82287
89058
50839
43340
84523
99899
113581
62298
64426
77978
59437
57990
57305
43252
35981
111056
88312
104257
88167
51217
45265
105638
48466
59850
98242
67067
57505
59329
75001
33793
103347
56624
40753
66362
28235
34170
53959
14790
90166
95399
71834
87853
86557
104646
85570
70058
71211
99513
28863
113498
30234
19343
70322
36988
104647
100816
74050
108386
53227
99177
107706
79859
77933
48727
91362
103840
52739
103969
97823
100039
112133
51186
56698
33234
83944
61585
54436
48718
96328
58861
65176
101333
71133
92857
47492
42512
84864
33130
92316
57988
110530
99313
34735
59081
47026
55390
70455
37300
31684
92295
30455
63601
80994
86018
45103
100246
77198
27179
112004
81037
73657
55051
83584
102917
36021
51663
54278
65084
48868
56157
84255
61558
58235
90136
40961
60038
38270
105204
57409
33288
54232
83850
45778
104358
104885
53544
61078
29730
83650
78783
72123
34019
113639
54247
75403
50898
65421
81646
41143
66669
90459
100257
111646
46643
44752
96221
70740
59114
69843
85802
38521
56669
53856
57931
27671
85760
100914
70973
62097
60300
108795
84105
67896
39569
90209
66056
110804
95293
53633
88732
37935
30275
81986
77203
59628
96705
73655
85918
33357
96227
80188
40583
38218
58828
36606
69030
86477
17033
102420
89147
74055
79750
76297
35389
95964
64199
98212
67121
112770
53611
29336
63869
98753
53263
109477
50721
56091
106739
72654
68719
97436
78819
87059
46434
48483
52643
81903
111289
35411
30631
54785
110962
74832
44983
112176
40316
95394
101824
45602
55883
68894
112696
113658
92957
49146
105905
78533
41688
47864
65725
26920
55007
72685
65778
113420
28887
79369
45161
46151
106854
89724
51528
53179
113251
84867
41135
60699
63055
110956
35860
69133
84586
104871
64415
88057
106928
89343
60810
87529
61581
111930
62009
69102
92326
62931
53850
53417
47143
33758
69182
88014
40571
49877
79108
83486
73537
83649
31367
88356
98621
67061
66894
104165
33123
72971
17404
90062
56122
70949
30729
83567
95690
91184
85778
61728
89936
79998
81061
95855
44264
40397
113932
47726
71113
94809
41332
92557
63344
109290
51394
104205
65705
40411
99275
40512
80924
79591
49984
97262
44394
98564
38917
94776
36617
61321
109848
86563
35847
80786
83562
28746
113199
93379
33102
59418
29369
44014
56286
55266
49068
82627
74900
48226
107690
64517
37323
26019
71154
32159
67637
89611
75980
97830
54445
66345
56485
88526
111748
62024
68615
78831
35787
57473
108887
67055
113968
96401
98891
35052
44294
111797
112347
108636
98349
54214
112482
37489
98299
63103
112038
40513
107475
80498
108460
98415
46633
63539
86916
44356
65701
106823
86652
72549
38334
59890
98838
112367
51684
33614
69366
111476
90831
61010
54352
72726
53089
46294
47309
46774
100831
83587
93373
76443
66504
67076
98894
41218
32494
64059
72531
64837
40638
78757
85409
113057
104471
95603
93662
74125
85476
76327
55418
66324
65948
105737
46411
108886
52103
72682
97860
33121
60812
84718
102440
45136
84053
72324
102810
32433
96509
87726
113659
53211
56664
50895
84108
66610
108742
86531
56739
108252
57974
32405
66160
31073
52604
42992
53733
101062
80481
102587
100699
82953
108468
75527
98520
76336
55474
57436
113368
69932
96941
60968
105742
78977
67079
71641
66475
33366
105692
32669
27081
68898
63813
71205
98835
62440
27126
52939
108709
63088
35512
60792
40058
58171
42864
89378
50926
52131
111984
53788
109080
143865
86460
106411
30800
42558
74029
56746
110220
41854
82714
93547
74486
78968
71130
61881
46561
89778
107604
103130
56737
87233
105137
72248
112420
111102
87196
41879
80056
39361
62212
61701
93338
61085
102529
76440
112071
34870
46570
84215
81640
57294
63059
63185
56017
70003
56483
42913
106899
72293
68855
80578
51845
12376
62041
78088
58011
68919
84218
32864
58535
57353
63006
78474
99684
102481
42957
59677
71618
62163
95711
91215
36161
55243
52609
98752
56872
67340
111031
76881
62302
83731
53447
74033
82097
84318
60036
39000
111766
50310
59818
62506
77429
62236
80839
46038
60224
50981
107337
46076
95859
53716
93299
72355
39277
92471
99638
97510
46708
33687
100148
64449
77649
26594
104866
63086
58843
19420
93282
56873
90936
54432
37486
98794
107350
12005
111187
53618
62385
111870
82834
101258
85078
67619
38146
43061
65634
38844
86552
56052
47233
54802
65085
112200
71796
113690
81693
78676
37331
59426
76751
53123
43715
83273
53174
28357
64969
47892
26638
95065
95741
75727
101589
63524
114057
55369
94113
90826
85717
99601
80785
56015
81718
79848
77516
104015
97682
50431
91055
93451
88825
78765
95997
25108
91650
111278
49160
67605
84117
50318
89527
109388
32174
78385
13891
75777
45630
103801
49607
78338
66790
112554
64801
83734
48650
71605
77152
27180
74991
94705
87686
77902
109733
69585
63836
79390
97768
111790
46265
58069
71581
102064
101432
84244
92763
39400
56173
104917
26863
89293
86957
34675
82155
59584
81750
66339
83201
53170
103664
111671
112250
63298
57126
33738
74705
58539
78130
64080
28719
84862
68715
44078
100793
53461
64190
32034
48095
86562
39372
45870
43614
60593
34184
51718
29294
101769
82384
61600
43398
97245
73368
102673
113941
97844
114135
61111
90401
59588
48761
87190
103867
30385
43738
111467
82913
55046
55294
37885
60254
75552
110977
86309
57614
77546
81877
100278
108422
38062
88658
57063
64575
48173
68088
66587
94431
86548
113808
89993
64183
54488
45531
42877
58631
56283
82949
87909
50668
97927
81303
88830
65354
64440
113582
36088
70254
101961
35692
80098
94838
81807
44703
35258
59808
58120
55435
108170
102228
89673
48606
108766
100700
33223
88689
80928
97000
77689
58367
73376
100939
50995
48763
93388
107042
37649
106818
65439
68625
96131
90208
69479
45269
109129
105263
38078
47659
36410
53607
48244
101169
109891
81919
33628
87907
58262
58474
103931
87788
38411
80060
98703
60987
39020
31579
38434
53872
93569
103055
70482
73238
55781
49609
68630
80845
70826
95097
32796
53136
85876
80130
101483
44741
90613
72136
100448
65550
97694
73146
65787
58517
90057
91668
85851
90567
53884
37423
98074
51188
44785
80302
72117
66834
54518
60730
81637
93922
59666
109717
44964
60775
47581
102554
104906
113590
80311
54121
66914
56618
46967
59006
102638
71524
82901
50077
52157
61932
81675
99944
99470
53146
107784
111319
49568
52207
75321
55436
98513
67859
50221
58333
45754
67808
93724
44973
33178
76780
49535
68307
62111
38847
61201
45241
111545
49733
29704
64950
113747
67617
79198
95338
109909
34007
95471
52929
109124
109213
43499
86550
58483
58196
87070
86982
68225
63494
56004
46018
83779
92967
78824
26314
33719
82673
75299
40724
105269
101018
47118
42354
101124
69568
91022
77533
82228
42806
55280
32039
109641
67437
9568
68606
109851
39523
111920
39022
74174
95438
109712
84345
60772
45703
96685
100806
99595
90022
102728
76380
76583
112370
58854
113157
69109
88938
74934
110147
24925
69010
91063
95926
53218
45056
102489
77878
52462
74859
107015
46105
25419
41190
66982
83654
98076
98714
87252
83185
85811
88122
38676
61615
56521
49937
63745
36735
66679
86090
103491
44899
102789
91387
98914
104151
106532
70264
30748
70404
100683
59916
63654
101404
84552
92781
88612
103332
65624
105946
45976
101131
37015
111712
91550
37707
65373
41670
104127
69590
94192
26821
65884
32162
68674
90227
55867
64713
66039
79595
38774
93592
72364
79386
65995
61113
30133
94747
72960
57868
41399
94966
80069
54198
41477
89761
67540
73178
88137
46323
45710
65946
64641
107564
23599
48676
30274
35761
39395
73392
110486
77139
106495
51049
82024
58487
59173
23366
41339
51285
99570
99042
63197
45314
60105
74650
26110
103508
41883
86166
93648
71114
65413
36982
109023
70018
29889
34416
30938
80563
58220
54517
102628
108953
58241
91187
97792
30630
69295
81846
85373
75550
91924
104218
113077
91568
108068
93010
47641
111526
104813
108453
92350
89780
63051
56518
39554
69059
47915
100425
65756
31675
111381
109501
68443
73351
48368
60722
28216
76009
67749
51582
36169
66300
99495
75247
83255
98406
50262
90714
101937
92788
105190
64288
90216
98224
91742
64974
93582
89055
42264
54037
106990
85284
78966
76375
79599
79469
69745
68007
34142
41622
72325
62304
71116
33368
56563
66862
78313
28343
111197
86999
97867
78834
88652
75786
93880
59714
85231
113730
57676
62807
56191
79949
28667
58951
59414
103697
30306
96344
27608
34371
87507
77500
96396
72548
47815
91340
73909
44232
107258
54406
83311
110269
51876
86255
56381
99548
96898
30809
50337
43556
35834
64379
42682
72242
71959
37472
85232
42089
77736
113830
73660
94897
51666
65840
48667
98421
110865
65887
49067
75080
112906
109594
85380
95129
41536
91748
66443
97286
89727
54655
84174
103125
31358
94711
54543
41262
99816
110784
92954
93349
91594
110703
61392
44910
104196
38101
35954
105480
95326
82649
77006
58075
