89141
54231
51531
113080
72250
72710
99964
89683
91623
106296
60006
82178
42554
96800
23224
49826
60902
78265
98694
48690
100794
79300
38337
34925
51014
50829
60121
100812
73294
58809
109384
67479
80773
33704
91810
32451
55398
56659
33354
53122
83195
60440
66774
63215
43066
55860
530
91443
112192
76322
57394
92102
42179
60738
66956
103478
58412
35160
92216
30872
60616
25620
68199
83518
30587
68716
105781
58337
106238
33741
82001
82333
80992
42965
98805
113405
86610
34969
81507
73605
63759
56544
33200
26512
69116
90331
59420
95784
92834
34050
97012
72104
47914
107837
98082
54672
25017
43849
39258
69777
29705
87137
58360
47802
106979
57809
89818
47964
29312
90356
114132
111465
106466
59471
92125
96153
104609
36720
97154
39826
57612
70753
96404
73383
58269
37640
63758
61947
91026
45755
80114
104438
35528
80346
102841
113181
73412
58430
102939
90749
48177
39746
49151
84480
51027
45148
51995
80811
70475
54110
99347
70786
56667
61782
101552
78104
14707
36194
68420
65892
44317
105578
99266
87790
60060
109517
61815
41483
96529
85053
60496
109175
111056
88167
45265
48466
98242
57505
28235
14790
71834
70058
99513
36988
104647
107706
97823
100039
112133
54436
101333
47492
99313
59081
73657
51663
90136
54232
104885
29730
78783
34019
75403
65421
66669
100257
38521
56669
70973
90209
85918
40583
69030
17033
112770
98753
72654
87059
54785
49146
105905
78533
65725
106854
89724
84867
63055
35860
104871
89343
69102
53417
67061
70949
95690
95855
44264
113932
80924
98564
29369
82627
107690
26019
57473
96401
112038
44356
59890
112367
61010
47309
32494
64837
85409
55418
46411
108886
96509
50895
84108
66610
108252
66160
80481
55474
113368
67079
63088
58171
109080
74029
56746
82714
46561
89778
87196
62212
84215
63059
70003
68919
32864
78474
102481
36161
53447
50310
59818
77429
80839
93299
97510
63086
56873
90936
62385
38146
65634
59426
53123
43715
83273
53174
26638
95741
114057
88825
78765
49160
50318
109388
49607
69585
79390
56173
104917
26863
82155
81750
63298
53461
45870
29294
113941
48761
103867
55046
55294
37885
110977
86309
57614
86548
82949
87909
97927
88830
36088
35692
81807
58120
55435
50995
48763
107042
69479
109129
101169
109891
81919
103931
98703
53872
49609
32796
90613
72136
97694
98074
80302
72117
81637
93922
59666
80311
46967
61932
67859
67808
33178
67617
79198
95338
34007
52929
56004
46018
83779
26314
33719
82673
105269
42806
45703
100806
99595
76583
110147
77878
52462
83654
98076
63745
103491
44899
106532
63654
84552
103332
94192
41399
107564
48676
30274
106495
99570
45314
60105
26110
71114
80563
58220
58241
97792
93010
104813
63051
48368
60722
28216
66300
90714
92788
105190
90216
106990
34142
41622
71116
56563
111197
86999
85231
96396
86255
43556
72242
42089
77736
51666
65840
65887
66443
97286
89727
31358
94711
110784
92954
77006
58075
