58162
112210
87236
106106
89474
38882
71115
106813
110414
74987
27843
83571
98711
86281
92131
96748
43369
111366
40077
49135
36904
113938
63355
87188
110887
34022
100394
65990
34911
86775
103699
59348
74653
135162
90561
113071
80668
113247
63735
108798
59810
77191
51157
43226
50517
90779
51087
72381
89937
51648
33717
90093
113640
107552
100915
49288
98584
33894
77900
98900
63358
59314
114064
81091
106981
76098
99069
71519
51035
81922
58786
80093
23976
40584
81137
41118
39485
113516
41918
92261
109113
85054
80416
90606
28318
40737
77956
90523
55032
66980
49653
36624
136071
82407
35348
33122
72570
85124
94902
98441
32798
34932
59319
70954
92157
32016
61173
108126
53431
90676
87216
58731
58293
104044
34868
88679
28590
101150
55846
58723
49245
56294
58610
109179
41996
23938
93497
94562
70105
52584
28862
92097
93516
33897
75986
49511
59254
79217
37760
91425
33954
69532
68730
56862
88118
39018
100032
88711
44246
40148
95737
81133
54400
101081
34194
85714
59529
44342
91535
48867
73169
106951
96887
80701
59506
80533
92832
79890
96002
92207
52004
110657
98325
82364
47769
45537
60117
51671
39628
112139
85283
83067
83910
11730
99573
55552
35301
64222
89535
45164
87273
97553
106376
75533
77105
100752
55010
109251
56687
104905
58611
64591
31557
70162
80191
109619
95955
68217
104623
113679
48062
144325
84788
53500
87388
63221
57526
123353
72135
112730
58528
53405
101771
46252
84225
88200
102222
19979
91830
57718
38117
62211
85859
78198
78390
58814
94003
32641
136739
100344
41880
108392
55359
61816
77224
101014
55804
97349
29293
87258
49624
85729
100340
65504
78323
91267
103667
52126
67610
54925
80273
92571
92710
100328
104908
54335
47853
59452
100364
54034
100581
39164
109843
95528
95141
107049
38267
63050
54367
54384
41499
91291
107803
68269
105010
43680
39265
42090
56394
70829
91759
58189
69775
113660
99961
40926
86276
80647
81784
45173
44586
32557
111251
92169
105235
110004
66473
33304
98993
45604
104597
101844
91649
45286
83583
73650
63295
106210
102286
58532
94334
47938
27080
62188
64583
31503
71131
84650
89952
114069
59566
44547
109413
40409
95806
62743
55302
52814
89129
78936
99400
109520
82663
29984
49837
38158
59849
33612
54217
75456
49386
71851
54819
66833
105962
107656
104112
64535
101492
60970
46706
95852
39162
93966
67647
103227
106761
105266
46543
82052
52502
69386
86083
34122
107689
77195
101713
69539
82709
61319
107601
68138
106154
14344
75764
77915
47724
54998
99312
75333
76607
82895
82165
31569
73326
61030
77606
62053
72507
111181
34187
98934
56058
80470
75178
93206
58655
102273
70680
50089
29241
101482
101435
106714
52230
55513
45160
39874
78642
104396
90871
27867
45688
92886
65945
90674
104610
109600
109332
51576
113525
109632
58550
54096
86254
86537
74884
79261
93759
97610
58705
103354
39167
65182
68410
56468
62121
85045
78234
62866
63001
37308
60827
41049
103171
67370
49857
108810
47066
92302
98297
51665
73221
31296
57326
113055
72558
92897
83586
62287
36349
101899
33571
53305
105435
45938
57371
32107
90108
98184
63800
48525
94825
113648
78441
38614
46063
45946
92096
45183
82414
96234
80246
111789
107498
53410
113712
82675
86471
34896
81419
54246
91971
56767
82120
67058
90934
69410
111027
63566
47751
75319
69220
100404
85909
75901
62238
91929
32172
75355
62947
106173
77733
95014
48647
39624
98810
81217
33358
45077
74176
69136
98762
38089
63076
65613
79237
105973
81627
110886
69382
73637
77154
41482
93171
100609
36090
94376
101298
107302
52144
104495
100704
57081
58599
104484
52111
65086
37373
23230
64205
88585
97617
77627
65697
107215
88645
105581
82223
113815
109476
70834
38796
54757
89398
82005
87004
38254
100763
112306
52538
107988
70300
58613
80884
32751
109638
95810
92490
46388
87925
37531
63021
119138
111347
109760
105125
86588
58214
34623
32059
58406
79119
88235
88525
50985
76036
83568
98106
136917
90855
68289
94899
112723
42122
106670
77250
67051
78884
71785
47303
54606
24676
50759
72539
84729
51875
55935
29017
89321
36479
60280
95124
104285
111911
78536
82796
54831
105274
62793
50900
112821
57354
32548
32734
78611
84205
29367
56174
62727
76100
64324
54750
59552
101046
71498
87846
54512
96370
77955
85148
61009
67011
96132
102281
24160
87406
105708
103515
107790
14194
43362
81357
60383
94708
38841
69835
86901
113925
47379
41393
42990
72932
79258
85210
78523
42971
52924
47714
103132
35299
107644
71617
102039
47650
43078
84111
50396
34125
109089
44020
79464
64164
53507
84933
52992
41730
87727
62731
112152
94359
80263
31060
107575
113501
59894
70389
111785
95308
99280
71451
72365
77279
86483
79511
90283
64321
60500
99887
50690
67746
69834
107384
95794
56673
87931
84432
78857
54431
90095
52925
37934
45159
44329
37433
43692
64336
55815
36973
58007
37194
50163
12003
41599
46629
97602
103744
43925
31568
108519
47089
77888
105113
45631
67169
47590
88739
83328
33129
58296
84633
45242
73916
70009
38862
99967
54438
67919
108536
54877
91396
35117
106429
96350
112813
109787
70735
91171
75982
104678
45925
61794
100583
90792
33214
56594
98757
96089
96361
29629
43367
58484
107272
77255
112823
108435
90735
84510
60620
50994
49765
55099
64806
103141
62415
49193
47231
75697
84813
106909
57263
65839
76213
60831
61798
90564
52328
92970
102043
50333
67403
85038
52129
107457
100796
40069
58188
48053
62818
110547
112070
111606
50724
91021
61363
39936
66212
80910
113240
103119
104021
57213
113398
88484
44583
45834
45856
66620
105428
112366
100539
45498
103572
47894
101317
38961
60452
110723
34127
103483
62008
44414
72568
59301
58538
69616
113493
65969
68871
85408
43346
97054
107627
110580
92715
56616
51542
52525
109667
46244
44935
102308
96563
43664
66193
70859
73769
113950
50404
114085
55809
70078
62429
112657
67114
32589
112051
64239
43108
31839
58464
87842
107251
94372
85384
107946
66528
84382
39387
97874
103457
766
59800
52508
67506
46834
99702
44798
97121
95009
28325
66261
89839
83788
82900
88649
64390
79882
53971
17877
70917
78677
111225
48546
104657
97772
71034
68617
60991
112040
86311
89609
50957
73747
40160
108445
81410
99325
26260
96539
72417
67620
113923
73323
67337
66334
99185
50930
29350
91191
36289
56014
49415
30797
100633
89805
101323
104220
84026
93626
94664
112988
108853
28470
69395
103849
66218
52326
60024
68522
111140
42094
47156
109291
60537
71792
78299
45008
109737
85459
47348
61623
94947
108790
100712
45606
72693
32560
44132
111601
110708
92019
108635
90547
80780
104445
101490
99908
86711
59688
34006
85542
36274
94429
46322
22272
90363
58169
61463
101619
98747
75495
104105
75536
50774
77739
92067
53238
75757
44269
101480
69634
53945
31051
112665
58638
70924
96903
113335
45842
37383
45287
92958
90830
84222
42215
23988
90054
101614
109334
30088
103346
99030
36221
50854
60737
32665
69757
33790
81333
93573
111273
41547
34144
35071
61551
108617
108294
49306
45986
32133
87126
65513
83718
102410
83480
20224
94207
100899
76776
46452
96358
34918
58330
37595
105151
97264
78428
92066
81110
108768
34822
79146
92463
32731
58955
98145
36894
95084
95396
45308
56509
66546
67245
111459
78424
79315
25343
108004
69345
66066
110253
70506
91827
70992
62770
37081
52608
68850
114072
30400
101693
62842
81224
71446
86825
108385
49334
113834
37052
73956
81811
93977
29036
30063
60216
46713
49120
119584
67957
57202
44043
62719
55348
110898
112052
60482
106336
102882
86822
44130
113338
44399
112077
109299
52753
85856
74081
111193
55249
111497
101504
14343
50964
96964
32436
68575
74899
80026
56358
89850
24817
75079
73843
78487
33449
97665
60212
40497
46111
72511
80556
55885
62297
112208
43077
101203
82618
79833
100428
113503
102019
79819
108799
54467
52510
90083
60458
85371
37693
28281
106398
97380
98623
74628
36699
109084
67375
26108
77162
107528
105639
38022
87669
83427
60910
36766
27753
90941
89795
80676
95142
61279
138807
34934
114126
86258
111264
100694
70349
72319
68566
106464
91374
66244
112478
77482
107033
35988
62830
45709
106677
71006
62758
105301
32736
68441
99328
113575
77423
99540
84186
100618
110489
82798
39572
59239
111603
56741
68893
94088
40567
97775
54788
79079
40900
154444
51435
61326
97591
49851
36265
79727
33236
88915
99093
91220
64413
51790
104861
114477
88767
42762
32624
87135
64802
44036
113601
107941
43868
79086
45517
96000
74019
55873
52856
39626
70985
52276
98939
61334
92764
73922
68714
75350
98491
107681
54097
85035
104043
36897
31336
28497
31457
61006
88136
54216
67608
103176
95966
96099
94609
98664
53598
102711
99878
82610
65652
34026
73338
85000
46187
81178
93905
80607
82795
68881
109148
112309
42802
54290
87536
54328
66976
83575
54895
109417
73745
60309
33526
109459
80844
84913
114482
110559
64857
96622
63196
66243
78881
94184
79056
114150
104136
86646
107829
33810
84649
75711
86817
76831
31104
64410
98918
65072
49168
82274
32291
74152
59747
33873
63816
36837
112970
63363
87270
38085
41401
32718
63359
91301
76142
109100
89469
71931
113003
67177
93943
64621
91638
88756
102059
86764
93402
48489
65857
95870
53974
104400
50913
94535
56315
80609
69414
101654
103144
38912
52999
54330
78291
59838
74690
44753
43451
113170
32033
31979
50239
55068
94464
34025
70047
77914
103438
31413
58358
88282
90448
49227
82255
47605
91531
68236
59662
107095
62210
78656
71626
112258
95952
96223
96537
31524
88886
104628
91236
71587
96484
86509
102966
28597
94442
42878
91380
103481
46266
97183
110689
32161
26016
40518
101030
45158
105697
93857
51990
75569
72500
58357
48542
66631
100983
105890
69654
101807
79301
99729
106095
36097
91885
58605
88788
43486
40795
62801
60327
48316
74520
100612
112678
45228
66650
52838
93652
111773
65472
56473
60183
44022
39484
76191
42466
62108
71197
105343
66085
50664
45977
100309
37267
85546
89083
36531
107766
69612
49509
104048
70677
95602
26611
75408
98231
87604
74430
52871
38894
31653
66228
49431
90197
66888
64898
102045
107043
33740
66543
35996
90607
37319
103579
81679
93639
78434
19596
104402
37004
75248
86953
68883
58806
106691
65910
93860
65192
88753
50750
45180
87906
77676
101048
47408
62450
45936
75337
85531
41140
107952
72366
87231
77880
56392
56078
112041
98889
52231
109286
61036
27397
57349
88935
61780
102232
68445
46084
49738
97929
88005
94769
41047
105131
33992
83576
73371
34873
76672
70519
93320
100332
58822
28528
62284
79749
36071
30751
106986
85256
78937
49588
100632
72228
112563
98054
88071
74235
94952
33508
62043
97433
89289
50003
106672
69596
103023
106666
57577
65978
33611
76074
33688
65831
67634
105184
109095
110700
31656
38437
50831
113424
65358
24432
91655
68141
54654
78816
63437
97962
111137
104624
97766
97038
86538
70516
69809
96389
95647
78139
47376
112785
29429
58234
93613
45473
56412
88921
87061
38790
80776
64531
78732
32086
56441
87681
77148
81517
28295
60740
100829
52757
55287
113534
89532
130085
47145
74328
112092
38506
39137
37385
37017
86036
111400
106457
58366
33661
149920
83911
111981
68889
42798
66753
28567
78106
72671
93128
85046
57057
96275
109845
98103
79494
46476
88471
56486
41556
97363
59807
40414
111725
101901
72528
109346
77764
40728
53985
90373
109509
38113
36893
57846
78789
97155
91060
106920
53159
33570
61432
42063
97473
24503
105291
107874
101678
18953
78003
109283
42458
14036
16073
41736
89417
76512
92912
101689
74106
95225
33662
100981
47597
112651
101366
56128
35058
89230
31650
28123
77041
42147
64279
33174
57077
67878
113977
91104
110897
88493
34225
82038
56421
49330
103479
57495
33787
84948
93246
106556
89091
110577
76457
90518
97898
44933
46668
32543
49997
83548
62190
92496
72345
59149
65622
67022
36924
79343
31763
84990
28366
106189
141697
44312
44291
93649
83461
109637
92797
70000
108688
93343
60694
39540
56104
90039
67343
36825
31992
113276
110044
107651
71448
106903
98256
44596
32686
103460
28791
56095
63152
41791
60637
46771
61211
41823
47120
85785
102594
90720
62507
42540
104634
76005
90329
66331
32292
96360
77317
25989
78595
35788
55626
76782
61973
59834
107819
107872
67464
59671
32744
94172
66236
90577
102044
104724
107785
31889
66959
86085
109158
35659
78887
41342
80011
35953
94606
54260
45476
24430
35965
71005
103761
64292
100521
59450
42148
57069
74475
50743
33637
35320
54709
32221
91065
81532
64113
66306
77106
54536
73168
45179
46053
87548
94900
51602
35132
77638
64039
70219
72952
81859
32733
87509
92206
70267
36211
92004
79645
54387
37941
72395
43359
50832
72704
112067
89940
74135
72916
63282
97419
73589
60569
105792
84446
41064
77660
86976
28354
54075
86985
81040
86862
72393
39518
44499
68548
34920
68628
107247
54533
78396
62631
52005
79075
102473
67356
49999
86619
21525
62185
81210
59183
98144
64192
65996
80751
105307
80187
41404
99741
104135
108407
37315
31657
76764
77800
68779
110185
72431
70737
89849
101161
60462
70370
54254
59350
31476
87787
55059
82739
88140
55160
58174
96196
81309
64202
113237
45466
102267
108665
39739
85498
14930
97716
85255
86236
92296
27826
39726
92487
90199
93830
40891
93301
26114
113969
92494
96440
53993
36929
84489
105082
53756
69189
99389
83033
84978
29001
59157
60003
56018
102731
91847
49394
112054
76908
64472
106494
36067
113796
39734
65191
50655
41171
84819
38088
63274
80783
111335
104547
112674
72241
79588
96530
90521
77441
70693
81581
66887
97940
78109
42537
105989
88738
57893
31646
39026
68901
58242
80120
53874
55469
54368
85240
33660
77277
103260
52932
32168
32063
32738
91554
71761
92799
81607
51190
110557
69118
77809
90169
74847
60171
113394
41944
49547
34703
66668
99996
66034
69970
61872
32885
93994
53984
96801
69841
104441
86235
90581
100333
82381
64367
49171
72305
92728
82964
47698
65475
110273
65914
112828
70101
45763
40646
72947
33909
87916
81707
110411
87998
73910
54628
85121
39697
92547
105677
68458
42879
112937
52794
46586
64970
36412
48912
47036
49137
107949
76624
63459
106099
114048
105575
75118
93602
38082
97151
79342
110054
49828
101893
29210
52003
111100
88411
60770
103072
108223
86995
30810
112295
61272
87894
70398
95210
93552
55242
26832
40754
85457
88923
90203
91586
62999
71927
33786
62992
54479
53960
86725
112384
66115
56296
97691
54334
71755
97410
98514
81611
66245
105926
51960
73915
63009
75728
108590
104641
65853
66773
45859
50025
99966
42120
80156
98265
40087
57067
90612
101277
32330
41502
58121
76781
38018
67335
94710
82727
104694
74798
114147
109715
29667
93640
44320
59093
86277
46867
49166
113793
63362
21950
88102
45799
102916
105241
107875
93908
62447
48908
40362
113863
84220
101811
85860
33376
94715
111907
97629
47451
110450
109976
85497
32160
61700
78155
32768
94877
71042
51897
55830
84542
61825
55438
60381
105333
106936
81209
36399
86061
28324
80941
57815
48973
108327
43590
83530
70561
70828
71917
30184
49586
77036
97241
74378
112544
113857
53745
105035
16405
87097
93859
108145
63780
73548
54020
90615
81068
36836
95008
90429
41906
69587
92273
65719
101922
112760
83077
42100
48222
80047
93339
106584
111306
85058
102840
52703
76125
58543
49558
91607
72873
112688
98390
71334
43319
82904
34309
82954
108695
109326
104652
104991
41869
103040
69229
111962
28821
38167
103545
111004
71320
51229
35075
34655
65852
64405
78703
43615
47177
61602
31563
93882
76103
58514
41322
65635
48837
82396
45793
37528
76891
113399
66472
55777
111499
54582
59649
85228
72003
56527
101112
61190
91297
59364
80539
91226
26113
106713
38736
103180
103045
24128
53505
73151
102433
32934
30221
38723
90565
69124
76354
85199
69751
88592
95118
101588
31308
56596
63705
27866
102476
64129
101413
45589
87504
25293
89753
77988
48747
54864
55729
43243
30813
82043
48007
79538
41053
102955
32555
102979
72322
52741
73751
69589
45181
106054
51650
64822
84836
25842
93341
84007
103983
92348
95653
110005
93408
79632
63794
78192
90213
78005
94850
74310
59106
77789
42874
90555
53260
60754
34362
83155
83642
87058
65850
111404
43708
68425
78759
53120
106797
102867
67242
78974
102883
105643
97469
51165
47710
71919
52130
58446
98040
110555
113278
99012
58747
86675
113023
66265
100527
119964
104164
97180
99697
92211
29929
66847
87890
112757
81682
25990
59038
107228
33120
61067
106980
74908
110691
113041
67675
32728
108740
98395
46405
70882
41400
72625
88991
112820
57005
64826
56099
67176
56840
65611
69778
113325
71663
60252
58052
80503
70546
61355
99445
31502
58585
48018
41223
69842
67405
100160
79286
70171
90207
105492
51170
72953
92984
109143
113072
56013
61303
76247
106665
112675
106248
83873
112728
87534
54049
64434
30782
101843
102532
59501
80505
83720
74544
44466
40832
47937
26971
76543
44680
71474
73174
63083
6670
43453
75561
45995
110050
49167
74374
31140
40899
87840
49108
107048
57996
81101
107334
83804
33969
57397
72758
20455
91240
15525
70391
100128
97192
56853
767
107918
107131
86656
103534
73057
33321
99045
93784
75546
75598
85879
40572
50173
37655
96273
102809
55766
38161
73817
26458
48784
42246
73760
135463
52969
56094
60378
36264
80519
78769
73249
50919
93404
94968
107420
105463
33970
69437
72534
75600
50848
52506
53501
75308
106919
29746
76556
70945
70522
70984
70178
35754
74150
92513
94325
105103
88747
72057
93019
112180
104395
61908
71012
85547
93508
35997
77917
65141
103401
79246
62774
67171
54605
70432
99853
46029
113524
100468
70537
75916
113373
84202
92025
58216
110918
79838
52239
39953
99987
103099
77712
98996
50916
112496
103856
31717
76284
110724
43232
33438
50911
85791
60558
109123
81212
60577
39236
78456
111041
100034
94862
105882
106375
84283
84502
95074
33208
57282
29171
82046
69789
53641
44936
93130
52234
75259
96274
42188
28859
104328
98888
45992
37945
47067
67673
100675
57891
53626
106720
48451
79316
79082
47487
89888
107344
69191
110381
73270
90281
63107
32093
52028
87409
88371
85719
75841
46917
50021
62099
76906
34305
81221
94424
77303
60484
68803
107657
62951
63225
81895
72925
72017
91043
43639
85336
111403
62585
108920
114007
98879
96354
44599
111817
84740
98566
69383
109516
95346
99749
52994
33855
94549
112769
113407
28780
38861
85317
77715
77757
40749
66867
70368
78803
53720
105509
45075
61777
37641
75646
91483
46438
36239
51283
92506
38913
61065
98580
29690
78521
104715
86508
50026
72577
48154
40897
54012
75515
94760
83069
52503
93054
86008
41497
75297
120357
111918
66999
90629
70741
90032
109434
91886
59524
104313
29820
112444
102213
80290
45820
92627
68859
108672
71791
60574
99080
84211
70899
106886
61721
35819
71603
90396
92255
92709
104627
74237
100572
56569
89430
99515
87650
110419
112971
60903
41083
98009
94111
64510
94622
56447
42088
146799
42712
109297
74665
89307
31023
88940
61110
98375
102958
99532
74476
71111
63290
73740
103137
45361
100429
99041
75769
73840
93214
91774
102266
72622
47503
98698
95121
37137
104742
54212
40365
75274
65628
107518
88166
50088
91015
86536
37022
106426
104962
34173
65023
100417
105290
109163
109592
139030
62444
61720
70835
69976
114018
35612
57959
99446
64446
73139
63874
39373
60071
61571
41601
29626
85675
33522
110407
80504
79789
94219
111858
63632
59256
34910
61675
78087
50140
56522
89077
91180
41804
65631
111681
112242
77987
40652
42553
58351
113508
82014
43559
56419
46889
77944
60013
82361
80092
31575
36246
52509
53442
72299
57730
55330
76970
72211
36978
102207
99538
41623
72842
112658
52486
52232
87761
65233
45687
32558
111307
151608
68204
53552
42555
73166
29992
53156
39003
71082
20457
31030
95637
63461
55324
112194
29495
42796
94358
55768
99588
61032
69214
88313
69359
35992
108754
105637
32443
91219
37142
83577
62454
94469
60235
83655
95765
75006
93836
98842
100637
108696
35618
95777
84281
68985
107463
41139
56868
61281
83377
107448
59721
84210
90933
93269
43794
66622
66951
86544
86816
74925
78825
84039
60673
72025
79349
76889
59926
89851
43674
58471
97928
62893
58160
41038
61039
90087
58882
63492
65419
78107
79361
112209
97211
77563
68142
106712
72504
55506
98679
113970
94725
84624
68400
64578
59140
65099
98337
112855
76623
41829
97822
93701
67916
96477
109738
48128
72013
86524
108839
95331
106676
67232
64558
91959
108367
78356
32347
74484
90921
101838
82592
40705
40896
76420
92099
56440
69840
60648
55904
105092
62566
56523
74663
73094
83476
112283
103080
97887
77127
31346
105608
52911
63003
32040
44792
59940
112702
81232
88387
88698
66021
89328
98712
20749
46030
75512
82910
78885
38998
49378
102306
67438
83421
37662
32704
90068
94994
48011
13869
56050
109218
55744
52874
32939
54018
38872
98678
76003
105634
97413
37763
62545
67237
111754
78883
105683
99092
45547
83472
87452
85288
63087
45608
32082
113669
42502
109270
99731
31823
66604
107304
108328
113929
102851
31455
87747
38647
62175
64233
31040
54843
79223
64601
45147
100307
62288
64899
98425
15882
59005
113312
77092
92966
31812
81450
85227
60976
111758
71112
84949
55156
55011
32992
55409
101103
58545
107424
102194
89537
60921
51647
61423
88523
55798
107388
71403
63706
72630
34044
73673
44808
37030
42787
67097
104158
73089
46155
47465
84444
109821
60862
98050
50715
92359
48486
109971
90953
109642
21443
112962
106417
74028
74909
93925
110298
109534
44433
64540
57196
97478
76504
80843
28382
109343
61781
46059
93380
104576
80095
33809
60463
63057
52754
100745
36304
98410
64541
80287
64634
48121
53646
98936
55635
33301
37903
90745
34874
35462
58615
113749
77787
63294
70880
41403
38086
33837
107114
111030
57178
60494
28484
75182
33359
106211
56996
29071
55802
78219
96218
39976
99154
50857
88755
82598
98495
99168
59304
28500
80025
50176
54435
55541
89414
32203
36050
95788
47124
82801
31645
59400
40447
74146
44559
55574
89621
91317
69813
86649
54043
62270
80094
44128
54761
102065
113319
27127
84585
104953
94965
80995
46538
112950
108693
106659
72662
80708
65967
56023
108680
30137
58008
39013
68848
109490
40357
86244
40579
90135
82051
47580
70032
69948
88491
112298
38994
37741
51733
97454
107916
87466
34405
16810
73624
88741
61435
81508
39981
78647
40389
30541
110527
96970
48669
81502
104013
46578
52552
71506
97340
54370
112672
77879
66373
55290
47488
57431
50091
53167
40183
95209
90025
97411
35210
97149
100461
32349
2988
72082
48301
42187
102378
61622
69604
91053
31042
80502
66706
82290
60735
95704
47834
65505
25700
60522
65674
41238
32672
72725
108748
50022
83422
103165
73558
88699
75273
54884
80271
95800
50430
89534
113864
38493
80396
53225
87772
89397
102555
109323
40766
62320
50425
66063
88495
83180
65679
32193
35921
113791
77253
51607
108200
80784
54995
29499
103133
88318
50677
83771
45843
35202
49713
52156
86813
66632
101318
96357
65704
35234
47325
39581
64539
93305
68902
100822
68872
107333
102740
104161
77257
99698
51721
69344
46453
104496
108450
58146
33861
72268
32194
106188
59497
32936
67409
32106
87535
90330
104419
90530
37375
86914
82197
25458
53692
112050
31022
59434
104232
100771
93906
45283
104174
45534
61448
97597
96193
64317
93059
113343
59133
32743
68491
70692
82372
30258
57082
62572
101049
64640
42360
30008
48015
101684
45138
60307
90045
78898
102787
80555
42199
41873
97842
78858
58958
101738
43072
99027
60918
39163
45515
111111
84621
38077
67024
110218
91960
79545
29525
36303
80487
64810
82584
40360
53477
80102
32664
74995
100502
57972
53147
38194
39570
107143
57395
101512
50716
65073
98354
37883
78117
69355
106822
72509
65700
44203
82535
80410
78476
32164
113453
109829
81993
78539
54624
81698
91052
67928
97417
47017
41739
96345
36269
54076
99043
56700
32318
113689
41494
35830
107516
80509
50111
79679
37475
75271
81559
52590
71768
108129
61580
85358
59330
51317
87156
70034
109965
52461
86589
80386
96331
35510
63840
34121
55881
76671
52756
104870
63998
56683
110300
70730
42180
114019
77895
113936
72348
105031
43349
107307
84122
94462
70080
99026
33071
93275
111508
65322
100154
70760
107978
104896
80105
97275
86224
41309
86950
42189
82482
62448
65136
76836
111822
28241
54253
108421
43500
64901
98183
88323
81030
101906
48109
100254
68896
49757
90206
102561
84317
111370
104467
38250
37020
31791
94290
89545
73606
47289
102393
73702
109474
33554
113535
81920
75317
113592
43203
97101
44085
47204
45621
98043
43171
48026
62352
103792
60297
58515
71766
52993
105807
64312
59919
57800
113412
87795
38885
60271
65836
113467
23328
70239
69754
77157
82939
106379
63605
43326
59650
36114
65975
53743
88615
58440
42365
107045
60980
53672
41529
67053
91383
94904
89745
55940
39081
99270
90221
54936
92495
45947
93995
62589
63065
40493
109204
56503
79400
36299
113725
80185
108942
103087
79195
37324
93483
41189
39978
66492
72634
94288
41867
100522
37364
38791
107110
91582
49744
47185
113998
104649
109230
65636
41069
112280
78976
58396
64155
89019
73686
58664
47482
53247
90141
30386
56535
49502
76681
49170
34057
67804
73620
60008
83838
44212
73119
111026
66957
57376
98153
102224
113036
91032
30467
97242
93920
69873
109347
68685
103857
65786
83081
65525
53725
68068
53849
64136
113284
93993
103296
72341
110874
106597
88326
80603
48518
111010
98481
