108434
53623
29504
95246
60682
29268
808
93233
55511
85015
51759
100042
56740
112156
30779
45328
104016
57711
71782
56319
46483
82467
40851
92525
96445
27049
92084
83641
71916
108163
105532
80260
70411
70244
37556
121135
49684
94926
107641
82352
91754
85596
96441
80255
32931
60325
63308
49023
103284
51794
72129
91984
107366
27082
69984
96777
78211
92642
88502
60310
97866
70305
81302
56156
44479
78357
39974
96671
76066
21596
90845
68620
100766
82130
23820
68987
32794
113706
79642
45102
105404
108378
109514
96608
98733
76584
104844
93199
61304
103498
96438
67369
31654
28435
58417
62971
7380
41540
50683
42801
58407
91949
49606
90113
53997
74704
93748
38574
104152
39685
53397
54180
44952
83220
72420
80453
94421
87036
34674
93780
39165
43746
79910
99329
33668
43311
34938
29955
57226
104517
123330
52812
38863
66675
104600
27008
73046
65542
59372
88980
113045
92614
77222
34520
96429
81393
106249
95686
56889
43208
88550
70628
53812
100418
33674
78701
39895
97313
46501
72567
105430
28436
42556
43126
93241
79068
89436
113710
110427
57714
41336
62858
98693
73070
101305
51125
26975
79420
29891
76267
31504
76406
91259
35251
7379
113136
51502
84504
110358
89787
78919
84507
37830
46789
41086
38220
61436
96409
103173
102897
90975
50523
48523
37790
84787
157291
37836
98915
56108
32842
110186
93219
77364
85896
55149
77442
54555
86606
89829
92633
40803
41968
50365
93097
72514
40269
85804
77976
55105
55269
107712
61332
104231
33372
90320
74186
107217
81770
95343
28895
48626
92552
46015
78316
112289
112747
57729
70557
113517
46659
84309
68361
37428
65672
89426
109920
22507
79755
61298
78090
114127
37045
87503
88155
68738
58405
97637
68336
81786
56206
61665
113600
103172
55115
91093
56290
40833
51697
41756
111900
96766
89031
102655
78535
80822
79735
68137
62338
59866
99822
802
79442
95197
110057
59422
57446
65370
112197
39304
113883
113142
96602
67672
46609
81892
67087
112703
108852
55735
28258
55482
46200
108579
64726
101264
97636
93099
73088
28434
72158
56629
22822
111269
66880
109324
93098
58191
93715
28651
102057
85783
113971
60534
79504
108699
107743
99019
35736
83238
113035
99435
58420
43327
31752
55111
