108434
29295
103110
52742
79423
32097
26563
53623
29504
50292
47434
102350
85823
77911
95246
49682
93355
82186
73065
64663
80988
60965
60682
85007
29268
26309
808
50982
56842
78512
93233
35433
81795
55511
56782
73421
97626
100948
27399
83213
85015
44263
78712
47000
50261
68179
51759
67209
58481
100042
56740
111151
110490
112090
84276
52603
112156
30779
82967
36275
60270
75987
92551
90824
64532
57210
46957
73375
100131
103331
45328
51161
97404
106832
30991
94775
77849
41084
65539
35447
104016
75666
86432
88654
97816
57711
71782
83364
56319
47884
97496
110359
50078
71547
63511
46483
108589
41216
82467
24226
66729
87508
40851
78813
43616
40230
92525
88127
88690
106944
96445
28688
42037
35438
79843
88521
99781
61565
69936
27049
76041
68421
77248
95289
73041
92084
83641
55120
55884
85011
108511
37979
30992
111960
106976
23968
105247
85927
71916
68095
58507
108163
105532
80260
94439
90235
78455
61199
90571
70411
101367
64549
107055
93548
71573
109572
76608
70244
52197
41387
37556
85335
40893
121135
48380
98744
97307
96249
27906
31477
107873
25938
44341
64431
67406
56981
97205
89994
56532
85163
49684
104718
32304
110554
94926
31800
39356
108659
59226
47322
100203
39072
107641
30944
81720
71014
71001
50670
82352
57643
91754
85596
48692
86380
88750
87833
84038
60481
67284
83399
51639
110102
93624
96441
61336
65984
20626
85220
9993
72863
100815
57894
50081
62593
93111
76779
50701
70474
80255
32931
60325
68960
73272
33623
28237
63308
49023
80518
81027
86823
107857
47679
68026
51727
50674
52803
113245
28592
77199
84027
103284
64044
29702
44077
112914
82972
45472
31809
93243
104082
104695
85249
42665
68371
77027
51729
113604
58100
35446
84302
111117
51794
32727
73275
27483
49664
92758
102013
88347
27085
20012
53671
73852
81605
55656
98322
18919
69244
87767
86012
72129
91984
78532
90758
96235
72225
107366
136774
27082
106397
69984
100201
106531
71815
96355
46184
40901
88234
85307
103551
96777
72760
78211
85568
69372
25917
110464
105474
101319
84470
104281
92642
88502
31517
60310
50330
105972
97866
47836
69221
60619
67078
94676
64550
93158
108132
48443
35386
55990
104854
70305
98759
77973
65989
34123
81302
59867
106281
81577
56156
82704
37580
36798
40723
74978
87263
77121
106878
30941
65868
44479
98702
76339
112710
61977
47699
78357
109024
86454
30558
66471
39974
96671
54871
103838
72958
50215
74027
110222
79039
76644
41490
76066
80403
21596
75115
66172
80259
96399
54389
95060
102376
87272
69602
90845
44231
68620
61204
69023
42463
92375
90142
102862
98599
108598
100766
81612
74833
82540
88754
116214
28562
63542
75179
59487
55992
83532
83694
42711
112418
95025
82130
46380
105805
49013
96143
99213
64064
86911
67767
96664
24225
58300
30600
79235
99704
93999
97442
64347
91662
75573
111961
76633
70791
23820
75700
41671
68987
32794
48754
132680
114067
109067
61972
52941
67311
61024
59781
48225
32412
58994
97537
74761
40271
60035
87802
84637
113706
79642
45102
111122
60718
89615
63462
80266
67934
79350
105404
108378
105625
78054
99307
82551
48041
61688
122761
51608
114143
98217
72669
113654
95018
72316
106378
94527
48125
84282
32790
86960
26391
72794
62303
57644
86381
72860
72520
101281
85250
109514
61595
42709
40890
96608
68182
98733
76422
70402
60115
92844
76584
104844
81198
49341
105186
110442
42396
112257
91148
67108
63678
53308
86463
58702
66214
81755
61933
41872
93199
30947
61531
61304
28996
101162
103498
57604
96438
67369
99134
34131
91536
113215
31654
91503
46594
28435
61778
103396
58480
72109
36238
58417
99290
22559
91365
38915
89495
45301
26527
94816
113393
93678
45083
62971
39312
70867
90465
7380
78967
68379
39255
58365
55388
81567
51849
41540
60493
70419
71604
50683
113787
36764
42801
58407
91949
96843
63464
49606
32083
53772
86429
90113
101803
53997
74704
100163
33978
81713
69969
41865
83848
96686
93748
69919
103289
97656
100130
110413
79521
20542
93431
15386
38574
45696
78147
73743
79278
68485
90425
110056
104152
45078
39447
53673
98044
40962
92441
113172
39685
77487
104440
53397
57663
55372
88537
34038
29274
106477
71802
111760
46199
107308
54180
62075
111884
44952
86379
70868
109915
83936
83580
112113
86070
65336
33361
98078
95865
37430
35673
83220
72420
35726
80453
36170
94421
97548
95151
99700
87036
49260
73619
111705
34674
93780
41250
39165
43746
71002
9022
53989
86555
70420
38177
79910
99329
84278
50751
66194
33668
112588
73815
92916
113137
46606
43952
50076
95058
81717
44413
43311
25728
91209
23338
111718
74583
109303
68210
111935
53639
83527
53855
86944
82968
54809
61725
73798
53525
42600
79490
45052
71816
86448
81780
37913
79994
34938
99555
90231
71560
87443
55283
29955
90549
57226
50614
95100
102899
53827
30993
91868
76654
52065
104474
104748
42988
84477
40997
66873
104517
82784
88867
98820
88440
86736
52765
123330
52812
43762
47494
35537
55721
38863
27353
85458
66675
62792
88685
39486
57740
65325
104600
69927
83560
112487
40964
27008
73046
33446
44398
90220
51722
94379
93967
42948
67404
27656
56572
60842
69013
81426
92985
65542
55220
73652
59372
93211
61434
94806
30384
107394
64803
33505
88980
37859
50324
77574
102363
35054
105530
69162
58009
46945
101178
88066
80278
88024
64221
97164
40726
93307
113045
92614
26558
79726
106861
67960
70524
77222
47667
100813
98537
34520
96429
81393
64232
106249
86612
95686
43876
56889
46599
97124
98830
43208
81308
92829
100486
88550
29453
95056
107379
76796
51662
70628
68544
88019
57434
53812
89675
53670
44698
100418
62230
58999
98681
73307
33674
43644
98220
78701
112215
39895
91708
90402
98647
82966
97313
107647
76486
108866
112553
16722
61741
46501
72567
42753
45151
92514
68112
108313
57790
105430
94823
88683
112433
82775
120814
56316
103440
69384
28436
58523
67355
42556
124419
103037
74976
106838
70205
57911
77353
43126
110647
30395
69387
67559
85264
93241
79068
89436
17664
153248
106360
113710
99587
108134
89106
113133
86211
45011
30498
110427
111089
57714
67112
48751
46955
70869
26801
90995
65508
75755
108130
99436
87493
83336
72661
93751
47299
67380
33206
40727
44017
41336
62858
52526
70590
99303
85872
83715
98693
101960
21527
73070
50613
101305
78508
85349
75549
110363
71182
104031
51125
41793
32308
32154
27404
86609
78717
94408
26975
101969
100387
45316
86741
79420
78182
29891
38528
46981
44369
29431
109660
62886
68092
89689
39886
55996
76267
113852
95335
56783
64728
139626
35051
72891
28997
31504
81570
33305
92101
76406
101017
97429
96593
81763
91259
89257
102454
80374
35251
7379
97554
113136
95267
51502
76408
80455
87742
39738
53254
64534
74192
98459
42657
99335
37214
34391
57535
38868
78257
32860
57665
76340
95518
81112
109934
79416
96802
100582
84504
37362
33181
31435
110358
113942
77861
89787
45288
71992
42295
26576
102353
78919
92243
113978
30080
67895
84507
51178
58248
97273
37830
46789
100314
84097
113667
50966
42684
41086
102215
96670
57919
55514
38220
91821
82693
56147
87218
105380
61436
106551
61887
82945
107869
96409
103173
102897
49142
52217
106941
66014
22768
111125
110145
67393
94083
27664
56234
111303
90975
35440
79432
58027
41321
50523
48523
37790
77921
84787
75457
108448
30859
57616
112767
157291
75206
61431
33711
85944
37836
102360
31433
84349
98915
74739
56108
70202
89259
37371
57538
111823
108084
32842
63543
61915
76429
83594
110186
99437
93219
41090
71567
77364
50444
22765
32539
23740
52341
73092
76466
77014
33374
95853
74545
86228
63606
87148
39393
105671
56217
87463
87620
85896
57829
101633
50424
92693
67050
103063
58537
55149
83903
77442
26466
78709
62616
46182
36423
101847
84394
51507
54555
71830
86606
94573
29214
102255
88774
31350
79388
52475
75440
86549
107638
49611
75469
90381
89829
107955
97592
46448
22958
98266
111520
111568
51638
28708
113158
99308
55621
37706
52545
85853
88410
69396
92633
28520
41088
40803
97139
78298
50488
50112
79958
99572
86138
68849
89142
62052
81023
75493
64280
36164
109924
41968
29019
50365
70520
52591
45787
54019
93097
31769
28384
72514
100242
71420
74483
105102
40269
129657
83917
103024
91151
73177
78098
85804
43206
109568
24224
81960
62072
88927
113123
73902
43170
60079
111714
88134
29706
95104
101957
86977
103035
88639
77976
35640
31348
55105
100453
110692
55467
30943
55269
99906
111719
107712
96772
61332
107789
50169
76941
92837
90828
40314
93703
35702
104231
58470
34163
33372
75203
90320
52930
96527
70879
71660
48013
52075
93758
37234
74186
82325
102375
83022
40850
107217
73894
7387
106664
35449
102794
35550
38839
56846
81770
112716
47617
95343
101679
46801
52540
76428
47044
87830
37702
81576
28895
46646
69645
48626
92552
93485
46015
56539
108088
78316
112129
79831
22255
48564
85383
33702
112289
112747
76023
43282
64697
94768
74951
3505
97348
42984
76364
110646
60674
99827
25404
84277
50522
39252
39408
60046
48328
78708
78788
70515
37195
60836
106759
101980
73567
57729
102305
55741
109911
70557
105975
71128
135589
113517
105278
46659
70015
53888
33030
83699
110395
26651
41603
84309
113502
105369
59346
49323
88987
77266
100950
76913
93625
35524
38213
111698
73219
56525
112195
43977
137743
68361
36395
94703
86458
83997
83484
63271
53306
98987
82969
31033
37428
101470
65672
24644
109762
89830
89426
70535
89384
31198
73832
113152
79516
46607
109569
100660
112895
109920
51734
71011
101265
40548
111882
104116
43342
22507
91101
38672
113797
91739
37007
94014
100398
70676
82431
79755
34169
61298
49054
62483
78090
81950
68860
79996
38494
114127
44762
79128
32938
27282
35445
113349
132310
82852
46685
61877
37045
111952
95668
30948
27736
82674
76753
39898
59323
56795
35616
88106
47199
43525
39837
87503
91478
77019
113824
39194
95994
47472
82955
38871
101653
109087
38079
58258
113241
66415
46989
78178
88155
62588
30380
73363
104760
71008
85361
67512
28457
98200
112479
68738
99156
73684
28849
82578
58405
107147
60654
38500
92695
19294
79878
45757
92349
80062
84157
57435
23209
50485
56731
105847
17672
91491
38179
97637
104247
107208
68336
71672
81786
56206
66083
61327
61665
74244
88529
61178
113600
66206
84279
101077
103172
51637
96412
97826
30078
40936
55115
66089
78818
80771
80712
108289
100250
91444
103839
98235
35654
73563
60351
91093
76254
105568
57150
72335
66379
65706
104309
111196
28790
71450
47194
31390
102993
45528
102386
56290
98083
79220
29729
128833
113266
52411
40833
50744
84032
51697
58035
41756
113068
55715
47075
85907
20010
111874
62311
70445
111900
41204
92537
105971
96766
42368
109292
29269
81150
55262
89031
34480
94007
47200
72301
81186
105344
113820
69581
85406
102655
85638
74753
95244
107016
33003
50610
65707
42460
60398
111389
78535
73085
103128
58832
49819
46722
35552
69388
80564
84284
66086
91772
80822
43363
87212
79735
80190
107511
50697
92953
52594
57823
99782
68137
102822
51775
53892
116691
62338
59866
93395
84723
111064
85248
96525
113106
111247
90781
99822
56353
21844
802
25605
79442
95197
112925
104971
66079
87184
94824
74652
41587
91154
36417
86102
55683
110057
59422
79562
69393
43497
19296
57642
104703
99461
85608
105128
57446
94971
65370
109429
56652
97791
78541
107041
100088
105668
112197
57647
39304
89471
88794
91639
59150
60460
113883
76710
113142
96602
69610
97179
64885
39852
47966
105512
92391
112360
35989
96120
67672
85957
82536
52070
86932
58977
80838
107355
28282
107646
83446
46609
81892
77098
60872
67087
108615
37050
45175
111783
30483
96347
79937
112703
50845
112556
90008
108852
2180
29437
45051
55735
89852
89258
29181
30866
39853
81163
79551
90659
40177
36900
96019
103242
103031
89803
28258
94834
88439
76259
74573
101870
73617
41424
54362
77685
77734
66865
55482
58788
80264
76660
101274
108725
88266
113744
63523
53584
95127
70553
40311
56438
32945
39034
91543
46200
108579
54828
99044
34372
56657
52415
67465
81572
28998
53705
73066
66019
97514
64726
60804
86337
83553
47226
45142
113400
101264
69123
97636
78272
107028
32091
97341
105838
86439
93099
42024
59621
99085
92727
98479
85841
47318
34420
51642
73088
98932
97539
98147
42861
77864
28434
31356
26526
79985
39941
99058
87014
92988
111580
38664
72158
44368
103469
74478
55824
56629
135951
22822
62991
58557
57839
111269
90082
101289
66880
55670
96387
109324
53256
79431
93098
35137
45978
48707
97100
69953
97398
36152
48051
58191
101084
90657
52133
30709
95774
90690
93715
28651
86383
99556
98396
109975
24902
102057
74129
45074
86125
18423
85783
113971
40650
60534
52962
62327
44178
103129
19295
106555
79504
103018
105856
22597
91038
62819
59749
36358
97044
111109
108699
18022
66835
92880
62071
107743
35972
66686
99019
101613
31342
35736
114114
34680
109152
36478
52536
65332
105054
79149
84094
77210
95718
36121
94151
52823
106088
112614
83238
113052
113035
30792
92100
41388
69321
92272
40515
112530
107040
34151
61984
71445
79596
77816
50876
81914
36911
82697
99435
42914
99497
58420
43327
31752
44133
54439
60979
65915
44674
107097
85262
32968
106978
30497
61433
71832
104679
46585
46203
76433
58830
41917
55111
49620
47766
60658
106673
91042
94188
92209
