111366
34911
51648
33894
98900
92261
35348
58293
33897
79217
11730
64222
89535
123353
112730
101771
88200
54384
89129
67647
106761
52502
106154
101482
109332
73221
96234
85909
88585
119138
50985
98106
54606
55935
62727
96132
103515
81357
47379
71617
43078
53507
62731
43692
45242
50994
84813
48053
45856
51542
99702
17877
48546
73747
73323
68522
92067
44269
101480
31051
58638
96903
23988
60737
41547
65513
20224
34822
60216
119584
62719
52510
26108
82610
85000
82795
104136
32291
77914
86509
28597
91380
101030
101807
88788
39484
87906
98889
27397
46084
73371
85256
88071
97433
103023
105184
54654
89532
106920
109283
89230
62190
141697
44312
71448
76005
32292
70267
59183
105307
90199
59157
65191
42537
58242
33909
42879
48912
80156
41502
94715
60381
77036
73548
92273
91607
101112
53505
87504
43708
102883
56840
76247
57397
20455
33321
55766
73817
80519
73249
52506
85547
92025
39236
96274
104328
89888
62099
96354
59524
146799
89307
88940
34910
40652
113508
52509
29992
108696
59140
93701
95331
105608
44792
49378
32939
105683
60862
48486
109343
90745
80025
44559
68848
48301
25700
108748
89534
33861
72268
93906
64317
97842
80487
82535
78476
54076
51317
80386
114019
102561
45621
39081
72634
69873
103296
