82186
56842
78712
41084
35447
75666
24226
88127
28688
35438
73041
85011
41387
85335
48380
89994
56532
47322
81720
57643
86380
87833
67284
61336
65984
85220
57894
50081
50701
51727
28592
82972
104082
42665
51729
35446
53671
55656
98322
136774
46184
88234
85568
84470
105972
93158
98702
47699
109024
86454
87272
90142
81612
88754
28562
59487
55992
105805
24225
93999
52941
48225
80266
79350
72316
57644
86381
42396
86463
28996
34131
46594
103396
26527
39312
51849
60493
96843
53772
101803
15386
53673
62075
83580
35726
111705
41250
70420
84278
113137
71560
66873
88685
39486
81426
94806
37859
80278
88024
97164
93307
106861
98830
81308
88019
53670
73307
43644
112215
98647
108866
16722
103440
58523
103037
69387
113133
27404
113852
72891
28997
81570
92101
74192
78257
32860
37362
71992
102353
113978
113667
96670
87218
49142
111303
35440
85944
102360
22765
77014
86228
92693
36423
94573
102255
98266
28708
99308
85853
28520
78298
86138
52591
45787
31769
74483
105102
83917
103024
91151
88927
113123
73902
43170
103035
31348
107789
50169
40314
58470
75203
35449
47617
101679
87830
81576
46646
112129
3505
84277
50522
110395
26651
113502
49323
73219
43977
98987
101470
89830
112895
51734
113797
34169
35445
27736
76753
58258
62588
71008
73684
38500
17672
104247
107208
84279
76254
65706
104309
128833
113266
58035
105971
42368
65707
87212
102822
85248
87184
105128
57647
76710
85957
79937
89852
29181
103242
77734
80264
88266
70553
28998
53705
83553
113400
47318
26526
74478
57839
30709
105856
101613
105054
92272
40515
112530
107040
77816
99497
54439
60979
107097
61433
46585
49620
