103699
113247
49288
98584
90606
28318
40737
36624
136071
34932
59319
61173
58731
58610
93497
28862
59254
56862
88118
60117
112139
83910
87273
55010
109251
104905
95955
113679
58528
91830
78198
94003
100344
29293
100340
78323
63050
56394
91759
92169
66473
62743
49837
38158
104112
101492
95852
103227
46543
82052
77195
69539
68138
14344
76607
82165
111181
93206
45688
90674
104610
54096
97610
103354
65182
56468
62866
37308
60827
92897
33571
90108
78441
45946
113712
82120
75901
62238
91929
39624
81217
69382
52144
104495
64205
97617
80884
109638
87925
63021
109760
67051
50759
54512
96370
14194
113925
79258
42971
84111
50396
41730
112152
90283
64336
55815
37194
50163
46629
83328
33129
96350
112813
100583
33214
108435
90735
103141
106909
65839
50333
85038
40069
57213
113398
65969
44935
43664
50404
32589
112051
64239
766
67506
70917
104657
50957
40160
26260
72417
99185
36289
49415
94664
108853
28470
60024
85459
61623
72693
111601
86711
46322
101619
45842
109334
30088
103346
87126
105151
81110
95084
56509
70992
37081
101693
81224
73956
55348
112052
52753
14343
50964
80026
40497
46111
101203
79833
79819
83427
60910
138807
62758
99328
84186
59239
97775
54788
61326
99093
91220
104861
42762
113601
39626
52276
73922
98491
31336
67608
96099
65652
68881
54328
114482
64857
114150
75711
65072
36837
94535
103144
78291
74690
34025
31413
59662
96223
102966
110689
105697
48542
69654
65472
56473
44022
42466
105343
107766
49509
26611
66888
33740
90607
19596
86953
77676
62450
75337
85531
61036
57349
94769
33992
100332
78937
49588
74235
62043
65978
65831
67634
110700
113424
24432
68141
112785
29429
64531
87681
60740
52757
47145
68889
66753
28567
78106
93128
85046
59807
33570
97473
18953
42458
89417
57077
34225
82038
57495
46668
106189
93649
83461
92797
113276
106903
98256
85785
102594
62507
42540
96360
25989
35788
55626
59834
31889
35659
94606
24430
64292
100521
32221
45179
54387
37941
74135
97419
105792
77660
44499
54533
86619
81210
99741
70370
54254
88140
81309
14930
84978
36067
63274
104547
66887
78109
68901
80120
92799
77809
69970
100333
72305
82964
76624
38082
101893
111100
55242
26832
85457
71927
63009
98265
57067
90612
82727
29667
93640
113793
21950
107875
47451
78155
51897
28324
108327
71917
74378
105035
93859
63780
85058
34309
38167
54582
91226
24128
88592
31308
55729
79538
102955
32555
73751
64822
25842
95653
78005
83642
106797
78974
71919
58446
98040
58747
66265
119964
25990
74908
32728
99445
105492
72953
54049
75561
57996
83804
15525
767
107918
73057
40572
60378
94968
75308
29746
35754
93508
79246
70432
46029
39953
77712
33438
85791
60577
106375
93130
42188
98888
37945
106720
48451
32093
72017
98566
95346
28780
53720
36239
51283
98580
72577
93054
41497
109434
29820
89430
98009
63290
45361
91774
104742
34173
57959
60071
29626
33522
111858
59256
41804
43559
82361
32558
151608
68204
53156
39003
42796
84281
68985
93269
61039
77563
68142
64578
106676
56440
105092
62566
112283
103080
97887
112702
81232
20749
78885
102306
13869
105634
108328
15882
55011
32992
60921
34044
44808
92359
106417
28382
98410
58615
63294
70880
28484
33359
56996
39976
99168
36050
31645
59400
55574
80094
46538
112950
109490
40357
82051
47580
69948
112298
87466
39981
112672
42187
102378
60735
72725
109323
40766
50425
113791
51607
103133
50677
52156
65704
68872
77257
32106
104232
68491
70692
101049
90045
58958
101738
60918
84621
38077
53477
32664
74995
72509
80410
113453
81698
107516
52756
104870
63998
110300
105031
43349
84122
93275
107978
82482
54253
88323
49757
65836
65975
42365
90221
45947
80185
39978
37364
107110
30386
98153
102224
30467
68685
68068
88326
