53977
83345
55529
38891
47448
48019
107119
108254
42799
46534
89095
81366
75902
67883
105023
75014
93918
77054
37321
43071
88314
91532
103727
90347
107593
56119
112625
79790
113401
84000
90979
103495
52801
72831
65637
93773
69472
84103
103625
58359
105815
72400
76621
72059
47609
57340
88219
49154
58291
69365
113757
81252
45711
113282
109443
81624
106995
90718
55751
92022
96784
92817
105443
99315
86123
99915
101126
81222
108542
83490
102641
92145
72401
33664
92440
57361
36063
57990
71211
108386
84864
92295
36021
53544
61078
46643
44752
70740
60300
67121
53263
110962
45161
113251
69133
106928
61581
104165
83567
79998
40512
94776
44014
111748
112482
40513
106823
69366
83587
98894
40638
74125
66324
102440
32405
42992
53733
53788
86460
103130
72248
112420
106899
57353
59677
82097
107337
95859
101258
38844
71796
55369
93451
13891
84862
86562
39372
43614
73368
39020
85876
80130
62111
86550
58483
68225
56521
70264
30748
70404
37707
82024
70018
69295
85373
75550
100425
64288
68007
57676
34371
47815
41536
91594
110703
105480
