58162
112210
87236
106813
74987
83571
96748
36904
113938
65990
103699
90561
113071
80668
113247
77191
51157
43226
89937
90093
107552
49288
98584
77900
63358
51035
81922
40584
41118
39485
113516
41918
85054
90606
28318
40737
55032
36624
136071
33122
98441
32798
34932
59319
61173
90676
87216
58731
88679
28590
58610
93497
28862
75986
59254
37760
69532
56862
88118
44246
40148
101081
91535
106951
80701
59506
96002
47769
60117
112139
85283
83910
87273
55010
109251
56687
104905
70162
109619
95955
113679
48062
57526
58528
46252
91830
62211
78198
78390
94003
100344
41880
29293
100340
65504
78323
52126
80273
92571
54335
107049
63050
54367
91291
107803
56394
91759
92169
105235
66473
98993
45604
58532
44547
95806
62743
109520
49837
38158
33612
54217
75456
71851
104112
101492
46706
95852
103227
105266
46543
82052
69386
86083
77195
101713
69539
82709
107601
68138
14344
47724
75333
76607
82895
82165
73326
61030
77606
62053
111181
34187
98934
75178
93206
70680
50089
39874
45688
65945
90674
104610
51576
113525
58550
54096
86537
97610
103354
65182
56468
85045
78234
62866
37308
60827
51665
31296
92897
33571
45938
57371
90108
98184
78441
38614
45946
111789
107498
113712
82120
90934
63566
69220
100404
75901
62238
91929
32172
106173
77733
39624
81217
38089
65613
81627
69382
73637
94376
107302
52144
104495
57081
64205
97617
107215
88645
82223
113815
109476
38796
107988
80884
109638
87925
63021
109760
58214
79119
88235
88525
94899
67051
47303
50759
29017
89321
36479
111911
54831
84205
29367
54512
96370
85148
102281
105708
107790
14194
69835
113925
41393
79258
78523
42971
35299
102039
47650
84111
50396
34125
109089
64164
84933
41730
112152
80263
107575
95308
90283
60500
67746
69834
87931
78857
54431
90095
37934
44329
37433
64336
55815
37194
50163
46629
97602
108519
77888
67169
88739
83328
33129
58296
54438
106429
96350
112813
75982
104678
100583
33214
58484
107272
108435
90735
84510
103141
106909
57263
65839
50333
67403
85038
40069
112070
111606
39936
57213
113398
44583
45498
110723
34127
103483
65969
85408
92715
52525
109667
44935
43664
66193
70859
50404
32589
112051
64239
58464
87842
107251
94372
84382
766
67506
95009
88649
70917
104657
68617
89609
50957
40160
26260
72417
66334
99185
36289
49415
101323
94664
108853
28470
103849
60024
109737
85459
61623
108790
100712
72693
111601
110708
86711
85542
36274
46322
61463
101619
75495
50774
77739
53238
113335
45842
45287
92958
90830
109334
30088
103346
99030
81333
93573
34144
108294
87126
76776
34918
37595
105151
78428
81110
36894
95084
45308
56509
111459
78424
70992
37081
68850
30400
101693
81224
108385
49334
73956
30063
55348
112052
102882
109299
52753
111193
14343
50964
68575
80026
73843
60212
40497
46111
72511
80556
55885
101203
79833
113503
79819
60458
97380
77162
83427
60910
27753
89795
138807
34934
111264
72319
91374
77482
45709
106677
71006
62758
99328
113575
77423
84186
100618
59239
68893
94088
97775
54788
79079
40900
51435
61326
99093
91220
104861
88767
42762
87135
113601
79086
39626
52276
73922
98491
36897
31336
67608
96099
53598
102711
65652
73338
81178
68881
112309
87536
54328
109417
33526
84913
114482
64857
96622
94184
114150
86646
75711
31104
65072
36837
113003
88756
102059
86764
65857
53974
94535
80609
103144
78291
74690
32033
34025
31413
59662
107095
62210
78656
96223
96537
91236
96484
102966
110689
26016
40518
105697
93857
51990
58357
48542
105890
69654
58605
43486
74520
100612
112678
65472
56473
44022
42466
105343
37267
107766
49509
26611
98231
31653
49431
66888
33740
66543
90607
19596
86953
65192
77676
47408
62450
75337
85531
41140
77880
56078
61036
57349
88935
61780
68445
97929
94769
105131
33992
100332
78937
49588
72228
74235
62043
89289
106672
65978
33688
65831
67634
110700
113424
24432
68141
97766
70516
112785
29429
58234
93613
88921
38790
64531
78732
32086
87681
81517
60740
52757
47145
37017
68889
66753
28567
78106
93128
85046
98103
59807
111725
109346
91060
33570
61432
97473
18953
78003
42458
41736
89417
76512
92912
33662
56128
35058
42147
33174
57077
34225
82038
56421
57495
33787
89091
90518
97898
46668
83548
67022
36924
31763
106189
93649
83461
92797
93343
113276
110044
107651
106903
98256
103460
41791
61211
85785
102594
62507
42540
104634
90329
96360
25989
35788
55626
59834
94172
90577
31889
66959
35659
94606
45476
24430
71005
64292
100521
35320
54709
32221
91065
54536
73168
45179
81859
32733
92004
79645
54387
37941
89940
74135
63282
97419
105792
84446
77660
44499
54533
62631
102473
49999
86619
81210
64192
65996
41404
99741
104135
77800
68779
70370
54254
87787
88140
55160
58174
96196
81309
85498
14930
97716
93830
53993
69189
99389
84978
102731
76908
36067
84819
63274
104547
72241
70693
81581
66887
78109
105989
31646
68901
80120
55469
32063
32738
92799
77809
74847
113394
34703
66034
69970
86235
100333
72305
82964
47698
81707
52794
76624
93602
38082
79342
49828
101893
111100
108223
86995
112295
87894
95210
55242
26832
85457
71927
33786
86725
56296
81611
66245
73915
63009
108590
66773
45859
50025
42120
98265
57067
90612
82727
29667
93640
59093
113793
21950
102916
107875
47451
109976
78155
71042
51897
61825
55438
105333
28324
48973
108327
71917
97241
74378
53745
105035
87097
93859
63780
54020
36836
69587
65719
106584
85058
52703
49558
112688
98390
43319
34309
82954
108695
38167
58514
65635
48837
45793
55777
54582
85228
72003
59364
91226
103180
103045
24128
38723
88592
31308
63705
27866
48747
55729
48007
79538
102955
32555
73751
69589
64822
25842
95653
79632
78192
90213
78005
83642
65850
53120
106797
102867
78974
71919
52130
58446
98040
58747
66265
119964
25990
61067
74908
110691
32728
70882
72625
88991
64826
65611
69778
71663
60252
80503
70546
99445
48018
41223
69842
67405
105492
51170
72953
92984
56013
61303
106665
106248
54049
30782
80505
26971
44680
73174
43453
75561
110050
87840
107048
57996
83804
72758
15525
56853
767
107918
107131
73057
99045
85879
40572
50173
96273
38161
48784
42246
135463
60378
36264
94968
75600
50848
75308
29746
76556
35754
94325
72057
61908
93508
35997
103401
79246
70432
46029
70537
84202
110918
39953
77712
112496
31717
110724
33438
50911
85791
60577
94862
105882
106375
84502
93130
42188
98888
37945
106720
48451
107344
32093
85719
63225
72017
91043
98566
109516
95346
99749
52994
28780
85317
53720
75646
91483
36239
51283
38913
98580
86508
72577
40897
94760
93054
41497
75297
109434
29820
45820
71791
60574
61721
35819
89430
60903
98009
56447
42088
63290
103137
45361
100429
91774
104742
107518
50088
34173
109163
114018
57959
63874
60071
29626
33522
111858
63632
59256
50140
89077
41804
111681
42553
43559
60013
82361
36246
72299
65233
32558
151608
68204
53156
39003
71082
29495
42796
32443
91219
94469
100637
95777
84281
68985
107463
61281
90933
93269
86544
60673
97928
62893
61039
112209
77563
68142
106712
64578
98337
76623
48128
106676
67232
40896
92099
56440
105092
62566
83476
112283
103080
97887
31346
112702
81232
89328
20749
78885
102306
94994
13869
98678
105634
111754
32082
113669
42502
31823
108328
102851
31455
54843
64601
45147
15882
113312
111758
55156
55011
32992
60921
55798
63706
34044
73673
44808
104158
73089
47465
109821
92359
21443
112962
106417
74909
93925
64540
57196
28382
93380
36304
98410
53646
35462
58615
77787
63294
70880
38086
60494
28484
33359
56996
96218
39976
99154
88755
99168
28500
50176
89414
32203
36050
95788
31645
59400
55574
80094
102065
113319
27127
46538
112950
72662
30137
39013
109490
40357
86244
40579
82051
47580
69948
112298
107916
87466
81508
39981
30541
48669
112672
47488
57431
50091
97411
97149
100461
72082
42187
102378
61622
69604
82290
60735
65505
72725
88699
80271
95800
113864
109323
40766
50425
66063
83180
35921
113791
51607
103133
50677
52156
66632
65704
35234
68872
107333
77257
99698
69344
46453
32194
32936
32106
90330
82197
25458
104232
100771
93059
59133
68491
70692
82372
101049
42360
90045
80555
42199
58958
101738
60918
39163
84621
38077
67024
91960
36303
64810
53477
32664
74995
107143
69355
72509
65700
80410
113453
78539
54624
81698
91052
67928
41739
36269
107516
80509
50111
81559
108129
109965
52461
96331
34121
52756
104870
63998
110300
70730
77895
113936
105031
43349
107307
84122
70080
33071
93275
100154
107978
86224
86950
82482
76836
54253
88323
81030
100254
49757
37020
59919
57800
65836
23328
70239
69754
59650
36114
65975
88615
58440
42365
94904
90221
54936
45947
56503
80185
37324
39978
66492
41867
37364
38791
107110
47185
104649
109230
78976
64155
73686
90141
30386
34057
73620
83838
73119
111026
66957
98153
102224
30467
93920
68685
65525
68068
64136
113284
93993
88326
