40077
63355
110887
50517
90779
59314
104044
70105
49511
79890
52004
35301
75533
58611
53500
57718
101014
55804
97349
100581
95528
68269
42090
69775
110004
64583
71131
55302
54819
105962
104396
27867
109632
58705
53305
46063
92096
45183
86471
69136
63076
77154
41482
36090
65697
89398
38254
52538
92490
58406
78884
60280
112821
78611
59552
101046
61009
86901
52924
113501
111785
71451
52925
45159
36973
67919
108536
49765
49193
75697
60831
102043
107457
45834
100539
62008
69616
114085
67114
28325
89839
97772
96539
67337
29350
100633
104220
84026
112988
69395
47156
109291
78299
59688
98747
97264
32731
66546
25343
86825
113834
29036
110898
60482
106336
85856
43077
37693
28281
80676
79727
33236
88915
32624
55873
52856
92764
94609
80607
109148
73745
66243
76831
56315
113170
50239
71626
94442
60327
93639
101048
107952
49738
76672
93320
94952
50831
63437
96389
45473
100829
55287
74328
112092
107874
95225
72345
65622
44291
39540
56104
44596
32686
28791
56095
78595
67464
78887
42148
64039
72393
98144
80187
72431
31476
55059
45466
102267
112054
64472
106494
113796
41171
80783
111335
39026
53874
52932
32168
81607
60171
66668
72947
85121
36412
114048
103072
90203
53960
65853
101277
114147
112544
113857
83077
102840
58543
47177
113399
61190
73151
32934
102476
84007
103983
94850
53260
111404
110555
97180
106980
67675
64434
74544
71474
45995
49167
103534
75598
58216
111041
82046
69789
44936
47067
67673
110381
63107
46917
108920
98879
84740
77715
77757
104715
48154
70741
56569
99515
72622
95121
75274
109592
110407
53442
72842
45687
94358
99588
108754
59721
79349
59926
58471
63492
98679
94725
91959
77127
32040
88387
76003
83472
85288
109270
113929
64899
31812
50715
110298
109534
44433
46059
104576
52754
48121
98936
113749
75182
98495
82801
34405
61435
78647
52552
66373
95209
50022
49713
96357
108450
87535
104419
37375
53692
112050
31022
30258
57082
64640
82584
50716
44203
96345
52590
71768
70034
111508
97275
41309
42189
33554
113535
98043
52993
77157
53743
60980
62589
108942
93483
47482
53247
56535
113036
91032
97242
106597
111010
