99806
73656
74020
80703
109272
41347
88389
58547
79689
30650
97365
90922
105166
39546
80706
109964
84209
61000
72233
78108
112282
87730
74130
30393
65856
64391
70840
45520
98769
68627
39371
68158
35016
60043
75411
107705
63739
62789
112026
82295
108591
84525
93403
97230
46621
97090
36946
74881
98143
111166
98439
102062
33957
70413
34400
57975
53248
101911
109465
46711
113515
71475
27382
108724
73124
73104
109668
109779
114148
79519
75174
62952
46319
84447
100056
66654
40363
30351
84004
82814
113878
50835
81582
64672
75139
61084
101152
36980
113520
30252
103114
33782
57636
39764
32255
58560
52099
111791
70476
60040
54557
82429
57503
26570
82487
105250
72841
103669
105555
41795
31652
113371
33103
34999
58039
70727
83172
113831
105789
109512
77141
58628
98258
72020
79479
68091
58881
75695
63128
107595
111040
107249
99387
30561
52806
91578
70423
91947
98518
103270
40384
81024
76835
37434
86991
92424
108523
37490
77501
46673
105272
108358
77407
24587
107288
58307
95893
54812
37884
64729
108968
93964
76320
69301
66157
112388
67958
51036
75689
56504
92755
93370
113402
111438
93381
90354
81344
91777
109597
110510
90077
54499
62117
71456
62946
72576
113960
71980
82015
109069
38605
76901
78524
61574
71589
74011
41172
88655
81213
86374
86526
77158
111163
87386
59729
64731
110337
79982
74333
40234
98460
61871
85370
75766
80569
76873
41821
49913
51682
92300
33520
105797
108424
111985
56718
59299
66977
86616
81270
78933
90600
41394
79419
98961
59693
66310
110031
96822
80710
49209
101825
108092
113955
23226
102557
57366
85787
113392
84424
95005
48641
92068
105032
98030
64902
81254
111923
41260
34111
48512
105960
100578
48108
56033
68014
87831
64238
40533
89737
109060
105482
34166
60834
96884
59217
78734
84505
93168
47893
77688
70964
72838
42760
48510
60615
46965
110485
92776
45262
43070
44234
82275
43683
46602
57932
5288
85736
95890
31546
108458
49737
76367
86024
111049
111050
83682
42303
49006
75451
94889
44478
50393
92141
66323
92466
99202
57749
104394
101433
105979
34307
30268
89064
90689
95304
104612
87841
86654
103808
93504
72713
71401
112819
66238
68288
112762
103631
59732
50749
45448
80084
97611
98411
36700
94570
60679
76844
52143
77009
112434
56769
29501
59205
31888
85886
59648
71353
54103
99757
108893
59448
75731
61968
96947
57580
41827
59966
47445
79345
72701
83043
57659
91296
85105
105748
80775
46245
77414
32926
62944
50653
62422
28455
79772
112363
36877
44543
92835
78773
91515
105001
45993
85115
81808
67638
98683
85430
100458
59405
91088
112437
67443
34359
