85823
49682
85007
35433
27399
47000
68179
84276
57210
46957
77849
97816
50078
108589
66729
69936
95289
76608
97205
39072
71001
84038
83399
110102
68960
86823
47679
84027
112914
93243
32727
73275
73852
72225
71815
101319
47836
104854
59867
82704
106878
69602
112418
96143
70791
75700
89615
99307
61688
72669
92844
91148
53308
58702
66214
58480
72109
91365
81567
33978
97656
45696
110056
39447
92441
46199
107308
46606
86944
61725
42600
79490
71816
53827
84477
82784
88867
35537
85458
69013
92985
33505
77574
40726
98537
86612
43876
46599
97124
62230
76486
45151
110647
89106
67112
48751
46955
93751
67380
44017
70590
99303
85349
45316
39886
101017
80455
53254
34391
57665
95518
81112
79416
100582
77861
42295
67895
42684
110145
108448
84349
70202
83594
32539
74545
87620
57829
62616
84394
107638
97139
28384
71420
62072
95104
96527
82325
35550
79831
110646
99827
37195
60836
83997
46607
111882
44762
39898
47199
95994
66415
30380
67512
28849
92349
56731
71672
61327
66206
35654
105568
57150
45528
109292
81150
55262
69581
103128
58832
35552
112925
79562
89471
97179
28282
77098
37050
30866
90659
96019
58788
108725
54828
56657
73066
99085
111580
38664
58557
48707
36152
90657
52133
99556
74129
35972
65332
77210
36121
52823
112614
50876
71832
46203
106673
92209
