106106
43369
49135
34022
100394
59348
51087
72381
114064
106981
71519
58786
80093
80416
77956
90523
49653
82407
94902
70954
108126
55846
58723
109179
94562
92097
68730
100032
81133
54400
85714
59529
44342
73169
96887
80533
92207
39628
83067
55552
45164
97553
106376
31557
104623
84788
63221
53405
102222
38117
58814
32641
108392
55359
77224
87258
91267
103667
54925
104908
100364
54034
109843
41499
43680
113660
99961
80647
81784
44586
32557
104597
45286
63295
106210
102286
89952
59566
40409
66833
107656
60970
39162
34122
107689
61319
99312
31569
72507
80470
58655
90871
92886
79261
92302
57326
72558
62287
105435
32107
63800
48525
94825
82414
81419
54246
67058
111027
47751
48647
98810
33358
45077
110886
93171
100609
101298
104484
65086
37373
77627
54757
87004
112306
70300
46388
37531
111347
34623
76036
136917
68289
42122
106670
77250
71785
84729
51875
95124
105274
62793
50900
57354
32548
56174
76100
64324
71498
87846
67011
43362
60383
42990
72932
85210
47714
44020
79464
87727
31060
72365
86483
107384
95794
84432
12003
103744
43925
31568
84633
73916
70009
54877
91396
35117
91171
56594
98757
96089
96361
29629
43367
112823
55099
76213
90564
52328
62818
110547
91021
80910
88484
47894
59301
58538
113493
43346
110580
96563
73769
55809
62429
112657
43108
31839
66528
103457
44798
64390
79882
53971
71034
60991
112040
81410
67620
113923
50930
91191
30797
89805
93626
66218
52326
60537
71792
45008
47348
94947
45606
44132
80780
104445
22272
104105
75757
69634
53945
112665
84222
50854
69757
111273
108617
49306
83718
102410
94207
100899
46452
58330
92066
79146
92463
58955
79315
66066
70506
91827
52608
114072
62842
37052
81811
93977
57202
86822
101504
89850
24817
33449
62297
100428
102019
108799
54467
90083
85371
106398
36699
107528
38022
87669
61279
86258
70349
68566
62830
68441
99540
82798
111603
56741
49851
51790
44036
45517
98939
68714
107681
54097
28497
88136
103176
95966
98664
34026
42802
54290
54895
60309
109459
80844
110559
78881
79056
86817
98918
49168
82274
63816
112970
63363
87270
38085
32718
91301
76142
91638
93402
95870
69414
38912
59838
44753
55068
88282
90448
49227
91531
68236
88886
104628
42878
103481
97183
45158
75569
72500
100983
79301
106095
91885
40795
62801
48316
45228
52838
93652
111773
60183
76191
71197
50664
100309
69612
104048
95602
75408
74430
38894
66228
107043
78434
68883
58806
65910
88753
45180
45936
56392
83576
58822
36071
30751
106986
50003
33611
31656
65358
91655
78816
97962
104624
86538
95647
78139
56412
87061
28295
130085
38506
39137
37385
111400
106457
58366
83911
111981
57057
109845
46476
88471
56486
97363
40414
72528
77764
90373
109509
57846
42063
101689
74106
112651
113977
49330
103479
110577
44933
32543
92496
59149
79343
84990
109637
70000
36825
63152
46771
41823
47120
90720
66331
107819
59671
32744
66236
107785
80011
54260
103761
74475
33637
64113
77106
87548
70219
87509
92206
36211
72395
43359
50832
72916
81040
86862
68548
68628
107247
78396
52005
79075
108407
37315
76764
89849
82739
39739
85255
86236
39726
92487
53756
56018
91847
50655
112674
79588
57893
54368
33660
77277
71761
90169
41944
49547
61872
32885
96801
49171
92728
110273
65914
112828
45763
40646
87998
39697
68458
112937
47036
49137
63459
106099
110054
60770
30810
61272
91586
54479
112384
97691
54334
71755
97410
98514
105926
51960
104641
32330
58121
38018
94710
104694
86277
49166
63362
88102
48908
40362
113863
101811
111907
97629
61700
32768
94877
55830
106936
36399
80941
83530
70561
49586
108145
81068
90429
41906
42100
80047
111306
76125
104652
69229
111962
71320
51229
35075
34655
64405
78703
31563
93882
76891
66472
56527
80539
102433
30221
90565
76354
85199
69751
101413
45589
89753
77988
54864
30813
82043
102979
106054
93341
110005
93408
63794
42874
90555
60754
68425
78759
67242
105643
97469
47710
113278
99012
86675
113023
100527
104164
29929
87890
81682
33120
113041
108740
41400
112820
113325
58052
61355
31502
100160
90207
109143
112728
83720
44466
31140
40899
81101
107334
33969
91240
75546
37655
26458
52969
56094
78769
50919
107420
33970
69437
53501
70945
70178
74150
92513
93019
71012
77917
62774
54605
100468
75916
52239
103099
98996
50916
76284
109123
81212
78456
95074
57282
75259
57891
79316
47487
69191
90281
52028
50021
76906
81221
60484
68803
107657
111403
114007
33855
112769
113407
38861
105509
61777
37641
46438
92506
61065
54012
75515
86008
111918
66999
91886
104313
112444
102213
80290
108672
106886
104627
74237
100572
87650
112971
41083
94622
74665
31023
61110
98375
102958
99532
71111
73740
75769
93214
102266
37137
54212
40365
65628
88166
65023
139030
62444
70835
69976
35612
99446
73139
39373
61571
85675
80504
94219
91180
65631
112242
58351
56419
77944
57730
36978
102207
41623
112658
87761
111307
20457
31030
55324
69214
69359
37142
83577
60235
95765
75006
93836
35618
41139
56868
43794
66951
74925
78825
76889
58160
58882
65419
78107
79361
97211
55506
113970
84624
68400
97822
67916
96477
109738
72013
108839
108367
78356
74484
90921
73094
88698
38998
83421
37662
90068
48011
109218
55744
52874
54018
38872
97413
37763
45547
87452
99731
66604
107304
31040
79223
100307
62288
59005
77092
92966
81450
85227
84949
101103
107424
51647
67097
46155
84444
109971
109642
97478
80843
80095
64541
64634
55635
33301
41403
33837
107114
111030
57178
55802
50857
74146
91317
86649
44128
108693
80708
90135
88491
37741
88741
40389
110527
71506
54370
77879
40183
2988
31042
80502
95704
60522
103165
75273
54884
50430
38493
80396
87772
89397
102555
88495
54995
88318
83771
86813
101318
47325
39581
93305
102740
104161
51721
59497
90530
59434
97597
96193
113343
32743
30008
48015
60307
102787
78858
45515
110218
79545
80102
57972
53147
39570
57395
101512
65073
78117
47017
99043
56700
32318
41494
35830
79679
37475
75271
59330
87156
86589
35510
63840
55881
56683
72348
94462
99026
65322
104896
62448
28241
43500
64901
101906
68896
90206
111370
104467
94290
89545
73606
47289
102393
109474
75317
113592
43203
48026
103792
58515
71766
105807
64312
87795
60271
113467
82939
53672
41529
67053
91383
63065
40493
109204
36299
79195
91582
112280
58396
89019
49502
49170
57376
103857
53849
80603
48518
