49288
36624
34932
61173
58610
28862
60117
112139
87273
109251
58528
94003
29293
92169
66473
49837
38158
104112
101492
95852
103227
77195
76607
111181
93206
45688
90674
54096
103354
65182
60827
90108
45946
62238
52144
104495
64205
63021
96370
42971
50396
90283
37194
33129
100583
33214
103141
85038
40069
113398
65969
44935
50404
64239
70917
40160
26260
99185
49415
108853
85459
61623
111601
101619
45842
30088
103346
87126
56509
37081
101693
73956
40497
46111
101203
79819
99328
97775
61326
99093
113601
73922
31336
96099
65652
54328
64857
94535
103144
78291
34025
31413
96223
102966
110689
105697
48542
65472
105343
85531
33992
78937
62043
67634
29429
28567
85046
59807
97473
42458
89417
34225
106189
83461
92797
113276
96360
35788
59834
31889
100521
45179
54387
81210
81309
63274
104547
80120
92799
77809
69970
76624
38082
55242
85457
63009
82727
113793
107875
28324
74378
85058
34309
38167
79538
73751
83642
58446
98040
58747
74908
72953
75561
107918
40572
94968
75308
29746
93508
79246
46029
33438
60577
106720
32093
72017
98566
93054
41497
29820
63290
104742
34173
59256
41804
43559
68204
53156
84281
93269
64578
105092
62566
112283
103080
81232
105634
98410
58615
63294
70880
31645
59400
80094
109490
40357
69948
87466
112672
60735
72725
109323
103133
65704
77257
32106
104232
68491
90045
60918
84621
38077
53477
32664
72509
81698
107516
104870
105031
84122
93275
107978
82482
65836
90221
80185
37364
30386
98153
102224
