89474
71115
110414
27843
98711
86281
92131
111366
87188
34911
86775
74653
135162
63735
108798
51648
33717
113640
100915
33894
98900
81091
76098
99069
23976
81137
92261
109113
66980
35348
72570
92157
32016
53431
58293
101150
49245
56294
23938
52584
93516
33897
79217
91425
39018
88711
95737
34194
48867
92832
98325
82364
45537
51671
11730
99573
64222
89535
64591
144325
87388
123353
72135
112730
101771
84225
88200
19979
136739
61816
49624
67610
92710
100328
47853
59452
39164
95141
38267
54384
105010
39265
70829
58189
86276
45173
111251
33304
101844
91649
83583
73650
94334
47938
27080
62188
31503
84650
109413
52814
89129
99400
82663
29984
49386
64535
93966
67647
106761
52502
106154
75764
77915
54998
56058
102273
29241
101482
101435
106714
52230
45160
78642
109600
109332
86254
74884
93759
39167
68410
63001
41049
103171
67370
49857
108810
47066
73221
113055
83586
36349
101899
113648
96234
80246
53410
82675
34896
91971
56767
69410
75319
85909
75355
95014
98762
79237
105973
100704
58599
52111
23230
88585
105581
70834
82005
100763
58613
32751
95810
119138
105125
86588
32059
50985
98106
90855
54606
24676
72539
55935
104285
78536
82796
32734
62727
54750
77955
96132
24160
103515
81357
94708
38841
47379
103132
107644
71617
43078
53507
62731
59894
70389
99280
79511
99887
50690
56673
43692
58007
41599
47089
105113
45631
45242
38862
99967
109787
70735
45925
61794
90792
77255
50994
64806
47231
84813
52129
100796
58188
48053
50724
66212
104021
45856
66620
105428
112366
103572
101317
44414
72568
97054
107627
56616
51542
46244
102308
70078
85384
107946
39387
97874
59800
46834
99702
97121
66261
82900
17877
111225
48546
86311
73747
108445
99325
73323
56014
68522
42094
32560
92019
108635
90547
101490
99908
34006
94429
90363
58169
92067
44269
101480
31051
58638
70924
96903
37383
42215
23988
90054
101614
36221
60737
32665
33790
41547
35071
61551
65513
83480
20224
108768
34822
95396
67245
108004
69345
110253
62770
71446
60216
49120
119584
67957
62719
44130
113338
44399
112077
74081
55249
111497
32436
74899
56358
75079
78487
97665
112208
52510
98623
74628
67375
26108
105639
36766
90941
114126
100694
106464
112478
107033
35988
32736
110489
40567
154444
36265
114477
107941
96000
74019
70985
61334
75350
85035
104043
31457
61006
54216
99878
82610
85000
46187
93905
82795
63196
104136
33810
64410
32291
74152
33873
41401
63359
109100
89469
67177
93943
64621
48489
50913
101654
52999
54330
43451
31979
94464
70047
77914
103438
47605
112258
95952
71587
86509
28597
91380
46266
32161
101030
66631
101807
99729
36097
88788
66650
39484
62108
66085
45977
89083
36531
70677
87604
52871
90197
64898
102045
35996
103579
81679
75248
106691
50750
87906
72366
87231
112041
98889
52231
27397
102232
46084
88005
41047
73371
34873
70519
28528
62284
85256
100632
112563
98054
88071
33508
97433
69596
103023
106666
57577
76074
105184
109095
54654
111137
97038
69809
47376
80776
56441
77148
113534
89532
86036
149920
42798
72671
79494
41556
40728
53985
38113
36893
78789
97155
106920
53159
24503
105291
109283
14036
16073
100981
47597
101366
89230
31650
28123
77041
64279
67878
91104
110897
88493
84948
93246
106556
76457
49997
62190
28366
141697
44312
108688
60694
67343
31992
71448
60637
76005
32292
76782
61973
107872
104724
86085
109158
41342
35953
35965
59450
57069
50743
81532
66306
46053
94900
51602
35132
77638
72952
70267
72704
112067
73589
60569
41064
86976
28354
54075
39518
67356
21525
62185
59183
80751
105307
31657
110185
101161
59350
108665
27826
90199
93301
113969
92494
96440
36929
84489
105082
83033
29001
59157
49394
39734
65191
38088
96530
90521
42537
88738
58242
85240
103260
91554
110557
99996
93994
53984
69841
104441
82381
64367
70101
33909
87916
110411
73910
92547
105677
42879
46586
48912
107949
105575
75118
97151
29210
52003
88411
70398
93552
40754
88923
62992
66115
75728
99966
80156
40087
41502
76781
74798
109715
44320
46867
45799
105241
93908
62447
85860
33376
94715
110450
85497
32160
60381
81209
86061
57815
43590
70828
30184
77036
16405
73548
95008
92273
101922
112760
48222
93339
91607
72873
71334
104991
41869
103040
28821
103545
65852
43615
61602
76103
82396
59649
101112
91297
26113
53505
69124
95118
101588
56596
64129
87504
25293
43243
41053
72322
52741
45181
51650
84836
92348
74310
59106
77789
34362
83155
87058
43708
102883
51165
99697
66847
112757
59038
107228
98395
46405
57005
56099
67176
56840
58585
79286
113072
76247
112675
83873
87534
101843
102532
59501
40832
76543
63083
6670
49108
57397
20455
70391
100128
97192
86656
33321
93784
102809
55766
73817
73760
80519
73249
93404
105463
72534
52506
106919
70522
70984
88747
112180
104395
85547
65141
67171
113524
92025
79838
99987
103856
43232
60558
39236
84283
33208
29171
52234
96274
104328
89888
73270
87409
88371
75841
62099
34305
94424
77303
81895
43639
85336
62585
96354
111817
69383
66867
70368
78803
45075
29690
78521
50026
83069
120357
90629
59524
92627
68859
99080
84211
70899
71603
92255
92709
110419
94111
64510
146799
42712
109297
89307
88940
74476
99041
73840
47503
98698
86536
37022
106426
100417
105290
61720
64446
41601
79789
34910
61675
78087
56522
77987
40652
113508
82014
46889
80092
31575
52509
55330
76970
72211
99538
52486
52232
53552
42555
29992
95637
63461
112194
55768
61032
88313
105637
83655
98842
108696
83377
107448
84210
66622
84039
72025
43674
41038
90087
59140
65099
112855
93701
86524
95331
64558
32347
101838
82592
40705
76420
69840
60648
105608
52911
63003
44792
59940
66021
98712
46030
75512
82910
49378
67438
32704
56050
32939
62545
67237
78883
105683
99092
63087
45608
87747
38647
62175
64233
98425
60976
71112
55409
102194
89537
61423
88523
107388
71403
72630
37030
42787
60862
98050
48486
90953
76504
109343
61781
33809
60463
63057
100745
80287
37903
90745
34874
29071
78219
82598
80025
47124
40447
44559
89621
69813
54043
62270
54761
84585
104953
94965
106659
65967
108680
58008
68848
70032
38994
51733
97454
16810
73624
96970
81502
104013
46578
97340
55290
53167
90025
35210
48301
66706
47834
25700
65674
32672
108748
83422
73558
89534
53225
62320
32193
77253
108200
29499
45843
64539
68902
100822
104496
58146
33861
72268
86914
93906
45283
45534
61448
64317
62572
101684
45138
78898
41873
97842
43072
99027
111111
29525
80487
40360
100502
38194
98354
37883
106822
82535
78476
32164
109829
81993
97417
54076
113689
85358
51317
80386
42180
114019
70760
80105
65136
111822
108421
98183
48109
102561
84317
38250
97101
44085
47204
45621
43171
113412
38885
106379
43326
107045
89745
39081
99270
92495
93995
79400
113725
103087
41189
72634
94288
49744
113998
65636
41069
58664
76681
67804
60008
44212
69873
109347
65786
83081
53725
103296
72341
110874
98481
