32097
50292
64663
80988
26309
50982
78512
81795
58481
82967
90824
73375
100131
51161
106832
30991
94775
65539
86432
88654
47884
71547
87508
40230
88690
106944
42037
88521
61565
77248
55120
55884
108511
37979
106976
23968
85927
68095
58507
90571
101367
64549
71573
52197
98744
97307
96249
27906
25938
64431
85163
104718
32304
110554
39356
59226
100203
30944
88750
60481
51639
93624
9993
72863
62593
93111
28237
80518
68026
52803
113245
77199
64044
29702
44077
31809
68371
84302
92758
27085
20012
81605
18919
69244
87767
78532
90758
96235
100201
106531
104281
31517
50330
67078
64550
35386
55990
77973
65989
81577
37580
36798
40723
74978
77121
30941
65868
112710
30558
72958
74027
41490
75115
66172
80259
54389
42463
92375
98599
74833
82540
83694
95025
46380
64064
86911
30600
79235
99704
97442
41671
48754
132680
109067
61024
59781
58994
74761
60035
87802
111122
60718
63462
67934
122761
51608
114143
98217
113654
106378
48125
84282
86960
26391
62303
101281
61595
40890
76422
70402
49341
105186
110442
67108
63678
81755
61933
41872
30947
57604
99134
91536
91503
61778
38915
89495
94816
70867
78967
68379
58365
70419
71604
113787
36764
86429
100163
81713
41865
103289
100130
110413
20542
73743
79278
68485
90425
45078
40962
113172
104440
55372
70868
83936
86070
33361
98078
35673
36170
95151
49260
9022
86555
50751
66194
73815
43952
95058
81717
25728
91209
23338
111718
74583
109303
83527
82968
45052
86448
99555
90231
95100
102899
104474
104748
42988
40997
88440
86736
52765
47494
55721
65325
69927
112487
44398
90220
51722
94379
93967
42948
67404
27656
56572
60842
55220
73652
61434
30384
107394
50324
69162
58009
46945
101178
88066
64221
26558
79726
67960
70524
100813
64232
92829
100486
29453
95056
76796
51662
57434
89675
44698
58999
98681
98220
82966
68112
57790
88683
120814
67355
106838
70205
30395
85264
17664
106360
45011
111089
70869
65508
99436
83336
72661
33206
40727
52526
101960
21527
50613
78508
110363
71182
104031
78717
86741
78182
46981
68092
55996
95335
139626
35051
96593
89257
95267
87742
99335
37214
57535
38868
109934
96802
26576
30080
58248
91821
94083
27664
56234
58027
41321
77921
75457
57616
33711
89259
37371
108084
63543
61915
76429
99437
41090
71567
23740
52341
39393
56217
87463
50424
67050
103063
58537
83903
26466
101847
29214
88774
75440
86549
49611
90381
22958
111568
55621
52545
69396
41088
50488
50112
81023
109924
54019
73177
43206
109568
24224
81960
60079
111714
88134
29706
101957
86977
88639
110692
30943
99906
90828
34163
52930
70879
71660
52075
102375
83022
73894
102794
56846
52540
76428
37702
56539
108088
85383
64697
94768
97348
42984
60674
25404
39408
48328
78708
70515
106759
101980
102305
55741
105975
71128
135589
105278
105369
59346
111698
112195
36395
94703
86458
83484
82969
73832
109569
100660
71011
104116
38672
62483
68860
38494
79128
27282
132310
82852
61877
111952
30948
59323
56795
88106
39837
77019
82955
101653
46989
73363
104760
82578
107147
60654
45757
84157
23209
50485
38179
66083
30078
66089
78818
80712
91444
103839
73563
60351
102993
102386
79220
113068
47075
85907
20010
62311
70445
92537
34480
113820
85406
95244
107016
42460
60398
73085
80564
84284
66086
91772
80190
50697
92953
57823
53892
116691
93395
84723
113106
90781
56353
21844
104971
66079
94824
74652
36417
69393
43497
57642
99461
94971
56652
100088
105668
59150
60460
64885
39852
105512
92391
35989
96120
82536
107646
60872
45175
30483
112556
90008
2180
89258
39853
79551
40177
36900
94834
74573
54362
66865
76660
63523
40311
32945
52415
86337
47226
97341
92727
85841
34420
98932
42861
31356
79985
39941
92988
44368
103469
55824
62991
55670
53256
45978
97398
48051
45074
18423
40650
44178
103129
106555
103018
22597
91038
59749
36358
111109
18022
66835
92880
114114
109152
36478
79149
95718
41388
69321
61984
79596
81914
36911
82697
30497
76433
47766
