64663
50982
78512
58481
82967
73375
106832
94775
71547
40230
61565
77248
37979
85927
90571
71573
98744
59226
100203
88750
60481
62593
28237
80518
52803
113245
68371
92758
69244
87767
90758
31517
50330
67078
64550
55990
77973
81577
80259
42463
74833
79235
99704
48754
61024
58994
74761
87802
51608
114143
86960
63678
81755
57604
99134
91536
94816
58365
113787
103289
100130
110413
73743
79278
90425
35673
95058
81717
111718
109303
82968
86448
95100
86736
55721
65325
69927
112487
93967
42948
27656
56572
55220
61434
30384
107394
101178
88066
64221
95056
76796
51662
57434
89675
58999
82966
67355
106838
99436
101960
78508
86741
78182
46981
55996
95335
89257
95267
57535
94083
58027
33711
71567
39393
101847
29214
90381
111568
69396
43206
81960
60079
29706
99906
70879
102375
73894
102794
60674
48328
78708
70515
102305
105975
112195
94703
73832
100660
71011
38672
62483
38494
79128
82852
59323
77019
82955
46989
104760
50485
80712
103839
102993
102386
92537
34480
85406
60398
91772
93395
56353
21844
104971
36417
94971
105668
92391
107646
30483
79551
74573
76660
40311
97341
92727
103469
53256
36358
111109
18022
114114
61984
