38882
40077
63355
110887
59810
50517
90779
59314
85124
104044
34868
41996
70105
49511
33954
79890
52004
110657
35301
75533
77105
100752
58611
80191
68217
53500
57718
85859
101014
55804
97349
85729
100581
95528
68269
42090
69775
40926
110004
64583
71131
114069
55302
78936
59849
54819
105962
55513
104396
27867
109632
58705
62121
98297
53305
46063
92096
45183
86471
62947
74176
69136
63076
77154
41482
36090
65697
89398
38254
52538
92490
58406
83568
112723
78884
60280
112821
78611
59552
101046
61009
87406
86901
52924
52992
94359
113501
111785
71451
77279
64321
52925
45159
36973
47590
67919
108536
60620
49765
62415
49193
75697
60831
61798
92970
102043
107457
61363
113240
103119
45834
100539
38961
60452
62008
69616
68871
113950
114085
67114
52508
28325
89839
83788
78677
97772
96539
67337
29350
100633
104220
84026
112988
69395
111140
47156
109291
78299
59688
98747
75536
45986
32133
96358
97264
32731
98145
66546
25343
86825
113834
29036
46713
44043
110898
60482
106336
85856
96964
43077
82618
37693
28281
109084
80676
95142
66244
105301
39572
97591
79727
33236
88915
64413
32624
64802
43868
55873
52856
92764
94609
80607
109148
66976
83575
73745
66243
107829
84649
76831
59747
71931
104400
56315
113170
50239
58358
82255
71626
31524
94442
60327
85546
37319
93639
104402
37004
93860
101048
107952
109286
49738
76672
93320
79749
94952
38437
50831
63437
96389
45473
100829
55287
74328
112092
33661
96275
101901
107874
101678
95225
72345
65622
44291
39540
56104
90039
44596
32686
28791
56095
77317
78595
67464
102044
78887
42148
64039
86985
72393
34920
98144
80187
72431
70737
60462
31476
55059
64202
113237
45466
102267
92296
40891
26114
60003
112054
64472
106494
113796
41171
80783
111335
77441
97940
39026
53874
52932
32168
81607
51190
69118
60171
66668
90581
65475
72947
54628
85121
64970
36412
114048
103072
90203
62999
53960
65853
101277
67335
114147
84220
84542
112544
113857
90615
83077
102840
58543
82904
109326
111004
47177
41322
37528
113399
111499
61190
106713
38736
73151
32934
102476
84007
103983
94850
53260
111404
110555
97180
92211
106980
67675
70171
64434
74544
47937
71474
45995
49167
74374
103534
75598
105103
99853
113373
58216
111041
100034
82046
69789
53641
44936
28859
45992
47067
67673
100675
53626
79082
110381
63107
46917
62951
72925
108920
98879
44599
84740
94549
77715
77757
40749
104715
48154
52503
70741
90032
90396
56569
99515
72622
95121
75274
91015
104962
109592
110407
53442
72842
45687
73166
94358
99588
35992
108754
62454
59721
86816
79349
59926
89851
58471
63492
72504
98679
94725
41829
91959
55904
56523
74663
77127
32040
88387
76003
83472
85288
109270
113929
64899
31812
58545
50715
74028
110298
109534
44433
46059
104576
52754
48121
98936
113749
75182
106211
98495
59304
54435
55541
82801
80995
56023
34405
61435
78647
52552
66373
95209
32349
91053
41238
50022
65679
80784
35202
49713
96357
108450
106188
67409
87535
104419
37375
53692
112050
31022
104174
30258
57082
64640
82584
50716
44203
96345
52590
71768
61580
70034
76671
111508
97275
41309
42189
31791
73702
33554
113535
81920
98043
62352
60297
52993
77157
63605
53743
60980
55940
62589
108942
93483
100522
47482
53247
56535
113036
91032
97242
106597
111010
