6803
109567
51643
53977
83345
105876
53522
32737
81899
55529
38891
47448
48019
72698
107119
108254
42799
83652
46534
89095
81366
34361
110313
112650
68983
55329
75902
67883
105023
70507
98826
75014
93918
111821
97498
77054
37321
58286
43071
59933
88314
91532
103727
90347
50658
26096
107593
48438
56119
77876
112625
79790
113401
84000
87492
90979
103495
52801
72831
65637
93773
69472
84103
77096
103625
32603
111231
58359
105815
69615
100238
72400
50113
102887
76621
73601
6796
70170
72059
47609
57340
88219
49154
63858
81692
72193
58291
93376
69365
113757
69279
81252
45711
113282
109443
52968
99142
38178
62277
81624
106995
111230
45838
34982
32946
90718
18034
69752
112902
55751
88847
103374
92022
96784
68675
92817
53396
34706
73674
34331
105443
99315
86123
45988
86559
94074
99915
101126
81222
108542
65964
83490
85967
102641
91853
113623
52916
98001
92145
46379
72401
33664
89967
92440
77822
97065
57361
36063
49920
112648
34902
68120
57990
71211
108386
84864
92295
80994
36021
105204
53544
61078
46643
44752
70740
60300
30275
96227
98212
67121
53263
110962
26920
45161
113251
69133
106928
60810
61581
111930
62009
104165
83567
79998
51394
40512
38917
94776
86563
83562
113199
44014
97830
111748
112482
37489
40513
107475
106823
69366
83587
67076
98894
40638
104471
74125
66324
102440
87726
53211
32405
42992
53733
75527
53788
86460
103130
72248
112420
106899
72293
57353
59677
98752
82097
60224
107337
95859
99638
64449
77649
54432
37486
111187
101258
38844
71796
113690
37331
55369
91055
93451
13891
66790
71605
74991
89293
111671
112250
74705
84862
86562
39372
43614
51718
73368
102673
114135
87190
88658
64440
113582
44703
97000
65439
105263
47659
58262
39020
38434
53136
85876
80130
58517
54518
60730
44964
60775
104906
52157
99944
107784
44973
49535
62111
86550
58483
68225
78824
47118
101124
77533
9568
95438
69109
87252
38676
56521
86090
70264
30748
70404
88612
37707
104127
68674
55867
79595
38774
93592
72960
88137
82024
93648
70018
30938
108953
69295
85373
75550
108068
100425
99495
75247
50262
101937
64288
54037
68007
72325
28343
59714
57676
103697
34371
72548
47815
54406
50337
35834
113830
75080
95129
41536
91594
110703
105480
82649
