98711
74653
135162
100915
76098
109113
92157
49245
91425
87388
100328
59452
39164
105010
101844
83583
31503
84650
29984
64535
54998
29241
45160
39167
113648
53410
69410
52111
105581
82005
32059
24676
72539
104285
54750
59894
70389
56673
38862
61794
52129
66620
97054
107627
46244
85384
107946
108445
108635
99908
70924
32665
35071
83480
110253
113338
44399
55249
32436
56358
78487
98623
36766
90941
107941
96000
74019
54216
109100
93943
52999
103438
62108
36531
52871
102045
103579
112041
112563
33508
57577
111137
97038
69809
86036
72671
40728
14036
16073
77041
84948
76457
109158
41342
35953
81532
72704
60569
28354
21525
59350
27826
36929
105082
49394
99996
93994
104441
87916
73910
92547
105677
40087
46867
62447
81209
57815
43590
48222
93339
71334
95118
56596
43243
41053
84836
51165
57005
79286
101843
86656
106919
70984
112180
65141
103856
43232
87409
29690
70899
100417
56522
76970
95637
55768
41038
112855
66021
82910
67237
45608
38647
89537
37030
63057
100745
37903
29071
89621
62270
104953
38994
97454
73624
32672
62320
108200
78898
40360
81993
113689
113412
89745
92495
60008
44212
