71115
23976
52584
88711
48867
64591
144325
136739
82663
101435
47066
113055
101899
75355
95014
98762
79237
32751
24160
41599
105428
103572
70078
32560
90363
58169
42215
95396
62770
71446
111497
67375
114126
106464
110489
114477
85035
104043
93905
63196
64410
64621
48489
50913
101654
95952
32161
66631
99729
70677
35996
106691
76074
41556
38113
78789
47597
31650
91104
76782
86085
57069
94900
112067
73589
101161
83033
38088
82381
75118
29210
88411
40754
76781
93908
85497
32160
70828
16405
41869
82396
52741
83155
87058
99697
66847
67176
58585
59501
76543
6670
93784
102809
93404
88747
67171
29171
34305
81895
78803
78521
83069
90629
68859
99080
94111
99041
41601
82014
80092
52486
63461
105637
83377
43674
64558
60648
62545
98425
88523
107388
72630
90953
76504
78219
82598
47124
69813
108680
81502
77253
29499
100822
62572
29525
98354
84317
38885
107045
99270
65636
67804
