89474
86281
87188
33717
81091
81137
53431
39018
92832
98325
19979
61816
92710
58189
33304
73650
62188
49386
75764
77915
106714
109600
86254
74884
49857
108810
36349
82675
34896
91971
75319
23230
70834
100763
95810
105125
78536
32734
107644
79511
99887
50690
58007
99967
70735
47231
58188
50724
101317
72568
102308
39387
111225
101490
34006
61551
67245
108004
49120
112077
75079
97665
74628
40567
154444
99878
89469
67177
66650
66085
45977
87604
88005
80776
77148
149920
79494
97155
105291
110897
49997
60694
66306
54075
67356
62185
92494
96530
110557
105575
93552
88923
62992
99966
109715
45799
30184
104991
103545
72322
45181
51650
74310
59106
112757
59038
40832
63083
70391
100128
97192
73760
105463
70522
88371
43639
62585
45075
120357
71603
92255
64510
74476
73840
53552
61032
66622
82592
76420
63003
98712
67438
56050
64233
42787
61781
33809
54043
65967
46578
55290
90025
35210
47834
83422
45843
64539
86914
45283
99027
100502
38194
32164
97417
42180
80105
65136
43326
79400
41189
76681
65786
