29295
52742
77911
73065
73421
83213
111151
110490
75987
64532
97496
78813
99781
61199
107055
44341
56981
50670
73272
113604
58100
111117
103551
60619
94676
103838
50215
110222
61204
102862
64347
75573
61972
105625
48041
95018
72794
60115
112257
36238
99290
45301
83848
93431
78147
77487
88537
106477
71802
111760
111884
109915
112113
37430
99700
38177
92916
44413
111935
37913
79994
87443
91868
76654
52065
98820
83560
35054
105530
107379
68544
91708
107647
112553
92514
82775
69384
124419
30498
90995
87493
83715
101969
62886
64728
81763
102454
76408
98459
76340
97273
57919
106941
22768
111125
61431
76466
33374
63606
101633
46182
51507
71830
79388
68849
75493
35640
96772
76941
92837
48013
112716
47044
43282
33030
35524
53306
89384
113152
94014
49054
81950
79996
43525
113824
38079
113241
98200
112479
99156
74244
61178
101077
40936
108289
66379
111196
47194
111874
47200
85638
74753
111389
49819
43363
99782
86102
85608
91639
83446
45051
89803
73617
101274
113744
53584
95127
67465
45142
78272
105838
77864
99058
135951
90082
101289
79431
86383
52962
62071
31342
84094
106088
94188
