99806
73656
91199
74020
80703
109272
41347
98372
88389
79104
107219
58547
60301
79689
48790
103987
30650
44424
97365
96337
90922
105166
39546
80706
109964
30224
84209
61000
88341
72233
78108
51750
112282
87730
110334
95182
74130
69895
30393
62425
100717
60033
53603
65856
36291
64391
70840
45520
98769
68627
39371
108559
68158
110446
85600
58827
35016
87306
60043
75411
26574
68386
107705
76102
84397
80604
63739
62789
58037
112026
82295
108591
84525
93403
113463
97230
46621
70555
97090
36946
107868
44550
96545
60805
113901
74881
83648
40906
77264
98143
33251
111166
98439
98161
102062
33957
70413
60102
100251
34400
57975
96567
53248
113105
101911
92753
109465
46711
113515
93525
71475
27382
108724
73124
96575
73104
42367
74860
97399
109668
109779
50858
114148
79519
81214
72394
98624
75174
62952
107922
108547
46319
85151
84447
95269
100056
66654
94783
40363
30351
99167
84004
57656
82814
62703
66486
113878
113579
50835
80121
82747
81582
110095
64672
61959
95277
75139
61084
101152
36980
113520
30252
103114
60796
76378
33782
57636
39764
32255
58560
49555
109464
52099
54914
111791
106038
70476
60040
54557
113847
82429
57503
26570
82487
88650
75667
82745
105250
109825
112826
40355
72841
28905
107358
103669
105555
41795
49736
58803
55724
31652
51040
113371
78746
33103
34999
99758
58039
107497
27090
83021
70727
71230
112292
83172
42824
113831
105789
93086
45036
109512
42840
77141
85184
58628
98258
66144
72020
69569
83403
79479
68091
58881
75695
79310
63128
107595
92623
111040
107249
99387
30561
87082
52806
91578
70423
91947
98518
103270
40384
81024
76835
45557
37434
86991
92424
108523
37490
47412
77501
46673
105272
79874
108358
60044
80623
88762
77407
24587
107288
60692
58307
102894
95893
54812
36353
37884
64729
94921
108968
64835
93964
76320
69301
107386
66157
112388
67958
85611
70857
66771
75545
44074
51036
75689
56504
32764
92755
93370
113402
70948
55636
77843
61963
108179
111438
79873
93381
90354
41825
81344
93653
91777
75596
94964
109597
112321
110510
90077
28617
54499
110669
62117
71456
76667
72391
62946
94284
72576
33063
45357
113960
71980
94176
82015
41459
109069
38605
76901
78524
61574
71589
62392
74011
41172
88655
81213
86374
86526
77158
64572
111163
87386
41933
59729
64731
24131
110337
79982
74333
40234
98460
68093
101147
38727
62428
136314
34858
61871
89111
36070
51594
85370
74376
75766
80569
76873
113884
41821
49913
82469
95294
114066
51682
53115
92300
35134
33520
105797
108424
111985
65309
99973
58637
56718
45987
59299
66977
41589
86616
81270
72005
78933
90600
41394
77312
80714
79419
98961
31354
59693
45392
66310
110031
85676
96822
80710
37609
87512
49209
109155
60222
73748
101825
63778
87079
108092
113955
111267
23226
102557
57366
49643
28618
85787
113392
84424
96658
95005
110333
69762
65069
110968
89124
48641
92068
101765
58254
105032
51098
67387
98030
64902
90165
109174
81254
39620
111923
41260
88766
34111
48512
105960
113009
100578
48108
56033
68014
45846
86262
87831
64238
57566
33249
96856
78056
72581
86809
112692
40533
111680
89737
109060
105482
73246
96088
34166
60834
96884
83080
34492
59217
113760
110866
78734
84505
93168
105809
89685
88239
47893
89127
77688
70964
72838
42760
48510
60615
100268
103223
46965
110485
112151
92776
56999
60265
75691
83413
45262
43070
44234
72583
82275
62791
43683
71389
46602
83864
70759
57932
5288
93841
104726
101163
85736
95890
31546
108458
49737
76367
86024
111049
111050
84995
91014
83682
70263
65241
42303
76948
102623
76081
49006
107927
53759
75451
68573
94889
73771
44478
50393
92141
66323
66889
92466
99905
54751
41458
73354
99202
57749
104394
62208
87510
69760
101433
105979
34712
34307
30268
97206
89064
90689
95304
104612
87841
107576
76846
86654
103808
92500
93504
72713
71401
46185
112819
101759
28616
66238
68288
112762
103631
59732
50749
45448
55547
80084
111605
26230
97611
98411
95043
36700
94570
60679
78055
99644
113765
78710
91299
76706
76844
59679
52143
77009
54787
112434
56769
92450
98667
85048
55550
55326
38344
29501
98658
59205
81952
36623
31888
92369
85886
59648
41817
71353
100565
54103
99757
83408
108893
46902
111378
59448
75731
61968
96947
65661
57580
83865
41827
104047
59966
61970
45390
85319
47445
45356
79345
87517
45994
72701
83043
57659
91296
30233
53741
87696
85105
105748
80775
68555
46245
93126
69224
77414
32926
62944
66148
50653
69470
70842
62422
28455
79772
45383
73536
112363
36877
44543
92835
78773
45942
89816
91515
65759
105001
45993
47165
85115
29413
66141
86676
29821
38348
81808
41780
76657
33512
67638
98683
85430
87524
83561
51022
66098
38302
60278
100458
59405
91088
112437
67443
53265
45400
84517
34359
