58162
112210
87236
106106
38882
106813
74987
83571
96748
43369
40077
49135
36904
113938
63355
110887
34022
100394
65990
103699
59348
90561
113071
80668
113247
59810
77191
51157
43226
50517
90779
51087
72381
89937
90093
107552
49288
98584
77900
63358
59314
114064
106981
71519
51035
81922
58786
80093
40584
41118
39485
113516
41918
85054
80416
90606
28318
40737
77956
90523
55032
49653
36624
136071
82407
33122
85124
94902
98441
32798
34932
59319
70954
61173
108126
90676
87216
58731
104044
34868
88679
28590
55846
58723
58610
109179
41996
93497
94562
70105
28862
92097
75986
49511
59254
37760
33954
69532
68730
56862
88118
100032
44246
40148
81133
54400
101081
85714
59529
44342
91535
73169
106951
96887
80701
59506
80533
79890
96002
92207
52004
110657
47769
60117
39628
112139
85283
83067
83910
55552
35301
45164
87273
97553
106376
75533
77105
100752
55010
109251
56687
104905
58611
31557
70162
80191
109619
95955
68217
104623
113679
48062
84788
53500
63221
57526
58528
53405
46252
102222
91830
57718
38117
62211
85859
78198
78390
58814
94003
32641
100344
41880
108392
55359
77224
101014
55804
97349
29293
87258
85729
100340
65504
78323
91267
103667
52126
54925
80273
92571
104908
54335
100364
54034
100581
109843
95528
107049
63050
54367
41499
91291
107803
68269
43680
42090
56394
91759
69775
113660
99961
40926
80647
81784
44586
32557
92169
105235
110004
66473
98993
45604
104597
45286
63295
106210
102286
58532
64583
71131
89952
114069
59566
44547
40409
95806
62743
55302
78936
109520
49837
38158
59849
33612
54217
75456
71851
54819
66833
105962
107656
104112
101492
60970
46706
95852
39162
103227
105266
46543
82052
69386
86083
34122
107689
77195
101713
69539
82709
61319
107601
68138
14344
47724
99312
75333
76607
82895
82165
31569
73326
61030
77606
62053
72507
111181
34187
98934
80470
75178
93206
58655
70680
50089
55513
39874
104396
90871
27867
45688
92886
65945
90674
104610
51576
113525
109632
58550
54096
86537
79261
97610
58705
103354
65182
56468
62121
85045
78234
62866
37308
60827
92302
98297
51665
31296
57326
72558
92897
62287
33571
53305
105435
45938
57371
32107
90108
98184
63800
48525
94825
78441
38614
46063
45946
92096
45183
82414
111789
107498
113712
86471
81419
54246
82120
67058
90934
111027
63566
47751
69220
100404
75901
62238
91929
32172
62947
106173
77733
48647
39624
98810
81217
33358
45077
74176
69136
38089
63076
65613
81627
110886
69382
73637
77154
41482
93171
100609
36090
94376
101298
107302
52144
104495
57081
104484
65086
37373
64205
97617
77627
65697
107215
88645
82223
113815
109476
38796
54757
89398
87004
38254
112306
52538
107988
70300
80884
109638
92490
46388
87925
37531
63021
111347
109760
58214
34623
58406
79119
88235
88525
76036
83568
136917
68289
94899
112723
42122
106670
77250
67051
78884
71785
47303
50759
84729
51875
29017
89321
36479
60280
95124
111911
54831
105274
62793
50900
112821
57354
32548
78611
84205
29367
56174
76100
64324
59552
101046
71498
87846
54512
96370
85148
61009
67011
102281
87406
105708
107790
14194
43362
60383
69835
86901
113925
41393
42990
72932
79258
85210
78523
42971
52924
47714
35299
102039
47650
84111
50396
34125
109089
44020
79464
64164
84933
52992
41730
87727
112152
94359
80263
31060
107575
113501
111785
95308
71451
72365
77279
86483
90283
64321
60500
67746
69834
107384
95794
87931
84432
78857
54431
90095
52925
37934
45159
44329
37433
64336
55815
36973
37194
50163
12003
46629
97602
103744
43925
31568
108519
77888
67169
47590
88739
83328
33129
58296
84633
73916
70009
54438
67919
108536
54877
91396
35117
106429
96350
112813
91171
75982
104678
100583
33214
56594
98757
96089
96361
29629
43367
58484
107272
112823
108435
90735
84510
60620
49765
55099
103141
62415
49193
75697
106909
57263
65839
76213
60831
61798
90564
52328
92970
102043
50333
67403
85038
107457
40069
62818
110547
112070
111606
91021
61363
39936
80910
113240
103119
57213
113398
88484
44583
45834
100539
45498
47894
38961
60452
110723
34127
103483
62008
59301
58538
69616
113493
65969
68871
85408
43346
110580
92715
52525
109667
44935
96563
43664
66193
70859
73769
113950
50404
114085
55809
62429
112657
67114
32589
112051
64239
43108
31839
58464
87842
107251
94372
66528
84382
103457
766
52508
67506
44798
95009
28325
89839
83788
88649
64390
79882
53971
70917
78677
104657
97772
71034
68617
60991
112040
89609
50957
40160
81410
26260
96539
72417
67620
113923
67337
66334
99185
50930
29350
91191
36289
49415
30797
100633
89805
101323
104220
84026
93626
94664
112988
108853
28470
69395
103849
66218
52326
60024
111140
47156
109291
60537
71792
78299
45008
109737
85459
47348
61623
94947
108790
100712
45606
72693
44132
111601
110708
80780
104445
86711
59688
85542
36274
46322
22272
61463
101619
98747
75495
104105
75536
50774
77739
53238
75757
69634
53945
112665
113335
45842
45287
92958
90830
84222
109334
30088
103346
99030
50854
69757
81333
93573
111273
34144
108617
108294
49306
45986
32133
87126
83718
102410
94207
100899
76776
46452
96358
34918
58330
37595
105151
97264
78428
92066
81110
79146
92463
32731
58955
98145
36894
95084
45308
56509
66546
111459
78424
79315
25343
66066
70506
91827
70992
37081
52608
68850
114072
30400
101693
62842
81224
86825
108385
49334
113834
37052
73956
81811
93977
29036
30063
46713
57202
44043
55348
110898
112052
60482
106336
102882
86822
109299
52753
85856
111193
101504
14343
50964
96964
68575
80026
89850
24817
73843
33449
60212
40497
46111
72511
80556
55885
62297
43077
101203
82618
79833
100428
113503
102019
79819
108799
54467
90083
60458
85371
37693
28281
106398
97380
36699
109084
77162
107528
38022
87669
83427
60910
27753
89795
80676
95142
61279
138807
34934
86258
111264
70349
72319
68566
91374
66244
77482
62830
45709
106677
71006
62758
105301
68441
99328
113575
77423
99540
84186
100618
82798
39572
59239
111603
56741
68893
94088
97775
54788
79079
40900
51435
61326
97591
49851
79727
33236
88915
99093
91220
64413
51790
104861
88767
42762
32624
87135
64802
44036
113601
43868
79086
45517
55873
52856
39626
52276
98939
92764
73922
68714
98491
107681
54097
36897
31336
28497
88136
67608
103176
95966
96099
94609
98664
53598
102711
65652
34026
73338
81178
80607
68881
109148
112309
42802
54290
87536
54328
66976
83575
54895
109417
73745
60309
33526
109459
80844
84913
114482
110559
64857
96622
66243
78881
94184
79056
114150
86646
107829
84649
75711
86817
76831
31104
98918
65072
49168
82274
59747
63816
36837
112970
63363
87270
38085
32718
91301
76142
71931
113003
91638
88756
102059
86764
93402
65857
95870
53974
104400
94535
56315
80609
69414
103144
38912
78291
59838
74690
44753
113170
32033
50239
55068
34025
31413
58358
88282
90448
49227
82255
91531
68236
59662
107095
62210
78656
71626
96223
96537
31524
88886
104628
91236
96484
102966
94442
42878
103481
97183
110689
26016
40518
45158
105697
93857
51990
75569
72500
58357
48542
100983
105890
69654
79301
106095
91885
58605
43486
40795
62801
60327
48316
74520
100612
112678
45228
52838
93652
111773
65472
56473
60183
44022
76191
42466
71197
105343
50664
100309
37267
85546
107766
69612
49509
104048
95602
26611
75408
98231
74430
38894
31653
66228
49431
66888
107043
33740
66543
90607
37319
93639
78434
19596
104402
37004
86953
68883
58806
65910
93860
65192
88753
45180
77676
101048
47408
62450
45936
75337
85531
41140
107952
77880
56392
56078
109286
61036
57349
88935
61780
68445
49738
97929
94769
105131
33992
83576
76672
93320
100332
58822
79749
36071
30751
106986
78937
49588
72228
74235
94952
62043
89289
50003
106672
65978
33611
33688
65831
67634
110700
31656
38437
50831
113424
65358
24432
91655
68141
78816
63437
97962
104624
97766
86538
70516
96389
95647
78139
112785
29429
58234
93613
45473
56412
88921
87061
38790
64531
78732
32086
87681
81517
28295
60740
100829
52757
55287
130085
47145
74328
112092
38506
39137
37385
37017
111400
106457
58366
33661
83911
111981
68889
66753
28567
78106
93128
85046
57057
96275
109845
98103
46476
88471
56486
97363
59807
40414
111725
101901
72528
109346
77764
90373
109509
57846
91060
33570
61432
42063
97473
107874
101678
18953
78003
42458
41736
89417
76512
92912
101689
74106
95225
33662
112651
56128
35058
42147
33174
57077
113977
34225
82038
56421
49330
103479
57495
33787
89091
110577
90518
97898
44933
46668
32543
83548
92496
72345
59149
65622
67022
36924
79343
31763
84990
106189
44291
93649
83461
109637
92797
70000
93343
39540
56104
90039
36825
113276
110044
107651
106903
98256
44596
32686
103460
28791
56095
63152
41791
46771
61211
41823
47120
85785
102594
90720
62507
42540
104634
90329
66331
96360
77317
25989
78595
35788
55626
59834
107819
67464
59671
32744
94172
66236
90577
102044
107785
31889
66959
35659
78887
80011
94606
54260
45476
24430
71005
103761
64292
100521
42148
74475
33637
35320
54709
32221
91065
64113
77106
54536
73168
45179
87548
64039
70219
81859
32733
87509
92206
36211
92004
79645
54387
37941
72395
43359
50832
89940
74135
72916
63282
97419
105792
84446
77660
86985
81040
86862
72393
44499
68548
34920
68628
107247
54533
78396
62631
52005
79075
102473
49999
86619
81210
98144
64192
65996
80187
41404
99741
104135
108407
37315
76764
77800
68779
72431
70737
89849
60462
70370
54254
31476
87787
55059
82739
88140
55160
58174
96196
81309
64202
113237
45466
102267
39739
85498
14930
97716
85255
86236
92296
39726
92487
93830
40891
26114
53993
53756
69189
99389
84978
60003
56018
102731
91847
112054
76908
64472
106494
36067
113796
50655
41171
84819
63274
80783
111335
104547
112674
72241
79588
77441
70693
81581
66887
97940
78109
105989
57893
31646
39026
68901
80120
53874
55469
54368
33660
77277
52932
32168
32063
32738
71761
92799
81607
51190
69118
77809
90169
74847
60171
113394
41944
49547
34703
66668
66034
69970
61872
32885
96801
86235
90581
100333
49171
72305
92728
82964
47698
65475
110273
65914
112828
45763
40646
72947
81707
87998
54628
85121
39697
68458
112937
52794
64970
36412
47036
49137
76624
63459
106099
114048
93602
38082
79342
110054
49828
101893
111100
60770
103072
108223
86995
30810
112295
61272
87894
95210
55242
26832
85457
90203
91586
62999
71927
33786
54479
53960
86725
112384
56296
97691
54334
71755
97410
98514
81611
66245
105926
51960
73915
63009
108590
104641
65853
66773
45859
50025
42120
98265
57067
90612
101277
32330
58121
38018
67335
94710
82727
104694
114147
29667
93640
59093
86277
49166
113793
63362
21950
88102
102916
107875
48908
40362
113863
84220
101811
111907
97629
47451
109976
61700
78155
32768
94877
71042
51897
55830
84542
61825
55438
105333
106936
36399
28324
80941
48973
108327
83530
70561
71917
49586
97241
74378
112544
113857
53745
105035
87097
93859
108145
63780
54020
90615
81068
36836
90429
41906
69587
65719
83077
42100
80047
106584
111306
85058
102840
52703
76125
58543
49558
112688
98390
43319
82904
34309
82954
108695
109326
104652
69229
111962
38167
111004
71320
51229
35075
34655
64405
78703
47177
31563
93882
58514
41322
65635
48837
45793
37528
76891
113399
66472
55777
111499
54582
85228
72003
56527
61190
59364
80539
91226
106713
38736
103180
103045
24128
73151
102433
32934
30221
38723
90565
76354
85199
69751
88592
31308
63705
27866
102476
101413
45589
89753
77988
48747
54864
55729
30813
82043
48007
79538
102955
32555
102979
73751
69589
106054
64822
25842
93341
84007
103983
95653
110005
93408
79632
63794
78192
90213
78005
94850
42874
90555
53260
60754
83642
65850
111404
68425
78759
53120
106797
102867
67242
78974
105643
97469
47710
71919
52130
58446
98040
110555
113278
99012
58747
86675
113023
66265
100527
119964
104164
97180
92211
29929
87890
81682
25990
33120
61067
106980
74908
110691
113041
67675
32728
108740
70882
41400
72625
88991
112820
64826
65611
69778
113325
71663
60252
58052
80503
70546
61355
99445
31502
48018
41223
69842
67405
100160
70171
90207
105492
51170
72953
92984
109143
56013
61303
106665
106248
112728
54049
64434
30782
80505
83720
74544
44466
47937
26971
44680
71474
73174
43453
75561
45995
110050
49167
74374
31140
40899
87840
107048
57996
81101
107334
83804
33969
72758
91240
15525
56853
767
107918
107131
103534
73057
99045
75546
75598
85879
40572
50173
37655
96273
38161
26458
48784
42246
135463
52969
56094
60378
36264
78769
50919
94968
107420
33970
69437
75600
50848
53501
75308
29746
76556
70945
70178
35754
74150
92513
94325
105103
72057
93019
61908
71012
93508
35997
77917
103401
79246
62774
54605
70432
99853
46029
100468
70537
75916
113373
84202
58216
110918
52239
39953
103099
77712
98996
50916
112496
31717
76284
110724
33438
50911
85791
109123
81212
60577
78456
111041
100034
94862
105882
106375
84502
95074
57282
82046
69789
53641
44936
93130
75259
42188
28859
98888
45992
37945
47067
67673
100675
57891
53626
106720
48451
79316
79082
47487
107344
69191
110381
90281
63107
32093
52028
85719
46917
50021
76906
81221
60484
68803
107657
62951
63225
72925
72017
91043
111403
108920
114007
98879
44599
84740
98566
109516
95346
99749
52994
33855
94549
112769
113407
28780
38861
85317
77715
77757
40749
53720
105509
61777
37641
75646
91483
46438
36239
51283
92506
38913
61065
98580
104715
86508
72577
48154
40897
54012
75515
94760
52503
93054
86008
41497
75297
111918
66999
70741
90032
109434
91886
104313
29820
112444
102213
80290
45820
108672
71791
60574
106886
61721
35819
90396
104627
74237
100572
56569
89430
99515
87650
112971
60903
41083
98009
94622
56447
42088
74665
31023
61110
98375
102958
99532
71111
63290
73740
103137
45361
100429
75769
93214
91774
102266
72622
95121
37137
104742
54212
40365
75274
65628
107518
88166
50088
91015
104962
34173
65023
109163
109592
139030
62444
70835
69976
114018
35612
57959
99446
73139
63874
39373
60071
61571
29626
85675
33522
110407
80504
94219
111858
63632
59256
50140
89077
91180
41804
65631
111681
112242
42553
58351
43559
56419
77944
60013
82361
36246
53442
72299
57730
36978
102207
41623
72842
112658
87761
65233
45687
32558
111307
151608
68204
73166
53156
39003
71082
20457
31030
55324
29495
42796
94358
99588
69214
69359
35992
108754
32443
91219
37142
83577
62454
94469
60235
95765
75006
93836
100637
35618
95777
84281
68985
107463
41139
56868
61281
59721
90933
93269
43794
66951
86544
86816
74925
78825
60673
79349
76889
59926
89851
58471
97928
62893
58160
61039
58882
63492
65419
78107
79361
112209
97211
77563
68142
106712
72504
55506
98679
113970
94725
84624
68400
64578
98337
76623
41829
97822
67916
96477
109738
48128
72013
108839
106676
67232
91959
108367
78356
74484
90921
40896
92099
56440
55904
105092
62566
56523
74663
73094
83476
112283
103080
97887
77127
31346
32040
112702
81232
88387
88698
89328
20749
78885
38998
102306
83421
37662
90068
94994
48011
13869
109218
55744
52874
54018
38872
98678
76003
105634
97413
37763
111754
45547
83472
87452
85288
32082
113669
42502
109270
99731
31823
66604
107304
108328
113929
102851
31455
31040
54843
79223
64601
45147
100307
62288
64899
15882
59005
113312
77092
92966
31812
81450
85227
111758
84949
55156
55011
32992
101103
58545
107424
60921
51647
55798
63706
34044
73673
44808
67097
104158
73089
46155
47465
84444
109821
50715
92359
109971
109642
21443
112962
106417
74028
74909
93925
110298
109534
44433
64540
57196
97478
80843
28382
46059
93380
104576
80095
52754
36304
98410
64541
64634
48121
53646
98936
55635
33301
35462
58615
113749
77787
63294
70880
41403
38086
33837
107114
111030
57178
60494
28484
75182
33359
106211
56996
55802
96218
39976
99154
50857
88755
98495
99168
59304
28500
50176
54435
55541
89414
32203
36050
95788
82801
31645
59400
74146
55574
91317
86649
80094
44128
102065
113319
27127
80995
46538
112950
108693
72662
80708
56023
30137
39013
109490
40357
86244
40579
90135
82051
47580
69948
88491
112298
37741
107916
87466
34405
88741
61435
81508
39981
78647
40389
30541
110527
48669
52552
71506
54370
112672
77879
66373
47488
57431
50091
40183
95209
97411
97149
100461
32349
2988
72082
42187
102378
61622
69604
91053
31042
80502
82290
60735
95704
65505
60522
41238
72725
50022
103165
88699
75273
54884
80271
95800
50430
113864
38493
80396
87772
89397
102555
109323
40766
50425
66063
88495
83180
65679
35921
113791
51607
80784
54995
103133
88318
50677
83771
35202
49713
52156
86813
66632
101318
96357
65704
35234
47325
39581
93305
68872
107333
102740
104161
77257
99698
51721
69344
46453
108450
32194
106188
59497
32936
67409
32106
87535
90330
104419
90530
37375
82197
25458
53692
112050
31022
59434
104232
100771
104174
97597
96193
93059
113343
59133
32743
68491
70692
82372
30258
57082
101049
64640
42360
30008
48015
60307
90045
102787
80555
42199
78858
58958
101738
60918
39163
45515
84621
38077
67024
110218
91960
79545
36303
64810
82584
53477
80102
32664
74995
57972
53147
39570
107143
57395
101512
50716
65073
78117
69355
72509
65700
44203
80410
113453
78539
54624
81698
91052
67928
47017
41739
96345
36269
99043
56700
32318
41494
35830
107516
80509
50111
79679
37475
75271
81559
52590
71768
108129
61580
59330
87156
70034
109965
52461
86589
96331
35510
63840
34121
55881
76671
52756
104870
63998
56683
110300
70730
77895
113936
72348
105031
43349
107307
84122
94462
70080
99026
33071
93275
111508
65322
100154
107978
104896
97275
86224
41309
86950
42189
82482
62448
76836
28241
54253
43500
64901
88323
81030
101906
100254
68896
49757
90206
111370
104467
37020
31791
94290
89545
73606
47289
102393
73702
109474
33554
113535
81920
75317
113592
43203
98043
48026
62352
103792
60297
58515
71766
52993
105807
64312
59919
57800
87795
60271
65836
113467
23328
70239
69754
77157
82939
63605
59650
36114
65975
53743
88615
58440
42365
60980
53672
41529
67053
91383
94904
55940
90221
54936
45947
62589
63065
40493
109204
56503
36299
80185
108942
79195
37324
93483
39978
66492
41867
100522
37364
38791
107110
91582
47185
104649
109230
112280
78976
58396
64155
89019
73686
47482
53247
90141
30386
56535
49502
49170
34057
73620
83838
73119
111026
66957
57376
98153
102224
113036
91032
30467
97242
93920
68685
103857
65525
68068
53849
64136
113284
93993
106597
88326
80603
48518
111010
