32097
51161
30991
86432
88654
87508
42037
55120
108511
23968
68095
58507
52197
96249
27906
25938
64431
85163
110554
39356
30944
51639
93624
9993
68026
64044
29702
44077
31809
84302
81605
78532
65989
36798
74978
30941
30558
41490
54389
98599
83694
86911
41671
132680
59781
111122
63462
67934
122761
98217
113654
48125
84282
49341
110442
67108
30947
38915
89495
78967
68379
71604
36764
100163
81713
41865
45078
113172
55372
70868
83936
86070
36170
95151
49260
9022
86555
50751
43952
25728
91209
99555
90231
102899
104474
42988
40997
47494
90220
67404
73652
50324
58009
46945
79726
67960
70524
100813
100486
29453
44698
98681
98220
57790
120814
111089
65508
72661
40727
52526
21527
50613
71182
104031
78717
68092
35051
109934
96802
26576
41321
75457
89259
37371
63543
61915
99437
23740
56217
87463
50424
67050
103063
58537
26466
75440
49611
22958
55621
52545
50488
109924
54019
24224
88134
86977
88639
30943
34163
52930
52075
52540
37702
56539
97348
25404
55741
59346
36395
86458
109569
104116
132310
30948
82578
107147
60654
84157
66083
30078
73563
60351
113068
47075
62311
70445
113820
42460
73085
84284
66086
50697
92953
116691
84723
113106
90781
94824
74652
57642
59150
45175
112556
2180
89258
39853
94834
63523
32945
52415
85841
42861
79985
92988
44368
55824
62991
97398
45074
18423
40650
44178
103129
106555
91038
59749
109152
79149
95718
41388
69321
82697
30497
47766
