106106
51087
72381
71519
58786
80093
80416
90523
70954
94562
68730
44342
73169
96887
80533
31557
104623
84788
63221
102222
58814
32641
108392
87258
109843
41499
113660
44586
63295
102286
40409
66833
107656
60970
99312
31569
58655
79261
92302
72558
32107
48525
94825
67058
111027
47751
101298
65086
77627
112306
136917
68289
42122
71785
105274
32548
56174
60383
42990
72932
47714
79464
31060
86483
84432
103744
43925
31568
73916
54877
91396
35117
56594
96089
43367
112823
55099
52328
110547
91021
80910
88484
59301
96563
55809
44798
79882
60991
112040
81410
67620
113923
50930
91191
93626
52326
47348
69634
111273
102410
94207
46452
58330
92463
79315
70506
114072
57202
86822
101504
54467
36699
107528
38022
70349
68566
99540
51790
44036
98939
98664
54290
54895
109459
78881
79056
49168
82274
63816
112970
32718
76142
91638
69414
59838
90448
91531
68236
88886
104628
103481
97183
45158
72500
48316
45228
76191
50664
95602
74430
66228
78434
58806
58822
30751
65358
104624
86538
78139
56412
111400
83911
88471
56486
97363
40414
72528
77764
109509
57846
101689
74106
110577
44933
92496
59149
84990
109637
36825
66331
107819
59671
103761
74475
33637
77106
50832
72916
86862
68548
68628
52005
39739
39726
92487
53756
91847
57893
41944
49171
92728
110273
65914
112828
45763
87998
68458
49137
63459
105926
51960
32330
38018
49166
40362
113863
111907
97629
94877
106936
83530
70561
108145
90429
41906
111306
76125
69229
71320
51229
35075
66472
56527
102433
90565
85199
101413
45589
82043
106054
110005
63794
42874
90555
68425
67242
47710
99012
113023
29929
81682
113041
108740
44466
107334
33969
75546
53501
74150
92513
71012
77917
100468
75916
52239
103099
109123
95074
57891
90281
81221
60484
111403
114007
61777
46438
61065
54012
111918
104627
100572
112971
41083
94622
61110
102958
102266
37137
54212
40365
65628
88166
65023
62444
70835
35612
73139
39373
61571
85675
80504
94219
91180
57730
36978
41623
87761
111307
31030
55324
69359
37142
60235
35618
56868
43794
58160
79361
97211
55506
113970
68400
67916
72013
108839
90921
37662
48011
109218
55744
52874
54018
37763
99731
31040
79223
100307
85227
84949
101103
46155
109971
109642
80843
80095
64634
33301
111030
74146
91317
44128
90135
37741
40389
54370
2988
95704
103165
38493
87772
89397
102555
88495
83771
86813
93305
90530
96193
30008
60307
102787
45515
110218
79545
80102
39570
101512
65073
99043
32318
37475
75271
63840
72348
99026
65322
28241
43500
68896
104467
94290
47289
103792
58515
87795
60271
113467
82939
53672
63065
79195
49502
49170
57376
53849
