99806
73656
80703
88389
58547
97365
90922
105166
61000
72233
112282
87730
74130
65856
64391
45520
39371
68158
63739
108591
84525
46621
74881
98143
111166
98439
102062
70413
57975
101911
46711
113515
71475
27382
108724
73124
109779
79519
75174
46319
40363
30351
84004
82814
50835
64672
75139
101152
39764
32255
58560
57503
26570
82487
72841
41795
105789
72020
79479
68091
63128
111040
30561
52806
70423
103270
76835
37434
92424
108358
54812
64729
108968
93964
112388
56504
93370
113402
90354
81344
110510
54499
62117
71456
62946
72576
113960
71980
82015
38605
76901
61574
71589
41172
87386
98460
61871
85370
75766
49913
92300
105797
111985
86616
90600
41394
59693
110031
80710
101825
108092
113955
23226
102557
57366
113392
105032
64902
81254
34111
105960
68014
87831
64238
105482
84505
47893
48510
46965
92776
5288
95890
49737
111050
42303
75451
50393
92466
101433
105979
34307
90689
95304
86654
93504
59732
50749
45448
36700
60679
76844
52143
56769
31888
59648
71353
54103
61968
96947
59966
79345
72701
83043
57659
85105
105748
46245
62944
50653
62422
79772
112363
78773
45993
81808
98683
34359
