98584
40737
58731
59254
56862
55010
104905
91759
46543
14344
56468
62866
82120
39624
81217
14194
64336
83328
106909
50333
112051
766
67506
104657
50957
72417
94664
86711
81224
55348
14343
50964
62758
84186
59239
104861
39626
52276
98491
68881
75711
36837
107766
66888
33740
19596
61036
57349
94769
65978
24432
112785
64531
60740
47145
68889
93128
57077
57495
93649
106903
25989
55626
24430
54533
70370
54254
84978
66887
101893
111100
57067
29667
21950
108327
71917
24128
88592
102955
32555
25842
78005
71919
119964
25990
54049
15525
767
35754
106375
98888
98580
72577
89430
98009
57959
29626
33522
32558
61039
106676
102306
13869
15882
55011
32992
60921
44808
28484
39981
50425
113791
52156
101738
80410
113453
63998
43349
54253
88323
65975
42365
107110
68685
