103110
79423
26563
60965
100948
50261
52603
103331
97404
110359
79843
68421
105247
78455
67406
108659
100815
70474
81027
107857
50674
45472
104695
85249
77027
88347
106397
96355
40901
85307
72760
69221
48443
34123
87263
76339
61977
66471
76644
80403
96399
69023
75179
83532
42711
67767
58300
32412
40271
84637
78054
82551
94527
32790
72860
85250
68182
61531
63464
96686
69919
57663
86379
65336
95865
97548
71002
112588
50076
53639
53855
54809
73798
53525
55283
90549
50614
30993
43762
62792
33446
93211
64803
47667
61741
42753
94823
112433
56316
74976
57911
67559
99587
108134
86211
75549
32154
94408
100387
44369
29431
56783
33305
97429
97554
64534
42657
113942
92243
100314
50966
102215
55514
61887
107869
79432
30859
112767
57538
111823
95853
105671
78709
75469
107955
46448
99572
64280
78098
100453
55467
111719
93703
93758
40850
106664
38839
46801
69645
48564
76023
76364
60046
73567
109911
53888
83699
41603
77266
100950
76913
93625
63271
109762
70535
43342
37007
100398
70676
82431
32938
113349
46685
95668
35616
91478
47472
38871
85361
19294
79878
80062
88529
97826
100250
98235
72335
71450
31390
98083
29729
52411
55715
72301
105344
50610
52594
51775
111064
41587
91154
55683
19296
104703
109429
97791
69610
47966
58977
80838
107355
81163
88439
76259
101870
41424
77685
56438
91543
99044
34372
60804
69123
86439
42024
59621
51642
97539
87014
96387
35137
98396
109975
86125
19295
97044
66686
113052
92100
44133
65915
44674
106978
104679
