58162
112210
113938
65990
51157
90093
40584
41118
41918
33122
90676
28590
75986
91535
106951
80701
96002
47769
85283
109619
57526
52126
80273
54335
98993
58532
33612
54217
46706
69386
86083
75333
77606
62053
34187
75178
39874
58550
51665
31296
98184
38614
111789
107498
90934
100404
106173
107215
82223
113815
88235
94899
36479
84205
29367
85148
105708
107790
69835
64164
107575
95308
87931
44329
108519
67169
106429
44583
110723
87842
94372
88649
101323
103849
100712
61463
75495
53238
34918
36894
111459
30063
73843
55885
113503
97380
89795
34934
111264
72319
77482
45709
36897
73338
112309
87536
96622
62210
78656
40518
58357
105890
31653
47408
88935
61780
105131
89289
106672
97766
70516
93613
88921
38790
98103
109346
97898
110044
41791
90329
45476
91065
54536
92004
79645
63282
64192
96196
53993
72241
81581
105989
31646
108223
112295
95210
56296
66245
45859
42120
61825
55438
54020
85228
59364
27866
48007
69589
79632
110691
69778
41223
69842
67405
56013
61303
43453
56853
48784
42246
103401
110918
110724
50911
94862
84502
107344
75646
86508
40897
60574
60903
100429
109163
60013
72299
32443
107463
61281
97928
112209
67232
31346
89328
98678
42502
31823
54843
55156
63706
64540
36304
96218
40579
30541
72082
61622
82290
65505
35234
107333
99698
82197
93059
42199
91960
64810
80509
109965
52461
70730
113936
107307
86950
81030
57800
59650
94904
56503
37324
47185
104649
83838
111026
66957
