72456
41828
57496
107573
51973
82006
39023
87521
111753
38442
34901
52850
91368
92456
72565
113839
113840
43079
61699
102328
67423
58549
113283
78978
72664
34446
31456
64377
110506
111880
108656
44581
49778
59279
105288
89191
49195
24963
70060
75685
50329
44453
102068
105587
111215
57467
94362
111227
113812
102197
63062
85379
89523
92180
77564
80901
100736
113663
61873
107530
24259
7311
111796
64695
77565
95012
79815
99034
58707
87132
100252
75281
78008
79879
38229
32268
48113
45268
78423
111451
26693
66020
73962
46054
35912
54961
62268
105267
65331
84972
52027
92878
55746
47249
80192
29500
58584
66368
88370
81179
49444
66770
49471
113832
87885
58144
90086
71122
57731
48239
76001
100647
85718
51475
81427
38286
90579
68098
79524
61868
67147
69811
24266
47764
28219
78388
105469
84578
54861
59612
83464
40731
83891
67836
87309
99596
81394
67879
94277
70107
100862
106874
108036
60099
104117
77858
82560
54542
110720
69129
86878
105493
52452
89146
76840
78218
43819
113851
52833
88268
35493
107866
38916
89708
42773
48645
73413
88662
62418
40535
44501
50746
111399
77378
41904
64369
68784
60947
99971
62333
64006
101583
34914
94901
73175
43604
76915
85612
62939
48627
71576
33391
87865
38691
50398
31182
38881
80182
88478
50244
87262
94989
78973
62607
102912
96952
80678
69328
85781
53404
37470
106032
55854
97685
77536
100029
47132
80580
41511
57772
62754
88317
82175
100204
63828
37209
70883
95017
29785
95895
108867
84254
69892
90777
59053
84018
56031
99506
48472
20703
33207
74408
103521
106925
73988
88816
85209
92540
38120
43333
92756
113991
75016
91036
103059
44325
94081
102265
70077
107085
41624
66507
100339
79995
52837
80204
99651
75057
112025
110500
95264
30220
100192
44154
59449
55810
95703
35076
101970
49215
44331
74021
114152
64411
54022
35305
110092
79105
33065
89058
43340
84523
113581
64426
77978
59437
57305
43252
88312
104257
51217
33793
40753
34170
53959
70322
79859
52739
48718
58861
110530
34735
100246
77198
81037
102917
54278
84255
58235
60038
57409
83850
72123
50898
41143
90459
111646
69843
85802
85760
100914
108795
84105
81986
96705
80188
58828
64199
53611
56091
106739
52643
92957
72685
110956
64415
47143
69182
49877
79108
73537
85778
63344
104205
99275
61321
109848
33102
59418
74900
48226
56485
88526
68615
78831
98891
44294
108636
54214
98299
98415
65701
46294
100831
76443
64059
113057
72682
97860
84718
45136
84053
72324
52604
82953
108468
105742
78977
63813
62440
108709
35512
89378
30800
110220
93547
71130
61881
111102
80056
61085
102529
76440
112071
78088
84218
99684
42957
71618
95711
76881
74033
39000
111766
50981
46708
104866
58843
107350
53618
85078
43061
86552
65085
76751
64969
95065
101589
63524
79848
104015
50431
25108
67605
84117
32174
75777
45630
83734
77152
87686
109733
63836
111790
102064
84244
86957
34675
59584
33738
64080
32034
48095
61600
97245
97844
61111
90401
43738
82913
81877
64575
68088
66587
58631
81303
65354
80098
102228
77689
58367
90208
38078
53607
48244
87788
38411
60987
80845
70826
44741
65550
73146
90057
66834
109717
102554
71524
99470
50221
58333
38847
45241
111545
49733
95471
58196
87070
86982
92967
40724
101018
69568
82228
109641
111920
109712
96685
90022
102728
58854
24925
98714
66679
91387
101404
65373
41670
26821
90227
72364
30133
94966
54198
89761
73178
23599
51285
74650
109023
91187
91924
104218
91568
39554
69059
47915
67749
98406
98224
97867
88652
56191
79949
27608
77500
91340
51876
30809
71959
103125
41262
99816
