58786
68730
44342
73169
96887
80533
31557
104623
84788
102222
58814
32641
109843
99312
31569
32107
48525
112306
136917
60383
72932
47714
103744
31568
54877
91396
112823
55099
110547
79882
112040
47348
94207
46452
101504
54467
107528
38022
54895
109459
79056
49168
112970
91638
90448
88886
104628
97183
45228
50664
74430
58806
58822
104624
86538
56412
83911
56486
57846
110577
92496
59149
66331
107819
103761
74475
86862
68548
68628
91847
57893
112828
32330
38018
113863
97629
83530
70561
90429
41906
111306
76125
69229
101413
63794
90555
47710
113023
113041
53501
74150
92513
71012
103099
57891
60484
61777
46438
61065
54012
104627
112971
41083
40365
62444
35612
87761
111307
31030
69359
56868
58160
79361
67916
108839
37662
52874
54018
31040
79223
85227
101103
46155
74146
37741
54370
2988
38493
90530
96193
30008
80102
65073
99043
65322
28241
68896
104467
103792
58515
53672
49502
