108434
29295
52742
53623
29504
85823
77911
95246
49682
73065
60682
85007
29268
808
93233
35433
55511
73421
27399
83213
85015
47000
68179
51759
100042
56740
111151
110490
84276
112156
30779
75987
64532
57210
46957
45328
77849
104016
97816
57711
71782
56319
97496
50078
46483
108589
82467
66729
40851
78813
92525
96445
99781
69936
27049
95289
92084
83641
71916
108163
105532
80260
61199
70411
107055
76608
70244
37556
121135
44341
56981
97205
49684
94926
39072
107641
71001
50670
82352
91754
85596
84038
83399
110102
96441
80255
32931
60325
68960
73272
63308
49023
86823
47679
84027
103284
112914
93243
113604
58100
111117
51794
32727
73275
73852
72129
91984
72225
107366
27082
69984
71815
103551
96777
78211
101319
92642
88502
60310
97866
47836
60619
94676
104854
70305
81302
59867
56156
82704
106878
44479
78357
39974
96671
103838
50215
110222
76066
21596
69602
90845
68620
61204
102862
100766
112418
82130
96143
64347
75573
70791
23820
75700
68987
32794
61972
113706
79642
45102
89615
105404
108378
105625
99307
48041
61688
72669
95018
72794
109514
96608
98733
60115
92844
76584
104844
112257
91148
53308
58702
66214
93199
61304
103498
96438
67369
31654
28435
58480
72109
36238
58417
99290
91365
45301
62971
7380
81567
41540
50683
42801
58407
91949
49606
90113
53997
74704
33978
83848
93748
97656
93431
38574
45696
78147
110056
104152
39447
92441
39685
77487
53397
88537
106477
71802
111760
46199
107308
54180
111884
44952
109915
112113
37430
83220
72420
80453
94421
99700
87036
34674
93780
39165
43746
38177
79910
99329
33668
92916
46606
44413
43311
111935
86944
61725
42600
79490
71816
37913
79994
34938
87443
29955
57226
53827
91868
76654
52065
84477
104517
82784
88867
98820
123330
52812
35537
38863
85458
66675
104600
83560
27008
73046
69013
92985
65542
59372
33505
88980
77574
35054
105530
40726
113045
92614
77222
98537
34520
96429
81393
106249
86612
95686
43876
56889
46599
97124
43208
88550
107379
70628
68544
53812
100418
62230
33674
78701
39895
91708
97313
107647
76486
112553
46501
72567
45151
92514
105430
82775
69384
28436
42556
124419
43126
110647
93241
79068
89436
113710
89106
30498
110427
57714
67112
48751
46955
90995
87493
93751
67380
44017
41336
62858
70590
99303
83715
98693
73070
101305
85349
51125
26975
101969
45316
79420
29891
62886
39886
76267
64728
31504
76406
101017
81763
91259
102454
35251
7379
113136
51502
76408
80455
53254
98459
34391
57665
76340
95518
81112
79416
100582
84504
110358
77861
89787
42295
78919
67895
84507
97273
37830
46789
42684
41086
57919
38220
61436
96409
103173
102897
106941
22768
111125
110145
90975
50523
48523
37790
84787
108448
157291
61431
37836
84349
98915
56108
70202
32842
83594
110186
93219
77364
32539
76466
33374
74545
63606
87620
85896
57829
101633
55149
77442
62616
46182
84394
51507
54555
71830
86606
79388
107638
89829
92633
40803
97139
68849
75493
41968
50365
93097
28384
72514
71420
40269
85804
62072
95104
77976
35640
55105
55269
107712
96772
61332
76941
92837
104231
33372
90320
96527
48013
74186
82325
107217
35550
81770
112716
95343
47044
28895
48626
92552
46015
78316
79831
112289
112747
43282
110646
99827
37195
60836
57729
70557
113517
46659
33030
84309
35524
68361
83997
53306
37428
65672
89426
89384
113152
46607
109920
111882
22507
94014
79755
61298
49054
78090
81950
79996
114127
44762
37045
39898
47199
43525
87503
113824
95994
38079
113241
66415
88155
30380
67512
98200
112479
68738
99156
28849
58405
92349
56731
97637
68336
71672
81786
56206
61327
61665
74244
61178
113600
66206
101077
103172
40936
55115
108289
35654
91093
105568
57150
66379
111196
47194
45528
56290
40833
51697
41756
111874
111900
96766
109292
81150
55262
89031
47200
69581
102655
85638
74753
111389
78535
103128
58832
49819
35552
80822
43363
79735
99782
68137
62338
59866
99822
802
79442
95197
112925
86102
110057
59422
79562
85608
57446
65370
112197
39304
89471
91639
113883
113142
96602
97179
67672
28282
83446
46609
81892
77098
67087
37050
112703
108852
45051
55735
30866
90659
96019
89803
28258
73617
55482
58788
101274
108725
113744
53584
95127
46200
108579
54828
56657
67465
73066
64726
45142
101264
97636
78272
105838
93099
99085
73088
77864
28434
99058
111580
38664
72158
56629
135951
22822
58557
111269
90082
101289
66880
109324
79431
93098
48707
36152
58191
90657
52133
93715
28651
86383
99556
102057
74129
85783
113971
60534
52962
79504
108699
62071
107743
35972
99019
31342
35736
65332
84094
77210
36121
52823
106088
112614
83238
113035
50876
99435
58420
43327
31752
71832
46203
55111
106673
94188
92209
