106106
49135
34022
51087
72381
114064
71519
58786
80093
80416
77956
90523
49653
82407
94902
70954
109179
94562
68730
85714
59529
44342
73169
96887
80533
92207
39628
55552
45164
31557
104623
84788
63221
53405
102222
58814
32641
108392
77224
87258
91267
103667
54925
104908
54034
109843
41499
43680
113660
99961
44586
104597
45286
63295
102286
89952
59566
40409
66833
107656
60970
107689
99312
31569
80470
58655
90871
79261
92302
57326
72558
62287
105435
32107
63800
48525
94825
81419
67058
111027
47751
45077
101298
104484
65086
77627
87004
112306
70300
37531
34623
136917
68289
42122
77250
71785
95124
105274
50900
32548
56174
76100
64324
87846
67011
43362
60383
42990
72932
47714
79464
87727
31060
86483
95794
84432
12003
103744
43925
31568
84633
73916
54877
91396
35117
91171
56594
96089
96361
43367
112823
55099
90564
52328
110547
91021
80910
88484
47894
59301
113493
43346
110580
96563
73769
55809
31839
44798
79882
53971
60991
112040
81410
67620
113923
50930
91191
93626
66218
52326
71792
45008
47348
94947
45606
44132
104445
22272
104105
69634
53945
112665
84222
50854
69757
111273
108617
49306
102410
94207
100899
46452
58330
92066
92463
58955
79315
70506
91827
114072
62842
37052
93977
57202
86822
101504
24817
62297
102019
54467
90083
85371
106398
36699
107528
38022
87669
86258
70349
68566
62830
68441
99540
82798
51790
44036
45517
98939
28497
103176
98664
34026
42802
54290
54895
109459
110559
78881
79056
86817
98918
49168
82274
63816
112970
63363
32718
76142
91638
95870
69414
38912
59838
44753
55068
90448
91531
68236
88886
104628
42878
103481
97183
45158
72500
79301
106095
91885
48316
45228
111773
76191
71197
50664
95602
75408
74430
66228
78434
68883
58806
65910
88753
45180
56392
83576
58822
30751
106986
65358
91655
78816
97962
104624
86538
78139
56412
28295
111400
106457
83911
111981
57057
46476
88471
56486
97363
40414
72528
77764
90373
109509
57846
101689
74106
113977
49330
110577
44933
32543
92496
59149
84990
109637
70000
36825
63152
46771
47120
66331
107819
59671
66236
80011
54260
103761
74475
33637
77106
36211
43359
50832
72916
86862
68548
68628
52005
79075
108407
37315
76764
89849
82739
39739
39726
92487
53756
56018
91847
50655
112674
79588
57893
90169
41944
32885
96801
49171
92728
110273
65914
112828
45763
40646
87998
68458
49137
63459
106099
110054
60770
30810
91586
54479
112384
97410
105926
51960
32330
38018
94710
49166
88102
48908
40362
113863
101811
111907
97629
94877
106936
80941
83530
70561
49586
108145
81068
90429
41906
80047
111306
76125
104652
69229
111962
71320
51229
35075
34655
31563
93882
76891
66472
56527
80539
102433
30221
90565
85199
69751
101413
45589
89753
77988
54864
82043
106054
110005
93408
63794
42874
90555
68425
67242
105643
97469
47710
113278
99012
86675
113023
29929
81682
113041
108740
31502
90207
109143
83720
44466
40899
107334
33969
75546
37655
26458
78769
69437
53501
74150
92513
93019
71012
77917
62774
54605
100468
75916
52239
103099
98996
109123
78456
95074
57282
57891
79316
69191
90281
52028
50021
81221
60484
68803
111403
114007
112769
113407
38861
105509
61777
46438
61065
54012
75515
86008
111918
66999
91886
102213
108672
106886
104627
74237
100572
112971
41083
94622
74665
61110
102958
99532
71111
73740
93214
102266
37137
54212
40365
65628
88166
65023
62444
70835
35612
73139
39373
61571
85675
80504
94219
91180
112242
77944
57730
36978
41623
112658
87761
111307
20457
31030
55324
69359
37142
60235
75006
35618
56868
43794
66951
74925
58160
79361
97211
55506
113970
84624
68400
97822
67916
72013
108839
108367
78356
90921
73094
88698
38998
83421
37662
90068
48011
109218
55744
52874
54018
38872
97413
37763
99731
66604
31040
79223
100307
62288
81450
85227
84949
101103
51647
67097
46155
109971
109642
80843
80095
64634
33301
33837
111030
57178
74146
91317
44128
90135
37741
40389
110527
54370
2988
31042
80502
95704
60522
103165
75273
54884
38493
87772
89397
102555
88495
83771
86813
101318
47325
39581
93305
51721
59497
90530
59434
96193
30008
60307
102787
78858
45515
110218
79545
80102
57972
53147
39570
57395
101512
65073
47017
99043
56700
32318
79679
37475
75271
86589
35510
63840
55881
72348
94462
99026
65322
104896
62448
28241
43500
101906
68896
90206
111370
104467
94290
89545
47289
75317
113592
48026
103792
58515
105807
64312
87795
60271
113467
82939
53672
91383
63065
109204
79195
91582
49502
49170
57376
103857
53849
48518
