82186
75666
85011
41387
85335
48380
89994
56532
61336
85220
57894
50081
28592
51729
98322
136774
88234
84470
93158
98702
47699
109024
90142
81612
88754
105805
93999
52941
48225
80266
79350
42396
86463
60493
96843
101803
83580
111705
41250
70420
113137
71560
66873
39486
94806
37859
81308
73307
43644
112215
98647
103440
113133
72891
92101
74192
78257
113978
113667
96670
87218
49142
111303
102360
77014
102255
98266
28708
99308
85853
78298
52591
45787
31769
74483
105102
83917
88927
113123
43170
31348
50169
40314
101679
81576
46646
50522
110395
26651
113502
73219
43977
98987
113797
58258
73684
38500
107208
84279
65706
128833
105971
42368
87212
102822
85248
87184
105128
89852
103242
77734
88266
70553
83553
113400
74478
101613
105054
40515
107040
77816
54439
107097
61433
49620
