56842
78712
41084
35447
24226
88127
28688
35438
73041
47322
81720
57643
86380
87833
67284
65984
50701
51727
82972
104082
42665
35446
53671
55656
46184
85568
105972
86454
87272
28562
59487
55992
24225
72316
57644
86381
28996
34131
46594
103396
26527
39312
51849
53772
15386
53673
62075
35726
84278
88685
81426
80278
88024
97164
93307
106861
98830
88019
53670
108866
16722
58523
103037
69387
27404
113852
28997
81570
32860
37362
71992
102353
35440
85944
22765
86228
92693
36423
94573
28520
86138
103024
91151
73902
103035
107789
58470
75203
35449
47617
87830
112129
3505
84277
49323
101470
89830
112895
51734
34169
35445
27736
76753
62588
71008
17672
104247
76254
104309
113266
58035
65707
57647
76710
85957
79937
29181
80264
28998
53705
47318
26526
57839
30709
105856
92272
112530
99497
60979
46585
