29295
87236
32676
42069
71963
49135
91199
77911
90427
104504
67453
98793
111741
80988
74653
104732
90561
26309
113247
80703
98892
59810
76721
51157
41347
90779
98372
56842
78512
51087
96051
72381
113640
41535
100948
112872
64632
79104
107219
99069
46686
82564
58786
103861
80093
81137
58481
100042
99050
79689
53124
58138
48790
80416
36477
103987
52603
102297
30650
90523
55032
66980
60270
36624
72570
75987
85124
112689
90922
99675
73375
100131
34932
56546
70954
103331
30991
87216
98264
39546
80706
41084
35447
109964
30224
103430
58610
94844
62084
94562
61000
52584
72233
83364
28862
79217
78108
112282
69617
87730
71547
95182
94572
88711
81928
24226
87508
81133
74130
69895
109118
101081
41044
48867
30393
73169
52682
96887
38889
59506
80533
62425
37299
88127
70781
104592
35438
51671
112139
99781
72964
99573
64222
87273
60033
67131
66229
100752
58611
64591
31557
76041
68421
109619
36291
95955
41087
144325
70840
30992
63221
123353
23968
46252
85927
91830
57718
38117
62211
83615
58814
68095
68750
58507
108392
71835
97349
41803
85729
68627
65504
83652
90235
78455
101367
91267
52126
111215
39371
67610
93548
71573
109572
102816
31642
108559
47853
32668
98261
84974
109843
95141
107049
38267
63050
110446
97307
96249
27906
62892
59879
79894
107873
66744
42090
72454
70829
40757
69775
85600
113660
86276
80647
58827
55118
44586
62864
67406
60043
66473
104597
73294
83583
75411
110554
94926
26574
66890
59226
68386
47322
100203
80773
107705
109933
76102
30944
95806
62743
33704
61873
89129
57643
83647
84397
94112
33612
105193
63739
32989
62789
54217
58037
49386
60481
67284
104112
51639
60970
78019
112026
82295
91963
95852
98239
93624
102835
95012
65021
9993
52502
77417
69639
100252
82709
76779
31569
62053
72507
97230
111181
80793
30203
75178
78581
83945
28237
102273
108446
80518
72388
59138
101482
81027
34304
107857
91559
64046
28391
81706
46621
112324
92886
90674
51727
73962
113245
86254
54961
93759
83189
58705
97090
64044
107868
78234
84313
63001
64299
82972
68629
41049
74465
44550
96545
49857
60805
43619
106559
100782
98297
73221
85249
68371
77027
74881
35446
83648
53305
105506
112721
32107
90108
52027
27483
48525
94825
77608
33251
34711
111166
49396
75258
92758
91443
88347
27085
47249
98439
45183
20012
96234
68907
86471
75854
102062
81605
55656
81419
18919
91971
69244
87767
84203
100251
78532
90758
94175
48438
75901
106397
96567
31414
77733
39624
74176
48704
53248
98762
66770
75709
102662
40901
105973
92753
46711
73637
77154
113515
93525
41482
100609
36090
48508
71122
101298
107302
52144
104495
42813
57510
65086
72760
91447
73124
85568
69372
88585
96575
25917
73104
107215
96747
64184
50432
53112
113401
58613
32751
29353
63021
60310
43539
107354
50330
97399
32059
96462
90691
69221
106588
109779
136917
67078
64550
68289
58982
50858
112723
42122
67051
59626
77973
72539
89193
108420
64051
106281
81577
107703
44799
74978
54844
94436
60280
80205
107421
82796
30941
50900
32548
40101
84205
44479
90323
56174
98702
76339
79519
64324
61977
45593
67715
96370
72394
61009
24160
87406
30558
105708
65517
82612
83891
98624
103838
60383
94708
62952
106492
42990
41490
76066
80403
85210
78523
47714
82876
27149
96399
54389
50079
46319
85151
82742
47153
95060
87272
36355
110523
44231
84447
79464
74907
100056
69023
42463
53507
84933
80263
98599
107575
100766
38148
111785
45152
94357
83694
42711
94783
40363
60500
67074
100667
84107
84004
50690
46380
37934
64064
84201
83666
37433
55815
67767
82814
24225
32603
68695
62703
41599
58300
66486
27372
43925
30600
31568
40982
57437
47089
113878
79235
80121
73916
97442
77378
49830
111961
70323
54877
76633
96350
112813
70735
103403
102430
74830
64672
61959
96089
48754
105472
113746
50994
61972
54460
98567
61084
36980
113520
103141
67311
30252
48225
49193
57705
75697
84813
60796
65839
60831
79462
29676
74761
76378
105815
77686
52328
108990
102043
67403
57636
52129
107457
31293
111498
39764
113706
71321
111122
60718
32255
111606
107822
95779
63462
58560
34673
46110
94901
64638
49555
60346
113240
57213
82551
112938
113398
88484
51608
114143
105428
88460
100539
72669
73540
110923
59301
33862
52099
65969
17224
85408
85612
41343
48125
84282
106002
52525
32790
86960
111791
91669
26391
44935
57644
86381
106038
95772
70476
68721
60040
34944
83156
19689
55809
90993
61837
54557
64239
76422
97793
82429
87842
57503
85384
49341
105186
26570
37109
112257
79993
34877
34050
46834
44798
67108
72303
24845
88478
83901
88650
82745
79882
87941
53594
17877
70917
30947
105250
109825
88219
78677
16556
61531
112826
86311
57604
54970
57347
72841
99134
96539
96952
91536
107358
113215
91503
103669
24781
61778
105555
41795
91191
36289
36238
22559
104220
84026
101959
52587
55724
31652
26527
83965
108853
93678
45083
69395
39312
52326
26310
82690
70867
42094
109291
47802
78967
85459
68379
77536
47348
61623
111601
34999
29363
51849
58039
107497
70419
85542
50683
113787
90363
45711
78791
104450
104367
91949
72578
49606
32083
73649
86429
70727
117378
104070
71230
101480
69634
53945
70924
83160
101803
74704
100163
42935
81713
37383
36796
83172
69969
90830
41865
99142
90054
83848
69919
103289
109334
30088
103346
99030
99484
75785
113831
60737
100130
105789
72923
79521
77754
106466
65513
73743
95895
102410
83480
109512
42840
61359
94207
89082
105151
77141
92066
113845
52601
92463
77487
44256
56098
57663
98145
36894
95084
45308
34038
101682
106114
107308
70992
37081
85184
70868
101693
58628
107614
49334
113834
98078
36541
95865
91142
67957
98258
35673
112052
96404
86822
55320
44130
113338
44399
70054
69569
83403
112441
63677
58881
55249
75695
55170
79310
63091
88816
50024
60701
95151
49260
89850
73723
75079
13295
95674
73843
107595
78487
30683
60212
27627
9022
46111
44411
62297
8856
9552
105811
61158
38439
113503
107249
99387
50751
30561
87082
103496
73815
96804
113137
92022
36699
43952
109084
67375
105639
44413
38022
91578
83427
60910
70423
18543
23338
111718
109303
96516
95142
100694
72319
98518
68566
111935
53639
107033
112456
106677
40384
80071
81024
81970
40074
76835
53855
82968
45557
54809
99540
73798
100618
39572
84506
86448
86991
79994
94088
97775
154444
42826
97591
84310
90549
42337
108651
45470
50614
95100
102899
51790
104672
58203
114477
88767
42762
87135
37490
55391
81160
79086
47412
74019
47647
55873
42988
98939
46673
95801
66918
57205
107681
54097
36897
104517
105272
105909
89569
61006
53155
54216
79874
108358
67608
80623
88762
86736
99878
105443
73338
43762
47494
77407
55721
60568
85458
66675
80607
65721
82795
137950
104808
88685
39486
24587
60692
54290
54328
83575
69927
74156
98620
45988
58307
112487
33446
79056
102894
90220
32858
94379
93967
42948
86817
67404
76831
27656
51581
113522
95893
82274
63816
112970
81426
43361
37884
103446
73652
98803
61434
91301
78681
76142
30384
103323
107394
64803
64621
97897
102059
94921
108542
83559
48786
94535
80609
69414
58009
96914
66409
41352
101178
88066
74690
44753
50239
100118
47091
77914
32413
64835
50563
91531
113637
59662
92145
111365
71626
93964
26558
96537
106861
104628
97461
91236
67960
29747
58447
70524
70373
97183
100813
83308
105697
69301
66157
72500
92440
90315
103450
47934
85745
67958
60327
48316
29453
95056
45228
51662
70857
56473
43204
88019
60183
44022
57434
49692
89675
44698
58999
98681
44074
57465
109839
79105
82656
85546
38251
49509
50145
51036
91708
95602
75408
90402
59403
66228
54768
33597
82966
90197
80570
108866
112553
16722
65665
91056
36704
81679
42753
88167
57790
37004
94823
75248
86953
88683
67705
112433
56504
92755
33793
105833
77676
67355
42556
40753
28235
110752
90166
46300
103037
98889
27397
60165
46084
71211
57911
55682
68875
77353
70948
94769
41047
55636
77843
70322
110647
69387
76672
58822
108386
108179
111438
30751
17664
58768
153248
99873
77713
78937
46645
103840
93381
38773
55026
77865
108134
41825
62043
97433
33234
113133
69596
103023
81344
86211
30498
105184
70869
74508
50831
113424
92437
65358
44306
26801
65508
94964
75755
109597
108130
92295
111137
99436
112174
83336
60752
86538
112321
47299
47376
90077
36021
28617
93613
52526
83715
78661
98693
111345
58235
81517
101960
113534
67870
28860
54499
111400
78508
42798
44327
75549
71456
71182
104031
76667
72391
88471
56486
97363
40414
87973
100257
86609
94284
72576
109509
100387
57846
86741
78789
57356
45357
91051
78182
38528
46981
44369
71980
109283
101689
62097
42503
74106
60300
33599
68092
100981
47597
56128
35058
28123
56783
108037
110804
139626
35051
85938
82015
34225
41459
28997
56421
62299
93246
89091
110577
34112
97898
78524
33305
44933
92101
38218
102132
61574
62190
104018
45756
62392
59149
89257
67022
39271
80374
38534
95267
108274
41172
88655
92797
72756
86147
91864
64534
88586
42657
81213
67343
36825
53263
77586
107651
71448
38868
78257
98256
63728
32860
32686
77158
56095
112076
78819
90720
82411
62507
52643
90329
66331
35411
111163
87386
41933
59834
59671
87195
94172
66236
59729
64731
31889
101824
86085
35659
31435
35953
94606
45288
103761
59023
24131
71992
86713
57069
26576
50743
78057
64113
77106
92243
110337
105277
46053
79982
30080
51602
59361
73527
100314
84097
50966
32733
55514
54387
89724
110917
101147
72916
61436
59024
56762
110956
73589
38727
106551
91875
84446
107869
107910
86862
72393
49142
62000
80243
106941
66014
67393
62428
80209
107247
136314
35440
79432
98144
58027
65996
34858
61871
39089
89111
31657
106633
77921
75457
110185
101368
30859
55059
157291
75206
82350
33711
85944
85370
37326
31433
39739
74376
74739
44034
70202
27826
39726
92487
57538
111823
29559
67148
90199
93830
113969
36929
75766
83033
33606
56018
64515
80569
110186
36067
99437
39734
76873
104501
71567
50444
71813
90521
41085
41548
80786
41821
82587
88775
77014
58242
113468
34783
39393
105671
56217
95294
44014
114066
87463
57578
71761
77809
72582
50424
74847
67050
103063
84165
84938
51682
83903
89623
53115
67441
63357
66034
35134
93994
77256
46182
69134
36423
91388
105797
101847
108424
92728
111985
82964
65309
47698
54555
110273
65914
112828
44294
56718
102255
59299
66977
54628
64605
79388
92547
68458
42879
52794
46586
49137
107949
42921
76624
106099
114048
49611
75469
90381
99798
75118
107955
110054
72005
82232
46448
88411
78933
103538
89429
51638
72645
93552
55621
66227
37706
52545
41394
88410
77312
69396
63871
28520
98961
97410
50488
88436
105926
99572
68849
89142
75728
41218
47228
78757
64280
55418
59693
105737
109924
90612
101277
45136
104694
45787
54019
80032
85676
65681
80710
49166
37609
63362
84108
107875
93908
113863
60222
33376
46473
129657
42992
101825
53733
32160
52123
83917
84576
101062
103024
80481
60396
108092
44591
78098
113955
106936
108488
43206
86061
24224
23226
81960
88927
83530
113123
60079
74378
111714
73647
57366
75300
93859
108145
90615
109983
36836
88134
49643
95008
29706
28618
95104
85787
101957
103035
105692
69458
88639
83077
113392
76860
35640
102840
76125
71205
97229
49558
30943
99906
111719
82904
107789
64162
35408
85885
109326
50169
79437
96658
103040
89378
94559
92837
95005
110333
101278
71320
51229
35075
106411
46514
34163
33372
43615
93547
75203
110968
79433
76103
89124
110449
70879
41033
92068
66472
71660
101765
52075
111499
62212
54582
58254
93758
103145
36335
67387
102375
64902
75643
80578
62041
69124
73894
81254
101747
39620
35449
102794
63934
69751
101588
38839
90176
81194
109890
111923
108645
41260
52540
101413
76428
45589
87830
88766
37702
48512
108391
32306
81576
112765
55729
48626
111031
69298
37082
79538
92552
52741
106054
112129
76423
113100
103983
48564
27219
110005
79632
68014
78192
45846
94850
77789
87831
42874
54382
53260
103494
105745
33249
42984
111947
111404
68425
65367
106797
67242
77649
97469
47710
96856
78056
110555
113278
99012
86124
62385
60046
44540
48328
78708
78788
62698
110939
81682
43468
101258
33120
61067
85078
74908
110691
32728
108740
101526
70515
38844
72861
56099
86809
112692
40533
35720
33795
89737
58585
70015
105492
60992
53174
83699
113072
109060
106341
76247
106665
43558
105482
113838
83873
105369
87534
100337
64434
73246
99601
103113
88987
96088
44466
47953
101700
77266
28607
67809
76543
71474
100950
60834
93451
77798
76913
98486
96884
74374
49108
112195
50318
107334
83804
59217
33969
32174
137743
107918
36395
99045
78734
34650
84505
75598
85879
66790
50173
93168
102809
86458
83734
66361
89685
63271
60347
60378
47893
82969
89127
52322
77688
105463
24644
75422
70964
109733
40388
55119
69585
70522
58069
72838
41340
89384
73832
60615
104395
61908
100268
61838
109569
106325
103223
82155
67171
50222
99853
112895
100468
51734
46965
92025
71985
73907
77712
112151
33438
38672
85791
60558
113797
91739
60577
39236
84862
86562
33208
39372
70676
37738
56999
112021
75691
62483
81329
81950
68860
43614
28859
103484
100675
47487
44234
79128
110381
32938
82275
63107
62791
27282
35445
52028
49069
43683
71389
132310
82852
57168
46917
34305
61877
95668
30948
81895
70759
57932
82674
5288
76753
60254
81199
85020
65576
109516
53595
95346
86309
104726
57614
29727
113407
101163
85736
39837
64575
85317
56672
75208
77019
78803
113824
38871
33657
108458
49737
83245
92506
61065
98580
76367
86024
54315
111049
80573
111918
106918
62588
104760
33235
64440
68859
84995
84211
85361
92709
104627
100572
83682
28059
70263
112971
60903
94622
100379
76948
102228
102623
28849
61110
97000
58405
102958
76783
73740
60654
49006
47306
107927
79030
19294
68625
39551
79878
65628
94889
44147
80062
62342
106426
84157
65023
100205
44478
66248
62444
70835
35612
73139
39373
104247
66323
66889
107208
62721
78525
61571
41601
37755
51730
80504
79789
34930
61128
74370
94219
111858
56206
61675
88751
89077
42338
91180
74244
112493
110048
77987
88529
99905
61178
62325
39020
73354
51637
99202
31575
53442
57749
57730
55330
36978
104394
102207
35655
41623
72842
53136
85876
52232
80130
87761
45619
86088
45687
30078
53552
73166
71082
101433
78818
65787
31030
80771
105979
80712
55324
34712
29495
84851
30268
91444
33221
103839
97206
98235
88313
94925
43115
32443
37142
83577
79992
60235
66152
76254
111627
95304
97068
75171
72335
104612
87841
107576
54518
109014
45254
102446
84210
93269
71450
43794
86544
31390
86816
84039
86654
93757
103808
27611
92500
98083
29729
80311
43674
72713
99561
52411
71401
53727
78107
31820
34051
54094
91218
59494
72504
55506
58035
85403
59140
111085
98337
55715
59169
112819
72013
106855
44973
62311
70445
41204
92537
77887
90921
29269
101228
45241
28616
94007
77127
31346
81186
105344
113820
66238
68288
69581
103631
85406
59732
46030
33003
102889
82910
38998
47919
42460
83421
68225
60398
48011
89009
55547
27652
54018
80084
73085
105634
97413
37763
97611
78883
112453
69388
95043
12516
91588
31823
49532
80564
36700
33210
84284
66086
94570
79223
100307
98425
99644
113765
77092
51775
81450
85227
109992
78710
111758
116691
76638
33375
76706
93395
58545
84723
101621
109851
76844
52143
27002
47278
108461
85248
96525
77009
78965
54787
56353
21844
42787
78287
70768
25605
46155
84444
60862
112434
98050
66079
96305
109534
56769
76380
76583
98667
109343
46809
74652
41587
36304
109456
110147
24925
85048
36417
90745
48826
142535
55550
62115
19296
71029
57642
55326
54035
111030
67359
57446
33359
106211
38344
9191
109429
73803
98076
97791
98714
91208
80025
59205
54435
105668
36050
82801
57647
36623
89621
91317
69813
62270
44128
31888
27127
91807
92369
85886
113883
76710
80995
113142
69610
64885
68847
47966
108680
60409
45167
90135
88223
41817
70032
61441
40117
104414
85957
51733
97454
71353
100565
69653
86932
54103
80838
100685
110527
107355
81502
52552
99757
83408
54370
108615
108893
93833
45175
66039
38774
79937
97149
100461
84524
2988
112556
72960
2180
107410
34339
45051
96217
90189
95704
47834
83569
65505
75731
61968
89258
108748
70925
103165
88699
76813
88137
36900
95800
58239
103242
57580
64763
102555
40766
83865
89803
55439
65679
35921
79008
100226
92505
80784
78682
29499
101870
65933
41424
54362
51836
95032
83733
51308
65704
47325
39581
59173
61970
73789
48528
85319
107333
93524
41890
104914
80264
47445
45356
69344
79345
87517
58146
86166
71114
10525
90530
37375
56438
39034
13156
34372
56657
61448
83043
69295
28998
93551
97514
60804
86337
91296
108068
105862
30233
113400
90531
87696
60307
69123
90045
102787
47915
88757
107028
32091
43072
42024
56334
59621
110218
20956
61605
46991
74995
47318
50830
80775
51642
39570
101512
42861
93126
81407
77414
32926
62944
26526
79985
44203
87014
108739
66148
42249
109829
81993
44368
92245
103469
56629
69470
70842
57977
62991
36269
57839
32318
28455
37475
75271
96387
52590
110959
61580
53256
79431
35137
51317
70738
109965
63840
97398
100283
112686
56683
86999
95774
1832
86383
98396
93880
109975
24902
44543
92835
84122
99026
45074
18423
377
70760
60416
78773
80105
86224
52338
89816
62448
111822
19295
91515
43500
34371
82691
65759
77500
93303
103258
73909
38250
37020
31791
94290
45993
36358
80869
39515
73702
47165
77979
96384
18022
72134
51876
86255
69692
66686
111829
45026
43941
66141
30809
101613
114114
34680
84857
43556
29821
36478
95790
52536
38348
16590
36175
64379
103719
87795
60271
113467
69754
82939
106379
63519
95718
73542
42365
94151
53672
33512
39081
113052
30792
54936
92100
93995
49335
62589
63065
87524
88814
80185
75080
83561
34151
51022
79195
64468
41536
66098
72634
94288
107524
100458
54213
82697
99435
46391
73268
41069
59405
99667
105860
99497
53247
30386
44133
49170
54439
73620
41262
65915
91088
111026
32968
57376
106978
61433
91032
97242
104679
93920
46585
112437
76433
67443
49620
47766
45400
94188
99147
103296
110874
48518
