110887
109272
98584
59314
23976
58547
90606
40737
136071
59319
78978
58731
23938
88118
79058
49778
80701
106376
55010
50329
78198
100344
25329
29293
91759
46543
68138
82165
104610
37308
33571
113712
82120
81217
33358
80884
109638
87925
51565
109760
106772
58277
50759
85148
14194
113925
79258
41730
61820
50163
46629
91216
59596
69636
74155
108435
90735
49765
62333
46802
50333
32589
6796
39527
107946
97121
95009
66261
140720
91318
104657
40355
48815
28470
90468
69892
68781
67245
81224
52753
97665
80556
79833
111040
26108
87669
138807
35988
103270
62758
59239
104861
6146
107941
39626
52276
98491
96982
66243
114150
104136
99443
30061
64410
94074
71931
70422
108968
94464
96484
82450
42466
107766
108436
70431
33740
90607
19596
29231
65910
14790
58724
101002
40804
100833
74235
110700
112785
64531
56441
87681
60740
52757
69173
83407
106457
68889
78106
93128
73787
33570
105291
18953
14036
32452
106903
55626
39975
109158
32221
81859
37941
97419
81040
80143
54533
99741
54254
88140
45466
14930
84978
124486
78109
68901
55469
110919
100333
72305
101893
71927
57067
58230
92376
93640
21950
78155
51897
71917
30184
105035
73548
78977
14195
59364
92124
87606
32555
64822
25842
84656
32264
102883
66265
100527
119964
27217
54049
78765
91305
46357
35754
70161
79922
70432
112496
82046
93130
42188
37945
107186
99749
28780
80878
31546
99080
91774
73771
31375
57959
92141
29626
60013
44741
151608
51554
58840
15900
77563
68142
76802
93129
109213
20749
87070
13869
105269
62288
15882
55011
9568
44808
93970
92359
106417
28382
52754
30367
33301
28484
126761
39976
46538
112950
3584
112298
29226
39981
30253
55941
50845
42187
96947
79396
113791
68872
104496
93648
32789
68318
70692
106449
97842
58958
101738
86576
72370
67749
80509
52756
102114
42180
78834
43349
41309
54253
88323
49757
32235
80144
123175
65723
39978
82575
49744
78976
30467
68068
