106106
53623
106813
34022
78712
82407
90824
51161
106832
90676
57711
47884
68730
106951
79890
106944
28688
61565
35672
80191
48062
55884
53500
78265
102222
107119
85859
33304
104718
102286
47938
109413
81720
70541
88750
87833
107656
65984
45975
85220
93111
77915
99312
76607
49023
70680
101435
103284
42665
36349
72129
111027
66340
95903
79192
86588
105972
77250
55990
40723
112710
109024
86454
66471
72958
72932
75115
80259
28562
63542
59487
55992
86911
74013
88739
99704
42666
86983
132680
55099
97537
110547
108378
45834
122761
101317
69616
68871
43346
85250
68182
70402
31839
74542
63678
81755
107837
28996
31654
49736
100633
94816
96819
103140
45606
36764
53772
33790
76283
90425
100899
45195
84254
53673
113172
55372
25343
62075
70506
86070
76680
60216
49120
109299
68091
70420
43607
81717
91209
90941
94910
102052
83527
42402
50442
79727
64200
92725
102711
97673
65325
27008
44398
49534
56572
89469
93943
48489
69162
52999
80278
88024
90448
93307
86509
26016
64232
106095
98830
43208
112678
76796
53670
81621
35952
109286
99513
70205
34587
83576
30395
85264
45011
93653
72661
21527
50613
96275
55996
113852
103344
81570
76457
101017
84990
37214
76340
96360
67464
37362
57429
89787
74475
91065
98361
81723
84507
54960
87509
56147
87218
94083
62867
79075
37329
47435
57616
82739
108084
81061
95855
76429
41171
41090
51190
92693
26466
88774
75440
22958
112295
111568
90831
56296
38018
77907
87726
56739
91151
55438
23093
28324
86977
104652
52131
103545
53788
42558
56746
55442
41322
70655
80539
70003
101679
56872
108088
85383
74310
94768
3505
52130
97180
66847
113041
101980
56840
83273
71329
113502
105143
6670
87840
97192
56853
96273
73817
26458
92513
79516
71012
54605
53170
71011
103856
64190
79996
38494
69191
85719
87190
87503
46438
59524
45820
54212
109592
38179
66083
38888
112242
46889
103902
100250
35992
61281
107448
102993
102386
113266
58882
40833
84032
67808
20010
108367
54579
56523
34480
65707
52874
42502
57823
113312
109666
73089
47465
109821
62574
74028
91154
43497
56652
60460
94965
30137
47063
96120
38994
61435
48669
30483
38519
89534
66865
41883
32936
91543
100771
99044
81846
66019
75550
57082
42360
47226
84051
97341
85841
80102
57972
98932
68677
53620
106822
39941
107271
91052
99043
34550
85284
34142
48051
72348
40650
98183
103018
105856
59749
111109
66835
92880
98043
67053
55940
83238
79400
100408
81914
36911
90141
44212
66957
