98793
58481
73375
30991
98264
30224
71547
100752
68421
23968
85927
38117
58507
78455
101367
67610
71573
47853
62892
67406
110554
59226
100203
60481
28237
102273
113245
41049
68371
92758
81605
81419
69244
87767
90758
106397
74176
40901
48508
72760
25917
113401
50330
69221
67078
64550
42122
77973
81577
50900
41490
80403
82742
69023
42463
38148
30600
79235
74761
111606
63462
51608
32790
86960
57604
91536
50683
113787
91949
49606
101803
74704
37383
103289
100130
79521
73743
98145
36894
49334
98078
49260
96804
109303
95142
112456
80071
53855
54809
86448
73338
55721
39486
69927
112487
33446
79056
90220
42948
67404
27656
73652
30384
107394
64803
58009
101178
29453
51662
57434
89675
44698
58999
98681
91056
42753
67355
38773
99436
98693
75549
109509
78182
35051
33305
95267
64534
38868
78819
94172
100314
55514
110917
107869
101368
111823
110186
39393
105671
87463
103063
102255
49611
75469
90381
107955
46448
55621
69396
99572
64280
93908
83917
78098
81960
88927
60079
90615
29706
99906
82904
33372
41033
93758
73894
102794
81576
78192
60046
48328
78708
70515
33795
106665
76913
112195
99045
85879
73832
38672
70676
62483
79128
82852
95668
60254
39837
85317
77019
104760
84211
85361
80062
107208
74370
77987
71082
80712
29495
103839
98235
83577
72335
71450
31390
29729
59494
111085
92537
46030
60398
33210
51775
93395
96525
78965
56353
110147
36417
57642
67359
105668
113883
69610
80838
45175
66039
84524
65505
36900
103242
41424
56438
34372
69123
42024
101512
62991
53256
35137
97398
100283
112686
56683
98396
109975
70760
60416
36358
66686
114114
95718
92100
88814
41069
44133
54439
106978
49620
