50292
86281
43369
87188
25775
113071
80668
49181
89937
51648
107552
49288
46847
41118
39485
113516
33122
61173
108126
38151
53431
59116
58723
84209
91425
54400
96800
85714
92832
98325
45537
75533
77105
56687
104623
55120
84788
87388
106976
112730
71455
88200
110611
69930
78390
55359
61816
77224
86246
92828
64549
92710
41387
41499
38155
98846
81784
92169
110004
85163
45286
73650
65864
106210
94987
62188
82380
29984
67640
75014
64535
101492
46706
67647
93918
69386
34122
78969
107601
75764
54998
98934
33369
106824
93206
78642
45688
68026
109600
58504
54096
86537
74884
65182
36946
62121
85045
27784
108810
104082
57371
98184
113648
46063
45946
112192
82675
34896
54246
92102
67058
96235
34400
48024
95014
48647
110886
93171
104484
23230
64205
77627
88645
82223
54757
82005
87004
100763
107988
105125
79119
57128
88525
76036
106670
108132
35386
56719
54606
84729
101050
51875
56156
36798
74161
62793
57354
32734
61702
43362
100821
42971
84111
50396
93773
64134
91059
113999
87727
62731
70521
82540
72365
49172
99887
95794
84432
54431
67169
33129
58296
99967
54438
104204
91171
100583
90792
27921
98757
29629
107272
109067
84510
59781
77640
40069
58188
62818
50256
61363
66212
29846
44583
98217
47894
113654
62008
72316
51542
59420
102308
66193
70859
64906
79989
50404
56617
62429
112657
58464
107251
110442
84382
99702
54790
53308
64390
53971
41872
111225
49154
71034
40160
26260
99185
49415
30797
89805
66218
78299
94947
110708
80780
101490
99908
71604
58407
104105
50774
73957
75757
29318
44269
96903
45842
45287
92958
81333
93573
110413
35071
83718
68485
20224
45078
37595
136073
108768
79146
55437
56509
79315
61752
108004
69345
52608
68850
30400
103458
90718
86825
88353
73956
81811
62719
110387
99763
111497
80026
59412
86555
35528
38177
101203
84278
98623
55298
61279
114126
98142
71006
75825
68441
109293
111603
56741
40567
54788
79079
61326
49851
65779
99093
32624
44036
40997
70786
31336
50143
31457
81641
93905
112309
107288
87536
6455
100807
60309
85863
84913
114482
51722
31104
74152
87270
38085
86764
93402
103144
78291
46945
32033
103438
49227
94361
96223
71587
75296
94442
75569
76811
100983
39718
88788
100486
40795
100612
66650
52838
93652
65472
100418
105343
44215
109175
100309
76688
36956
89083
104048
39895
94410
26611
87604
38894
66543
80984
65192
45936
85531
77880
68445
97929
36071
106986
51268
88071
50003
33688
67634
31656
68141
78816
36824
40727
41336
56412
80776
77148
37385
37017
31726
111981
65471
28567
109845
51125
79494
59807
27404
44752
90373
106920
61432
97473
65821
78003
41736
89417
58510
81335
77041
42147
33174
110897
49330
106556
83548
36924
71504
35251
106189
44312
83461
87742
60694
31992
113276
61211
76005
61973
107872
112834
90577
104724
45476
100521
59450
66306
45179
78533
70267
72704
89940
28354
54075
39518
86523
56234
62631
62185
59183
41321
80187
41404
44395
37315
117272
89849
59350
58174
81309
64202
97716
85255
37371
63543
92494
102731
84819
104547
96530
70693
42537
80309
33660
77277
32063
110557
94831
113394
49547
105570
34703
69970
100447
70101
72947
57345
99183
112482
73910
85121
39697
112937
48912
47036
105575
79342
86995
61272
61154
40754
85457
88923
62992
68527
54334
71755
63009
58530
108590
99966
112062
41502
58121
82727
109715
102916
48908
40362
84220
58437
110450
48602
61700
71042
28660
26148
73177
105333
81209
43590
70561
48609
63780
105742
76975
80047
85058
98662
100453
98390
104991
41869
38167
111004
73090
95824
78703
58514
48837
110645
7054
72003
56527
96248
37234
91297
86890
103045
53505
76354
33699
31308
63705
95343
87504
77988
48747
55473
86095
30813
102979
97359
73751
84836
93341
62988
90213
86262
59106
60754
34912
65850
78759
78974
25404
58446
58747
104164
60543
39408
46582
59038
46405
41400
72625
88991
106759
69778
80503
48018
100160
112728
110125
40832
69648
90726
75561
110050
34492
80201
84117
72758
91240
55071
75546
40572
37655
38161
73760
5506
52969
50919
76252
101470
94968
107420
29746
70984
70178
33442
72057
93508
77917
65141
79246
113524
84202
104116
79838
50916
50492
78456
105882
95074
57282
75259
96274
54650
104328
106720
59540
50021
81221
111952
36702
72017
91043
43639
62585
111817
59323
33855
112769
45075
82955
66587
99911
58258
113365
41497
120357
104313
29820
112444
80290
71791
92255
97379
87650
94111
64510
42088
31023
88940
23267
48763
101324
103137
75769
73840
102266
45757
88166
91015
34173
100417
114018
99446
63874
50393
110407
91934
78087
98703
43559
62141
68204
42555
29992
53156
66089
112492
84177
42796
53815
69478
94469
104648
34536
95765
93836
56868
60673
97547
79349
76889
63492
106712
99392
76623
97822
96477
109738
91959
105971
40896
76420
92099
105092
62566
97887
105608
63003
44792
112702
81232
88698
107016
50749
75512
67438
56050
62545
66562
67237
45547
60830
87452
113669
109270
99731
102851
38647
62175
64233
80190
92953
92966
32792
55850
84343
56636
101103
51647
95635
101282
73673
37030
41792
21443
93925
64645
97478
86974
94824
61781
93380
33809
63057
98410
64541
80944
55635
35462
58615
63294
41403
60494
65370
50857
88755
99168
100088
32203
32625
54043
80094
102065
108693
72662
65967
68848
109490
40357
69948
88491
91311
82536
81508
71506
47696
112672
77879
55290
35210
48301
90008
111378
80502
60735
25700
72725
78964
73558
54884
80271
80396
89397
46537
94834
101318
64539
52697
67881
44631
88266
95127
67409
104419
86914
59434
104232
93906
45283
104174
96193
64317
50144
48015
41873
99027
60918
46666
84621
38077
44044
31458
36303
53477
32664
68945
53147
38194
107143
36155
98354
65700
82535
78476
32164
97417
55824
97430
54076
56700
93347
41494
35830
108129
41622
59330
45978
36708
107787
87156
86589
55881
105031
107250
100154
107978
52962
65136
44178
106555
61286
110234
90206
84317
73606
102393
109474
97101
38789
57760
52993
105807
65836
23328
70239
101755
50372
43326
107045
61175
45947
102869
41388
40493
107945
80407
36299
112810
34176
46303
89019
92954
98153
102224
65786
53725
40392
80603
