77396
29504
808
84276
30779
46957
50207
39628
70411
107055
76608
37556
83399
47549
112302
56955
87968
51794
44761
50658
14781
71815
63644
37580
78357
93938
68620
74699
96143
12003
56594
59554
53393
90564
55743
48041
72794
98733
76584
104844
46594
93376
61661
71327
55176
110056
53397
44952
87036
51529
111264
29955
38306
78060
114011
91638
79204
86715
113623
77222
95686
53812
71197
105711
107647
82775
36223
64453
43126
28528
79068
67184
83386
78139
70590
69226
26975
45316
51301
54260
42295
113978
96409
84787
101581
32842
105315
93219
87620
77442
87998
70398
45874
102951
54479
40803
83085
101811
40269
62072
76941
82325
45197
46015
43282
31502
68361
89426
68803
91845
47199
66999
113241
74237
68738
93214
77944
103172
40936
55115
105568
100637
74925
41756
41950
81150
96926
78718
78535
82324
802
110057
8013
89471
109046
67672
55735
62032
42408
78138
77864
99058
79702
66880
90657
76794
108699
62071
91383
58420
59155
92209
