87236
71963
53124
60270
56546
103331
103430
94844
52584
83364
69617
76041
30992
68095
41803
83652
90235
93548
109572
95141
27906
107873
85600
55118
62864
73294
80773
30944
61873
83647
51639
95012
9993
69639
76779
80793
81027
34304
107857
28391
81706
83189
64299
68629
74465
100782
77027
105506
52027
27483
77608
91443
47249
75854
84203
48704
66770
105973
113515
71122
57510
73124
69372
64184
59626
106281
54844
80205
30941
76339
45593
24160
30558
65517
82612
83891
85210
27149
96399
45152
42711
67074
84107
67767
62703
41599
58300
57437
77378
49830
111961
76633
112813
74830
105472
113746
54460
67311
79462
29676
105815
111498
111122
107822
34673
94901
82551
72669
52099
85612
91669
87842
79993
34050
72303
24845
88478
88650
53594
30947
88219
16556
61531
57347
113215
22559
83965
93678
45083
47802
45711
104367
32083
71230
100163
99142
90054
77754
106466
95895
109512
89082
44256
56098
57663
45308
34038
107308
85184
95865
96404
44130
88816
73843
78487
60212
9022
8856
9552
61158
92022
83427
53639
106677
73798
84506
97591
90549
45470
50614
104672
87135
47647
105443
43762
85458
137950
60692
74156
45988
43361
64621
102059
94921
108542
83559
96914
113637
97461
67960
29747
58447
92440
85745
43204
79105
59403
90197
88167
57790
94823
112433
40753
28235
90166
60165
71211
70322
110647
108386
103840
55026
33234
86211
26801
75755
108130
60752
47299
58235
28860
71456
104031
72391
100257
86609
100387
86741
78789
38528
62097
60300
68092
47597
56783
108037
110804
85938
82015
39271
80374
42657
52643
35411
101824
31435
45288
50966
110956
106551
66014
62428
79432
34858
30859
55059
75206
31433
50444
41548
80786
88775
44014
84165
67441
44294
54628
103538
51638
37706
89142
41218
78757
55418
105737
109924
101277
45136
54019
84108
129657
42992
101825
53733
84576
101062
80481
86061
24224
105692
30943
111719
89378
94559
106411
34163
43615
93547
62212
102375
64902
80578
38839
108645
52540
112765
111031
76423
48564
68014
94850
54382
33249
77649
62385
78788
101258
61067
85078
110691
38844
72861
60992
53174
43558
100337
99601
88987
101700
77266
93451
74374
50318
137743
66790
86458
83734
66361
63271
55119
69585
58069
60615
82155
67171
73907
112151
91739
84862
86562
39372
28859
100675
32938
27282
34305
30948
81895
82674
86309
57614
29727
64575
56672
38871
64440
83682
60903
97000
47306
68625
79878
66248
41601
88529
62325
39020
51637
101433
65787
80771
33221
66152
54518
109014
86544
98083
80311
43674
52411
55715
44973
62311
29269
45241
94007
81186
113820
69581
33003
47919
42460
68225
69388
12516
99644
78710
111758
116691
84723
109851
25605
76380
76583
36304
24925
142535
55550
109429
97791
98714
69813
47966
108680
45167
51733
86932
54103
107355
81502
99757
108615
38774
100461
72960
2180
96217
70925
88137
95800
58239
89803
54362
51836
95032
51308
59173
73789
69344
86166
71114
39034
69295
97514
60804
47915
107028
32091
51642
79985
66148
109829
92245
103469
96387
61580
86999
95774
93880
24902
45074
18423
34371
82691
65759
77500
73909
37020
80869
51876
86255
69692
101613
34680
43556
29821
36478
52536
38348
64379
42365
94151
113052
30792
49335
75080
34151
64468
41536
94288
99435
46391
41262
32968
104679
