76721
64632
58786
80093
80416
90523
70954
58610
94562
72964
87273
63221
97349
83583
102835
72388
93759
53305
73637
101298
60280
64324
42990
73916
52328
71321
100539
59301
44935
55809
85384
79882
91191
104220
69395
47348
85542
90363
102410
92463
67957
86822
113338
79086
74019
55873
98939
107681
61006
80607
86817
82274
48316
36704
78937
97433
111137
28617
93613
111400
56486
97363
67343
32686
56095
66236
35953
77106
73527
72916
80243
136314
27826
39726
36929
75766
64515
110273
49137
99798
88411
49166
32160
52123
108145
36836
92837
71320
66472
103983
111404
67242
106341
113838
107334
50173
41340
103223
33208
110381
46917
61065
111918
100572
61110
102958
73740
79030
39551
70835
39373
94219
91180
53442
57730
36978
41623
72842
43794
27611
90921
28616
77127
82910
83421
48011
55547
97413
37763
70768
109343
106211
62270
45051
103165
88699
39581
37375
60307
102787
43072
74995
52590
377
87795
113467
66098
49170
