84209
104623
55120
71455
41387
41499
38155
34122
68026
58504
36946
57371
67058
34400
110886
64205
77627
87004
50396
49172
84432
91171
100583
90792
40069
66212
79989
50404
56617
26260
94947
45842
92958
108768
79315
52608
30400
103458
86825
88353
80026
59412
75825
54788
49851
44036
81641
112309
103144
49227
96223
40795
89083
85531
88071
78816
41336
109845
89417
49330
106556
36924
35251
107872
112834
59450
86523
104547
33660
70101
72947
61272
82727
40362
48602
61700
48609
76975
100453
56527
86890
76354
55473
86095
93341
86262
34912
78759
46405
100160
69648
75561
34492
84117
55071
75546
40572
29746
70178
33442
95074
57282
111817
112769
66587
113365
29820
87650
73840
102266
50393
78087
43559
68204
42555
53156
93836
60673
97547
76889
99392
96477
88698
50749
75512
109270
99731
86974
58615
41403
99168
32625
80094
40357
88491
91311
112672
111378
60735
78964
89397
88266
104419
104232
48015
41873
31458
53477
32664
98354
97430
73606
57760
105807
61175
102869
98153
40392
