16237
100305
112329
103699
85007
91935
88700
35433
88839
33894
48613
68010
35348
106296
98441
46251
93516
33897
59254
86575
56862
82364
11730
45164
97553
104905
54786
72698
100794
79300
29954
81860
72142
78323
72501
54034
54901
45387
49684
109384
98826
61336
20626
82052
86083
14344
85966
78008
34187
69418
74701
50089
56468
67370
93243
91532
44592
26096
136774
57530
85909
25396
88919
100338
48239
93691
70834
66061
74368
37612
106878
69560
53973
68183
107917
56789
43735
106632
72482
54542
58337
105805
98204
64336
49853
83328
91294
81507
92118
111231
106909
57263
68423
59240
69615
102337
77618
32556
113493
89190
87865
112051
38691
95036
766
103690
32715
72109
64790
94664
99640
86711
39970
57380
110106
53238
52968
99685
97656
32133
27794
58173
96153
54180
107168
14343
68575
67425
43077
74852
102939
63834
68675
77423
61725
84186
43018
115500
106437
63235
34706
28182
18157
1831
109277
75711
36837
14707
33505
85967
88282
84932
48778
112258
93857
86612
84128
112648
50676
66888
72567
61036
57349
70058
28863
113498
73371
64284
61585
58861
17832
38437
82317
24432
70455
45473
105464
88921
55287
130085
2512
104885
47031
42063
96247
53633
88732
82038
33787
75721
79750
141697
93649
70000
49940
79416
25989
106881
112176
93853
24430
54709
33077
40234
92004
60810
111930
73537
86236
95690
78402
94809
109290
111335
97262
60445
94776
66887
101457
71154
112483
61872
59505
33909
31350
107475
111100
111520
28708
26832
47309
78298
102264
60144
29667
75714
113659
85497
109952
60968
31348
110852
60792
108023
61085
86047
46570
68196
24128
77213
42957
36161
31643
51650
77028
64449
19420
56952
25990
67619
112820
47233
101589
101843
88825
95997
92298
57397
15525
54791
767
27790
83997
135463
94705
111790
104917
72102
98996
89080
106375
98888
71518
66489
43009
102649
102942
88693
94760
113582
36088
67512
110419
98009
113987
63290
109163
33522
71672
95178
65434
57525
84279
72136
32558
95637
58517
35219
90057
8475
51188
59666
74231
90018
52157
111313
106676
4510
55262
78885
58832
43309
62036
35552
108328
78029
108347
12323
84213
60976
39022
64428
113482
80704
55574
80708
34442
101131
82051
94192
55867
103319
79595
72364
93666
104875
53225
52156
17032
77139
77734
55631
89196
68902
92254
103508
70553
74975
109109
47641
7568
60722
28216
79707
80410
113453
90216
91742
93582
72325
56653
66862
34121
78313
54520
63998
57676
58951
103317
100254
54406
84501
99548
41529
113725
98421
49067
47185
31358
68685
104196
90867
