40153
54231
93501
70659
72456
41828
136920
86475
47434
88801
67603
57496
40977
26283
51973
92903
55555
82006
82698
39023
57401
52546
43585
108516
108462
59797
113080
111753
52008
76577
34901
27399
6803
97696
58767
52850
102416
81878
68651
92456
63486
45016
78387
96271
41229
41918
43079
78040
66902
89683
61699
60835
68301
78166
42252
102328
89468
70046
33853
67423
92551
51643
28105
100303
53977
60006
46401
105444
97404
105876
112532
80997
113826
82178
107963
31456
71537
111160
43711
110506
45705
111880
108656
35985
61631
50027
33043
109870
57445
96501
41216
47363
60963
39477
27738
85492
43616
105361
44581
102720
79186
71338
54316
105033
86743
39390
65366
66599
59279
99326
105288
89191
88139
49195
35216
50174
75685
99794
48019
61730
54653
81740
44453
72069
43518
44302
108254
64504
108091
92493
88068
94003
42799
105005
82959
54099
57467
106945
29615
78545
100364
38908
34361
100159
74280
101385
111227
113812
105091
41484
32490
102197
63062
104171
113788
105501
68983
60790
89213
72344
100089
56720
50216
75902
77564
86390
101763
102870
55686
93941
67479
108659
63549
39072
71001
72966
32451
57776
58185
43323
106357
96900
56131
107530
79155
24259
81430
7311
64695
37213
77565
106649
79815
104413
87132
76670
53049
87937
77195
75281
77821
51646
93514
84005
21075
49451
47035
29562
32268
36411
45268
82123
94807
80540
78423
57379
37317
86823
67880
111451
26693
95143
57929
111821
58151
113902
86503
46054
70483
35912
82567
103354
60440
88229
75532
43863
96187
107962
62866
43071
92574
112914
60827
33323
87457
36871
97704
85311
47066
75746
65331
31296
86778
22845
108737
76971
64081
60576
32727
72438
101180
43712
97474
47593
80797
38614
75808
80192
47634
54032
58584
107498
64383
77738
106538
98494
68717
111696
57394
98322
101101
90379
107593
88370
56794
91749
54040
66467
101525
65612
39669
49444
106173
35228
1431
42179
56119
113832
51745
58622
90086
76900
103478
55322
106780
95435
57731
45732
91846
81129
40834
77876
53213
104706
85718
77669
45423
105474
77916
94837
51475
58207
36903
107165
60548
66416
113366
73884
90579
30675
62305
67099
49256
79524
80149
107958
92216
107649
88597
48443
47303
54090
103073
69811
24266
28315
95697
28219
91064
85629
92142
105469
91177
80809
84578
86919
69973
67894
110715
58604
17363
99163
78963
72483
77981
25620
25822
83464
30477
98490
64034
106010
107790
83518
67836
103495
52801
50355
79039
91189
67879
79116
31607
65637
48275
70107
30587
35007
100862
69602
34814
98210
109089
68716
97353
69472
108036
60099
46604
89169
71142
32547
92375
110720
33351
54889
95308
110474
104448
51416
78528
116214
85446
75179
86878
105493
45536
83532
103672
43498
106238
70225
56474
52452
76840
78218
79454
43819
79499
87931
94020
78857
68623
105990
113851
102833
49013
82001
82333
42616
105646
53621
76368
96664
87065
98805
48645
73413
62418
62351
86610
88381
44501
97435
111399
77440
69591
39187
106429
41904
68784
47886
51699
69975
75700
82394
91514
63635
98262
60947
98060
58812
46407
62146
97051
82079
58158
93969
45289
32412
64006
40271
69377
14424
34914
101938
35631
98890
100238
63759
30182
56544
24782
75795
101605
33200
43604
71439
26512
83578
58993
50113
62939
32423
65598
71576
33391
95784
98107
100114
36630
92834
69646
113076
50398
31182
39387
94295
48329
67506
38881
47609
67229
72104
78203
58702
59445
82912
78973
47754
112661
83564
94430
54672
62607
50957
60305
106295
108423
102912
99842
43849
58291
62875
69777
89584
80678
59559
109562
91365
69328
85781
59224
53404
37470
100382
106032
90869
81231
58360
106979
100029
32560
20516
89818
55393
69279
58169
47964
76004
29312
113282
56793
68838
82009
36875
81558
106405
92961
101035
36263
108201
33978
82854
62754
49009
114132
58353
88317
111465
42215
66930
38178
111502
108687
63828
60769
86307
29332
111968
70883
36089
95017
44664
32615
92801
36053
113856
108867
106006
111230
59471
46881
31574
85278
45838
95167
44174
84018
100386
95396
53625
104159
56031
29274
42551
44590
82276
36720
97154
56641
56564
33207
40382
90756
39826
109565
104121
74408
70753
46713
87390
73614
69752
106925
108266
55185
44326
42765
58802
91003
37640
89763
83246
50964
86333
104045
45755
73619
53664
55727
72511
100040
55885
51999
101761
82268
38120
103374
68448
80346
102841
75016
113181
103059
38644
73412
89795
44325
58430
102265
68210
51614
70077
90749
48177
59349
59451
39746
86944
84480
79490
51027
92817
37434
107085
45148
72306
112514
48959
53827
30993
41395
113601
28176
50084
78879
62057
53023
84477
54110
41624
66507
31892
57247
97418
39359
54532
66976
100339
99315
79995
86842
46600
64857
96622
61782
46617
83941
93689
33810
84649
66457
109599
101552
41401
110500
52700
90357
101126
81222
63897
95264
61269
30220
80925
12146
44154
73069
56065
75810
99266
95406
40726
59449
62210
87790
86637
35076
110689
32161
57070
40518
34124
75753
72401
33664
109549
62441
72430
93232
103138
99729
64909
109517
74021
92544
61815
108685
47622
113038
64411
42247
33065
84523
62298
57990
61741
57305
88312
45151
105638
48466
98242
67067
57505
59329
75001
103347
34170
95399
71834
86557
85570
30234
19343
104258
36988
100816
79749
53227
99177
79859
48727
71470
103969
112133
83944
96328
65176
42512
33130
57988
34735
37300
31684
30455
63601
86018
70516
45103
81037
102917
48868
56157
28295
40961
38270
47145
57409
33288
33661
98103
72123
50898
65421
81646
66669
111646
96221
59114
38521
56669
53856
27671
56320
109660
33662
67896
31650
39569
90209
66056
57077
37935
30275
59628
73655
57495
90518
40583
58828
36606
69030
97429
17033
105695
89147
74055
35389
95964
28366
112770
29336
108688
63869
56104
109477
50721
68719
97436
46434
30294
48483
95518
98706
76782
74832
44983
95394
45602
68894
113942
112696
113658
49146
105905
41688
47864
65725
65778
28887
79369
106854
63939
41135
63055
35860
84586
104871
102897
87529
102473
53417
64192
40571
49877
31367
88356
98621
101161
112767
72971
17404
90062
30729
91184
85778
61728
89936
44264
40397
113932
92557
104205
40411
40512
79591
49984
98564
36617
35847
28746
33374
93379
33102
59418
84365
80918
55266
74900
48226
64517
37323
26019
32159
97830
54445
66345
88526
62024
57473
108887
27774
98891
35052
112347
33604
98349
52475
98299
63103
108460
38082
97592
44356
72549
38334
59890
98838
112367
113158
33614
54352
33786
100831
83587
76443
66504
67076
62052
72531
95603
85476
76327
66324
46411
52103
72682
97860
84718
44320
72324
102810
32433
113793
50895
66610
108742
108252
57974
66160
52604
102587
82953
98520
30076
108327
55474
70828
66475
65719
32669
27081
98835
62440
27126
35512
50926
111984
93703
74029
41854
74486
78968
61881
56737
87233
105137
112420
111102
87196
41879
39361
61701
93338
102529
112071
34870
97618
84215
59553
81640
56017
56483
42913
106899
40850
68855
12376
78088
84218
58535
63006
78474
88592
99684
102481
46801
62163
55243
52609
46646
76881
48007
62302
83731
102955
53447
74033
60036
50310
62506
77429
62236
33702
46076
78005
93299
64238
39277
92471
97510
83155
83642
100148
99827
26594
104866
63086
71919
56873
37486
98794
39252
53618
38146
43061
54802
65085
56216
113690
81693
76751
53888
43715
72953
75727
26651
94113
90826
85717
80785
81718
79848
97682
50431
73174
91055
107048
49160
89527
109388
13891
75777
112554
64801
98987
87686
63836
97768
46265
101432
70535
84244
92763
39400
34675
103401
59584
81750
66339
83201
57126
33738
58539
28719
37007
68715
44078
100793
100034
53461
84502
82431
45870
52234
29294
101769
82384
61600
43398
97245
113941
97844
32093
114135
61111
48761
94424
111467
55294
43663
110977
81877
35616
108422
88658
57063
48173
66867
70368
47472
25595
86548
113808
89993
64183
54488
42877
56283
82949
87909
78178
50668
97927
88830
70254
101961
41718
80098
89430
94838
35258
108170
105192
89673
48606
108766
100700
88689
80928
99532
77689
69578
73376
50995
93388
38500
37649
106818
96131
90208
69479
57435
38078
47659
36410
33628
87907
58474
103931
31579
93569
70482
55781
97826
72299
80845
101483
100448
41836
85851
108289
35654
37423
80302
27246
66834
95777
60730
47581
45528
104906
113590
56618
61039
102638
71524
99470
49568
75321
55436
64578
67859
58333
90430
48128
86524
33178
49535
42368
109292
38847
49733
29704
64950
113747
67617
95338
109909
34007
109124
95244
86550
58483
102306
63494
90068
94994
56004
46018
99092
92967
33719
75299
107122
101018
61082
64601
69568
107511
82228
42806
32992
68606
111920
74174
60772
45703
112370
58854
60463
88938
42756
69010
91063
45056
102489
52462
38086
74859
66982
78541
83185
85811
55541
88122
63745
66679
44899
102789
91387
98914
106532
70264
100683
59916
63654
56023
65624
105946
91550
41670
52070
69590
28282
26821
65884
32162
90227
96347
65995
61113
69604
82290
94966
89852
46323
109323
50425
107564
79189
23599
48676
76259
35761
54995
73392
103133
77685
110486
106495
58487
63197
45314
74650
32106
65413
36982
70018
29889
34416
30938
58220
54517
102628
82148
91187
30630
91924
113077
91568
93010
108453
92350
89780
63051
56518
39554
100425
65756
98479
73351
76684
48368
51582
66300
75247
97539
72509
113979
64288
98224
81698
64974
78966
79599
79469
62304
33368
75786
59714
85231
113730
93275
62807
56191
79949
87507
81030
96396
47815
44232
107258
83311
97044
110269
62352
42682
72242
65975
71959
37472
42089
77736
113830
73660
46213
94897
48667
65887
71445
91748
37364
89727
84174
94711
67804
91594
44910
38101
58075
