42069
90427
67453
111741
80988
74653
104732
59810
113640
41535
46686
82564
81137
58138
36477
52603
102297
36624
72570
75987
87216
109964
62084
72233
79217
109118
41044
52682
96887
37299
104592
64222
67131
95955
144325
57718
85729
102816
31642
32668
98261
107049
59879
79894
66744
72454
40757
69775
66473
26574
33704
94112
105193
63739
49386
91963
77417
100252
30203
75178
78581
59138
92886
63001
106559
98297
73221
112721
88347
86471
91971
78532
31414
77733
39624
98762
102662
77154
41482
42813
88585
107215
96747
50432
53112
32751
60310
107354
90691
106588
58982
64051
107703
44799
84205
90323
98702
67715
87406
105708
98624
76066
82876
47153
44231
74907
84933
98599
111785
94783
50690
84201
37433
82814
48225
75697
60831
76378
108990
52129
107457
95779
64638
57213
88460
73540
110923
33862
41343
106002
52525
68721
83156
90993
61837
97793
49341
26570
37109
83901
87941
78677
24781
84026
26310
82690
77536
29363
70727
104070
36796
41865
99030
99484
83480
113845
52601
106114
70868
107614
91142
70054
112441
63677
79310
63091
89850
13295
30683
27627
113503
103496
36699
67375
44413
72319
81970
40074
45557
100618
39572
79994
42826
84310
108651
114477
88767
55391
57205
54097
36897
53155
99878
47494
60568
66675
65721
98620
93967
113522
103446
94535
41352
74690
47091
77914
32413
64835
111365
71626
106861
70373
105697
90315
47934
56473
57465
38251
50145
90402
33597
65665
37004
86953
67705
105833
77676
42556
46300
27397
57911
68875
77353
94769
58822
108179
58768
153248
99873
77713
46645
108134
69596
50831
65508
92295
112321
47376
36021
81517
67870
35058
34225
62299
89091
34112
44933
38218
62392
38534
72756
86147
91864
71448
78257
63728
112076
90329
86085
59023
86713
78057
92243
105277
46053
51602
59361
89724
59024
73589
38727
67393
80209
82350
85370
74739
44034
70202
29559
90199
104501
71567
77014
113468
72582
84938
83903
63357
66034
91388
92728
54555
79388
107949
106099
72005
72645
93552
52545
41394
77312
63871
47228
45787
60396
109983
95008
102840
71205
64162
35408
85885
101278
36335
69124
69751
101588
90176
109890
108391
32306
48626
69298
79632
45846
105745
111947
106797
97469
110555
44540
62698
110939
43468
101526
86809
112692
58585
70015
105482
64434
44466
28607
67809
76543
71474
77798
98486
34650
75598
102809
105463
75422
109733
61838
109569
106325
50222
113797
39236
81329
47487
52028
49069
132310
57168
85020
113407
75208
78803
33657
83245
98580
54315
68859
102623
28849
58405
76783
60654
106426
62721
78525
37755
61128
56206
88751
42338
112493
35655
53136
85876
52232
86088
45687
30078
84851
97206
43115
32443
111627
97068
102446
84210
84039
99561
34051
91218
72504
98337
70445
101228
112453
49532
36700
66086
98425
33375
58545
101621
108461
78287
66079
109456
85048
90745
48826
62115
54035
57446
9191
73803
80025
36623
91807
92369
68847
60409
88223
40117
97454
71353
69653
100685
93833
112556
107410
34339
90189
47834
55439
65679
35921
79008
100226
78682
83733
107333
93524
105862
90045
88757
59621
61605
80775
81407
42249
81993
70842
57977
36269
28455
1832
80105
103258
45993
73702
77979
96384
45026
43941
84857
16590
36175
82939
106379
73542
93995
51022
54213
99667
53247
30386
46585
48518
