98793
58481
73375
30991
98264
30224
71547
100752
23968
85927
38117
58507
101367
67610
71573
47853
62892
110554
59226
100203
60481
28237
102273
113245
41049
68371
92758
81419
69244
87767
90758
74176
50330
67078
64550
42122
77973
81577
50900
41490
42463
38148
30600
79235
74761
111606
51608
86960
57604
91536
50683
113787
91949
74704
103289
100130
73743
36894
49334
98078
49260
96804
109303
95142
86448
73338
55721
39486
69927
112487
79056
90220
42948
27656
73652
30384
107394
58009
101178
29453
51662
57434
89675
44698
58999
98681
91056
67355
99436
98693
75549
109509
78182
95267
38868
110917
110186
39393
87463
103063
102255
49611
90381
69396
93908
81960
60079
90615
29706
99906
33372
41033
73894
102794
81576
60046
48328
78708
70515
106665
112195
85879
73832
38672
62483
79128
82852
95668
39837
85317
77019
104760
84211
85361
71082
80712
103839
98235
83577
72335
31390
29729
111085
92537
46030
60398
33210
93395
78965
56353
36417
57642
67359
105668
113883
69610
45175
84524
65505
36900
41424
56438
34372
101512
62991
53256
35137
97398
100283
56683
70760
60416
36358
114114
95718
41069
44133
106978
