41347
98372
72381
90922
28862
95182
81133
69895
60033
91830
91267
63050
42090
113660
60043
75411
66890
68386
107705
62743
62789
58037
78019
112026
95852
72507
97230
46621
90674
97090
96545
74881
83648
111166
45183
75901
96567
53248
92753
100609
73104
58613
109779
68289
50858
67051
79519
72394
61009
37934
55815
66486
80121
96350
64672
61959
96089
49193
57636
39764
32255
58560
49555
113398
106038
70476
82745
86311
103669
85459
58039
107497
90830
105789
42840
77487
95084
37081
113834
112052
83403
60701
44411
107249
87082
111935
40384
76835
42762
89569
79874
80623
88762
54290
76831
95893
91301
50239
59662
83308
72500
70857
60183
44022
44074
49509
91708
75408
70948
77843
41825
30498
92437
83715
76667
40414
94284
72576
91051
28123
92101
41172
35659
64113
91875
72393
89111
39739
36067
53115
35134
105797
108424
111985
82964
65309
47698
66977
64605
105926
90612
65681
80710
46473
23226
73647
57366
49643
28618
113392
96658
110333
35075
89124
101747
111923
41260
88766
113100
27219
42874
96856
78056
99012
86124
33120
32728
83873
73246
96088
96884
93168
89127
77688
100268
77712
85791
81950
43683
57932
81199
95346
85736
49737
111049
84995
92709
70263
76948
49006
107927
44147
62342
44478
73139
66889
80504
79789
111858
89077
99905
99202
105979
95304
107576
103808
71401
72013
68288
59732
80084
95043
113765
76844
54787
84444
56769
71029
111030
33359
38344
54435
36050
44128
85886
80995
41817
100565
110527
83408
61968
102555
40766
83865
61970
85319
41890
87517
91296
39570
62944
44203
56629
32318
99026
89816
94290
66141
87524
57376
67443
