16237
100305
112329
85007
91935
88700
35433
68010
106296
98441
79300
29954
81860
72142
54034
54901
45387
61336
20626
86083
85966
34187
69418
74701
67370
93243
91532
44592
26096
136774
48239
93691
70834
106878
69560
53973
107917
56789
106632
72482
54542
58337
105805
49853
91294
81507
57263
68423
102337
77618
32556
95036
32715
72109
94664
57380
110106
53238
97656
32133
58173
96153
107168
67425
102939
63834
77423
61725
43018
106437
63235
28182
18157
109277
14707
33505
85967
88282
48778
112258
86612
112648
50676
72567
70058
28863
113498
61585
38437
82317
70455
88921
104885
47031
96247
53633
88732
33787
79750
93649
70000
49940
79416
106881
112176
54709
40234
92004
73537
86236
95690
94809
111335
97262
60445
71154
112483
31350
107475
111520
28708
47309
78298
60144
113659
85497
60968
31348
110852
60792
108023
61085
86047
46570
68196
77213
42957
36161
51650
77028
19420
56952
67619
47233
101589
95997
92298
83997
135463
94705
111790
104917
72102
98996
89080
106375
66489
43009
113582
36088
110419
63290
84279
72136
58517
35219
90057
8475
59666
74231
111313
55262
58832
78029
84213
39022
64428
113482
34442
101131
94192
104875
53225
17032
77139
77734
92254
74975
109109
47641
7568
60722
28216
90216
91742
93582
72325
56653
66862
34121
78313
54520
57676
58951
100254
54406
84501
99548
41529
98421
49067
31358
104196
