63984
77396
89141
58162
16237
106106
52742
38882
33439
32097
53623
106813
29504
110414
50292
27843
75102
100411
83571
100305
102350
86281
112329
96748
43369
111366
40077
102919
36904
95246
49682
63355
87188
110887
34022
82186
73065
65990
25775
64663
34911
103699
59348
60682
85007
135162
29268
82952
113071
91935
80668
63735
43012
58176
49181
109272
43226
50517
808
37198
88700
93233
89937
51648
35433
45535
88839
90093
107552
55511
100915
73421
49288
98584
33894
97626
43049
61743
85015
59314
81091
76098
96837
78712
46847
68179
23976
58547
40584
41118
39485
67209
113516
111151
104985
110490
85054
90606
40737
112090
84276
30779
82967
105355
50731
77956
49653
48613
68010
136071
82407
35348
33122
44424
90824
106296
94902
98441
57210
46957
32798
50207
59319
29240
92157
32016
45328
51161
78978
61173
108126
38151
106832
53431
90676
59116
104451
58731
58293
34868
77849
65539
101150
55846
76612
46251
107289
58723
104016
75666
70682
97816
109179
57711
103066
23938
84209
70105
71782
92097
93516
33897
75986
76640
59254
47884
51750
97496
91425
86575
81899
33954
50078
69532
68730
91010
56862
46483
88118
108589
100032
82467
79058
66729
40148
95737
40851
78813
54400
109197
96800
85714
44342
91535
106951
49778
98221
80701
92832
79890
92525
92207
52004
98325
49826
106944
82364
47769
45537
96445
28688
60117
39628
83067
83910
61565
11730
55552
89535
45164
97553
47119
106376
75533
77105
55010
27049
56687
104905
70162
35672
80191
95289
73041
68217
50329
104623
92084
54786
113679
83641
60902
72698
48062
55120
55884
64391
85011
84788
53500
87388
63275
106976
78265
112730
71455
88602
98694
48690
84225
76963
88200
102222
19979
107119
71916
100794
110611
69930
85859
78198
78390
32641
79300
44493
29954
100344
81860
41880
55359
61816
72142
77224
101014
98769
55804
86246
25329
105532
94329
92828
29293
49624
80260
70411
64549
78323
46534
103667
107055
54925
72501
76608
80273
92571
92710
70244
68158
100328
104908
54335
52197
30237
54034
41387
37556
100581
39164
121135
48380
54367
98744
110313
41499
112650
91291
107803
38155
68269
39265
56394
91759
54901
53402
98846
40926
81784
97992
45173
64431
89523
43678
92169
56981
110004
33304
97205
45387
89994
87850
101844
85163
91649
49684
104718
45286
34750
73650
65864
32304
106210
102286
58532
94987
94334
109384
47938
62188
31503
82380
84650
74993
107641
109413
55302
81720
71014
50670
52814
82352
70541
99400
91754
85596
82663
29984
86380
49837
80604
67640
94574
88750
75456
98826
66833
87833
75014
105962
107656
64535
101492
83399
46706
110102
93966
67647
96441
89781
61336
108591
105266
65984
92894
45975
20626
46543
85220
82052
93918
69386
86083
58707
57894
97246
34122
101713
69539
93111
47549
78969
84525
107601
68138
93403
106154
14344
113463
75764
108879
85966
77915
47724
54998
99312
75333
76607
82895
82165
78008
80255
52830
77606
32931
112302
34187
98934
69418
73272
33369
56058
80470
106824
93206
74701
63308
49023
70680
50089
29428
101435
52230
45160
53613
109471
78642
47679
96625
45688
68026
65945
104610
109600
50674
97498
113525
58504
70555
54096
28592
86537
74884
77199
56955
39167
65182
36946
110144
56468
103284
62121
76611
29702
49521
85045
27784
87968
37308
103171
67370
64766
108810
66117
93243
104082
92302
51665
104695
113055
42665
62287
36349
113604
58100
55362
51794
33571
57371
44761
67900
98184
91532
113648
103727
59288
46063
102013
45946
92096
112192
50841
111789
29500
50658
53410
113712
73852
82675
34896
44592
54246
26096
68267
60102
56767
50686
92102
72129
91984
82120
67058
96235
90934
34400
14781
72225
107366
136774
69410
57530
111027
32030
63566
27082
47751
100404
85909
32172
75355
66340
48024
95903
95014
69984
48647
98810
25396
81217
88919
33358
45077
100201
71815
96355
60738
38089
65613
79237
46184
58144
109465
110886
69382
108585
100338
93171
70560
85307
27382
94376
103551
48239
47817
58599
104484
61408
78211
23230
64205
97617
77627
65697
88645
79192
82223
93691
109476
63644
70834
66061
54757
101319
82005
87004
38254
100763
107988
70300
94006
40192
80884
109638
77559
92490
46388
87925
51565
37531
74368
119138
109760
105125
86588
58214
34623
105972
97866
58406
79119
88235
57128
34555
88525
50985
76036
83568
98106
106772
37612
93158
106670
77250
58277
108132
35386
55990
104854
71785
70305
56719
54606
114148
24676
50759
84729
101050
34123
81302
59867
51875
56156
37580
36798
40723
36479
77121
102512
74161
30254
95124
104285
106878
69560
53973
68183
105274
62793
112821
57354
32734
107917
62727
112710
54750
59552
89291
101046
52771
87846
54512
85148
78357
61702
109024
86454
40731
66471
49136
108035
62922
90094
96671
112695
14194
43362
31651
72958
81357
56789
96646
75174
69835
86901
113925
110222
100821
41393
62046
72932
40056
79258
21596
42971
103132
75115
43735
80259
35299
107644
71617
94277
43078
84111
50396
93938
79613
93773
106632
90845
68620
64134
35304
61204
91059
64164
113999
72482
89319
54542
43964
41730
87727
90142
48865
102862
62731
94359
31060
53604
76537
70521
61820
113501
59894
81612
74833
82540
99280
79042
71451
72365
28562
66654
56053
63542
58337
59487
55992
86483
90283
71523
64321
28458
49172
99887
75061
67746
69834
31072
68295
95794
56673
84432
74699
105805
54431
96143
52833
52925
86911
49936
45159
82597
47727
107866
98204
64336
74013
96277
36973
58007
37194
50163
20723
12003
46629
50665
49853
97602
103744
108519
77888
67169
47590
50835
88739
83328
33129
58296
99704
91216
45242
70009
38862
64347
99967
42666
34969
78613
75573
54438
81582
39629
91396
59596
110095
112130
113899
64369
104204
91294
91171
23820
75982
42175
103212
100583
90792
86983
27921
33214
56594
98757
69636
81507
32794
96361
29629
43367
132680
95277
107272
74155
112823
108435
90735
109067
84510
49765
62333
55099
92118
52941
64806
111231
69457
59781
58359
59554
47231
77640
53393
106909
57263
97537
46802
61798
70531
90564
106800
55743
68423
50333
47442
87746
100796
40069
79642
58188
100542
45102
83339
62818
59240
110547
112070
69615
102337
80266
50724
50256
91021
61363
108378
33216
105625
66212
99307
80910
29846
48041
44583
45834
122761
77618
98217
112366
45498
93566
47894
101317
34852
38961
50217
113654
95018
110723
34127
87749
103483
62008
32556
72316
69616
113493
106378
38211
64061
68871
43346
110580
51542
74148
109667
46244
105980
57469
59420
72794
102308
96563
66193
43502
70859
28527
89190
64906
112167
101281
85250
104895
84445
109514
33353
79989
50404
56617
96608
87865
114085
68182
62429
98733
112657
67114
32589
6796
112051
38691
70402
60115
59086
31839
58464
74542
76584
104844
75190
95036
102696
104173
107251
39527
75243
110442
107946
54005
66528
82487
84382
103457
766
52508
99702
91148
97121
54790
95009
28325
66261
89839
63678
53308
83788
140720
86463
88649
64390
91318
103690
47914
66214
81755
107837
53971
41872
20826
59696
111225
104657
98082
49154
63858
97772
71034
68617
61304
28996
112040
103498
89609
40355
73747
40160
96438
67369
81410
26260
67620
73323
67337
66334
93894
31654
99185
46594
28435
32715
50930
103396
49736
49415
44492
30797
72109
100633
89805
64790
48815
58417
99290
93376
94816
61661
96819
93626
94664
28470
67891
103849
62971
66218
30563
68522
78217
80064
97080
47156
103140
60537
46103
78299
45008
7380
109737
78746
58365
94947
99640
108790
57809
100712
45606
72693
44132
110708
81567
93936
92019
108635
80780
101490
99908
86711
59688
97485
39970
71604
33406
62596
22272
57380
50869
61463
36764
42801
58407
101619
110106
98747
75495
104105
75536
50774
73957
77739
53772
92067
53238
75757
108002
29318
44269
90113
40681
52968
31051
112665
99685
96903
113335
53997
45842
96471
57806
45287
92958
96184
85500
82175
23988
101614
97656
71327
90468
50854
37209
32665
69757
33790
81333
55176
93573
59396
110413
34144
35071
93431
108617
45986
45696
108712
32133
76283
78147
83718
68485
90425
20224
110056
27794
100899
45195
58173
46452
104152
96358
34918
58330
45078
37595
84254
69892
97264
68781
39447
136073
53673
82427
81110
108768
40962
35977
79146
92441
113172
32731
53397
55437
108876
58955
55372
56509
96153
106477
66546
67245
71802
111760
46199
34982
80772
47436
79315
25343
61752
108004
69345
66066
110253
54180
62075
111884
44952
70506
62770
52810
39932
52608
68850
106346
114072
109915
30400
51544
73302
62842
109444
103458
81224
90718
86825
88353
108385
73651
112113
37052
18034
86070
73956
67454
81811
57612
30063
107168
76680
60216
49120
119584
62719
55348
74707
60482
106336
72020
110387
83220
112077
109299
52753
72420
99763
85856
79479
74081
111193
68091
36170
111497
63128
61947
101504
36186
14343
99700
87036
96964
32436
68575
80026
58754
111705
34674
93780
58128
41250
59412
105657
33449
39165
71002
97665
86555
80556
70420
43607
83834
110025
35528
92540
38177
67425
43077
89870
101203
35526
79910
79833
111040
100428
54388
99329
102019
84278
74852
54467
52510
51714
33668
37693
52806
106398
97380
51529
98623
74628
46606
26108
95058
81717
55298
77162
87669
43311
25728
91209
58415
94589
90941
55187
74583
61279
138807
34934
114126
86258
113956
111264
70349
94910
102052
102939
91374
66244
112478
77482
35988
63834
62830
110560
103270
45709
98142
96932
68675
71006
62758
75825
68441
109293
83527
99328
113575
77423
61725
84186
53525
42600
110489
43018
82798
115500
71816
59239
111603
56741
68893
42402
37913
40567
54788
79079
34938
51435
79048
61326
50442
49851
87443
64875
55283
29955
65779
79727
98356
33236
92424
99093
106437
57226
91220
64200
64413
104861
6146
51995
67033
32624
76654
66493
64802
52065
76530
44036
107941
100423
63235
45517
96000
34706
104748
28182
39626
52276
92725
40997
92764
75350
98491
103502
70786
51337
31336
50143
38306
34331
104210
31457
88136
88867
18157
98820
60044
103176
95966
88440
53598
96982
102711
82610
123330
106323
34026
1831
81641
78060
97673
93905
38863
22874
62792
109148
112309
107288
34607
65325
104600
87536
40918
6455
83560
54895
86123
100807
73745
60309
101597
27008
85863
84913
109277
114482
110559
97885
73046
66243
79446
44398
94184
114150
41251
36267
86559
104136
99443
51722
30061
100955
107829
52837
75711
49534
31104
64410
56572
60842
49168
32291
61333
74152
59747
110109
33873
94074
69013
36837
63363
87270
65542
64729
55220
38085
59372
32718
114011
63359
94806
104542
109100
89469
71931
113003
93943
91638
14707
33505
70422
88756
86764
93402
48489
65857
88980
37859
95870
53974
77574
104400
35054
105530
79204
56315
88879
69162
103144
38912
97502
52999
54330
78291
59838
46945
100192
108968
85967
86715
43451
113170
32033
63940
44317
31979
80278
55068
94464
34025
88024
64221
103438
105578
97164
88282
90448
49227
113623
44239
93307
84932
48778
94361
68236
113045
69306
78656
112258
92614
96223
88886
91596
67917
93754
71587
96484
86509
28597
46379
75296
46165
94442
42878
73053
77222
91380
94685
46266
99481
47667
34520
26016
101030
96429
71831
64232
93857
33219
106249
51990
75569
86612
95686
43876
58357
76811
100983
105890
69654
101807
79301
34941
56889
106095
46599
97124
98830
36097
43208
91885
58605
92829
39718
88788
100486
40795
62801
93839
108441
82450
100612
112678
84128
107379
66650
52838
76796
93652
70628
41483
111773
66673
68544
111265
65472
53812
53670
100418
112648
50676
42466
34902
73307
62108
71197
105711
105343
44215
109175
81621
50664
114065
45977
100309
76688
33674
36956
89083
36531
107766
35952
69612
108436
83483
104048
78701
39895
57105
94410
26611
87604
74430
98138
38894
98647
70431
99114
49431
97313
107647
76486
66888
64898
33740
66543
46501
35996
90607
37319
72567
80984
92514
68112
19596
104402
29231
68883
58806
65910
93860
82775
65192
88753
50750
103440
69384
28436
58523
101048
62450
36223
45936
64453
75337
85531
111034
107952
72366
124419
14790
77880
56392
112041
50194
58724
86703
52231
109286
61036
93370
57349
88935
61780
102232
68445
70058
99513
70205
28863
34587
97929
41067
113402
113498
101002
33992
83576
50912
73371
43126
30395
34873
66661
93320
85264
40804
104452
28528
100833
62284
81425
79068
36071
106360
106986
85256
99587
51268
100632
72228
64284
67184
100039
112563
98054
88071
89106
74235
33508
50003
106672
61585
54436
106666
58861
45011
76074
33688
110427
62757
111089
101333
71133
93653
57714
67634
48751
91777
17832
110700
31656
38437
82317
47026
24432
91655
70455
90995
68141
78816
66776
65813
36824
104624
97766
72661
69809
96389
93751
95647
27179
112004
83386
65259
78139
82011
112785
29429
45285
33206
40727
41336
45327
62858
45473
70590
99303
105464
56412
88921
87061
76685
38790
80776
64531
58674
56441
87681
77148
60740
100829
104858
52757
55287
89532
130085
69173
21527
73070
74328
112092
83407
37385
37017
31726
86036
106457
16959
149920
50613
101305
83911
111981
68889
2512
65471
83850
104885
28567
78106
72671
93128
53544
110363
47031
57426
57057
96275
109845
51125
79494
46476
54247
69226
77436
41556
73787
59807
111725
101901
27404
77764
84219
62946
44752
53985
70740
88329
26975
90373
101969
45316
91060
106920
33570
61432
51301
42063
97473
24503
100914
105291
29431
101678
65821
18953
38435
78003
14036
41736
62886
94176
89417
76512
92912
62982
89689
58510
39886
55996
34417
113852
81335
94209
83253
94135
103344
96247
86620
77041
42147
33174
64728
53633
88732
110897
88493
82038
81041
49330
109069
33787
84948
106556
81570
75721
76457
38605
46668
32543
86477
101017
83548
92496
79750
76297
81763
72345
52851
91259
65622
36924
102454
71504
79343
35251
31763
84990
7379
106189
141697
44312
113136
44291
51502
93649
83461
109637
76408
87742
70000
93343
60694
39540
90039
69127
98753
31992
32452
113276
37214
106903
44596
49940
103460
28791
57665
63152
41791
60637
46771
76340
93558
61211
47120
92630
64572
76005
111289
79416
32292
96802
61132
96360
77317
25989
78595
35788
55626
61973
107819
107872
84504
67464
32744
30631
112834
37362
106881
39975
90577
104724
107785
112176
54657
93853
57429
109158
78887
110358
41342
77861
54260
89787
45476
24430
35965
71005
64292
100521
59450
42148
42295
74475
33637
35320
102353
54709
32221
91065
81532
66306
98361
81723
73168
45179
33077
113978
87548
84507
35132
78533
97273
37830
72952
46789
26920
113667
54960
57352
87035
81859
42987
87509
42684
41086
102215
92206
45161
70267
36211
96670
40234
38220
92004
112504
48736
49608
37941
53179
43359
50832
56147
72704
89940
87218
74135
63282
97419
77660
96409
38860
86976
106928
28354
103173
43972
54075
86985
81040
60810
39518
111930
86523
89087
22768
80143
68548
62009
94083
68628
62867
56234
54533
62631
79075
37329
111303
90975
62185
59183
33758
102605
41321
71711
105307
80187
41404
99741
44395
50523
73537
37315
48523
106668
37790
41569
76764
84787
72431
117272
47435
109827
97257
90249
89849
60462
70370
54254
66894
59350
57616
82739
88140
55160
58174
96196
81309
61431
37836
64202
113237
45466
102360
84289
108665
85498
101581
14930
97716
85255
86236
95690
56108
37371
81602
108084
93301
32842
63543
92494
96440
81061
95855
78402
84489
105082
94809
53756
69189
84978
109290
76429
102731
91847
49394
112054
76908
124486
65705
106494
99275
51871
113796
65191
110461
50655
105315
41171
62420
84819
93219
41090
80783
111335
97262
104547
113064
96530
60445
94776
60909
77441
32539
70693
81581
86563
66887
78109
42537
105989
88738
47170
57893
80309
31646
76466
39026
68901
53874
55469
63606
87148
101457
33660
77277
103260
52932
110919
52108
32063
56286
91554
87620
49068
82627
85896
51190
110557
69118
92693
94831
113394
71154
41944
49547
105570
55149
77442
34703
112483
99996
26466
92300
75980
69970
62616
100447
61872
32885
53984
99592
69841
25300
104441
86235
90581
100333
59505
82381
64367
72305
113081
67055
51507
71830
86606
70101
45987
40646
72947
66242
57345
33909
88774
87916
41993
110411
87998
68364
54214
31350
99183
112482
73910
85121
37489
39697
56901
112937
48912
47036
75440
107475
107638
63459
89829
105575
109852
63539
97151
79342
49828
86916
101893
111100
86652
60770
103072
22958
86995
88647
111520
112295
111568
75445
61272
70398
95210
28708
13762
61154
51684
75962
55242
26832
90831
40754
45874
85457
88923
102951
91586
85853
71927
62992
54479
53960
68527
46294
80714
47309
92633
56296
97691
109765
54334
40803
71755
78298
87951
98514
50112
87812
63009
32494
58530
108590
75493
66773
45859
85409
99966
102264
104471
93662
60144
80156
96334
52655
57067
45392
58230
112062
32330
41968
41502
66310
58121
76781
50365
38018
33121
82727
92376
74798
109715
100765
29667
89299
93640
93097
77907
31769
86277
96509
83085
75714
21950
87726
113659
102916
66201
74483
62447
48908
86531
56739
40362
105102
84220
101811
32405
40269
58437
94715
73748
111907
97629
110450
48602
109976
85497
61700
78155
71042
51897
84287
91151
28660
59428
26148
73177
61825
109952
55438
87305
60381
85804
105333
81209
23093
108620
28324
80941
57815
105324
67317
62072
43590
80851
70561
73902
71917
30184
49586
77036
97241
48609
112544
105035
87097
63780
73548
54020
81068
60968
90429
101864
41906
105742
76975
78977
92273
86977
101922
112760
33366
105233
91552
48222
80047
93339
77976
68898
111306
85058
31348
98662
58543
55105
100453
84424
110692
91607
72873
112688
98390
55269
110852
96772
61332
82954
108695
104652
104991
60792
76941
41869
58171
108023
69229
28821
52131
38167
103545
111004
40314
73090
53788
109080
88125
95824
42558
104231
56746
14195
65852
64405
78703
55442
71130
47177
58514
41322
107604
48837
82396
96527
70655
110645
113399
7054
48013
55777
108531
59649
61085
72003
45333
56527
96248
37234
91297
86047
74186
46570
59364
80539
91226
28164
82325
86890
83022
49593
106713
68196
103180
103045
24128
63185
53505
70003
60214
67069
107217
90565
51845
18518
58011
32864
57353
77213
76354
45197
35550
95118
33699
107876
81770
112716
31308
56596
63705
95343
101679
42957
73244
101196
27866
92124
87606
47044
36161
34111
87504
77988
48747
28895
56872
55473
86095
43243
30813
65143
41053
31643
32555
46015
102979
97359
108088
73751
88684
51650
78316
64822
84836
28168
79831
25842
93341
84007
62988
22255
46038
60224
85383
63794
90213
112289
112747
77028
74310
86262
59106
43282
72355
64697
90555
77889
94768
74951
3505
60754
70932
84656
34912
34362
107222
65850
43708
78759
110646
60674
64449
102867
30335
32264
78974
102883
51165
19420
52130
25404
58446
84277
58747
86675
113023
66265
100527
119964
56952
50522
111187
104164
60543
39408
97180
111870
92211
66847
112757
46582
25990
59038
67619
106980
113041
52853
44526
46405
41400
72625
65634
88991
112820
57005
106759
101980
64826
47233
67176
56840
65611
86256
69778
102305
55741
113325
70557
60252
58052
112200
80503
71128
113573
61355
31502
113517
48018
64714
67405
100160
33856
79286
70171
57230
24730
90207
27217
33030
83273
51170
109143
64969
47892
71329
110395
101589
32141
112675
84309
113502
105143
112728
49323
54049
101843
102532
96469
83720
110125
74544
40832
47937
34166
69648
104015
26971
90726
6670
75561
88825
113006
78765
93625
95997
35524
110050
92298
34492
90114
49167
31140
40899
87840
111278
80201
84117
81101
91305
57397
72758
20455
91240
15525
70391
100128
54791
78385
97192
56853
767
55071
86656
95845
46357
68361
73057
93784
75546
40572
27790
37655
96273
105809
55766
38161
73817
26458
83997
73760
135463
71605
5506
53306
52969
53409
56094
94705
80519
50919
37428
76252
101470
94968
107420
65672
72534
50848
52506
53501
75308
106919
29746
87597
76556
109762
111790
89830
47885
70984
71581
70178
89426
35754
74150
70161
92513
105103
33442
104917
113152
72057
79922
112180
79516
72102
46607
71012
93508
77917
65141
79246
54605
70432
113524
53170
49875
75916
71011
84202
58216
110485
104116
110918
79838
52239
111671
99987
103099
98996
50916
112496
103856
50492
22507
110724
74705
43232
62013
78130
89080
86015
109123
78456
105882
64190
106375
92776
95074
14418
57282
79755
82046
61298
69789
49054
44936
53588
93130
75259
78090
96274
60593
42188
54650
104328
98888
45992
79996
37945
47067
67673
57891
106720
59540
32861
38494
79316
114127
44762
89888
69191
73270
113349
87409
85719
75841
87190
50021
62099
76906
81221
111952
69145
77303
60484
68803
107657
83864
43581
91845
36702
72017
91043
43639
85336
111403
62585
107186
108920
111771
37885
44599
111817
68616
39898
71518
99749
59323
52994
33855
100278
70113
112769
88106
66489
47199
43525
43009
28780
62551
87503
38861
91478
77715
68088
40749
102649
105509
80878
45075
61777
50419
95994
37641
82955
31546
66587
75646
91483
46438
84448
36239
51283
26564
38913
102942
109087
86508
38079
99911
54012
75515
88693
58258
94760
113365
52503
93054
86008
41497
75297
120357
66999
113241
66415
59524
104313
111050
30380
29820
81303
112444
102213
88630
80290
45820
92627
113582
108672
36088
71791
60574
99080
70899
106886
61721
35819
92255
74237
56569
67512
97379
99515
87650
110419
98200
41083
68738
98009
94111
55435
64510
42088
146799
78589
42712
99156
109297
74665
95198
73684
31023
88940
98375
113987
71111
23267
48763
63290
101324
103137
76081
45361
99041
75769
73840
93214
91774
102266
72622
95121
54212
102369
40365
45757
92349
88166
91015
37022
104962
73771
34173
100417
105290
109163
109592
61720
56731
114018
31375
57959
17672
99446
64446
38179
97637
63874
50393
92141
113403
60071
109891
77502
29626
33522
110407
71672
81786
95178
69417
63632
34910
66083
38888
91934
78087
61327
56522
111820
98703
41804
111681
112242
58351
82014
65434
57525
41458
113600
66206
84279
101077
43559
46889
77944
103172
60013
82361
80092
68853
52509
49609
76970
72211
32796
112658
52486
78285
114142
78690
62141
44741
65233
103902
72136
86020
32558
111307
87510
97694
151608
67706
68204
42555
106005
40936
29992
53156
55115
73146
66089
20457
95637
58517
63461
35219
90057
112194
91668
112492
84177
34307
100250
42796
8475
53815
51554
60351
69359
58840
35992
91093
105637
60260
62454
69478
94469
51188
83655
44785
104648
34536
95765
75006
105568
57150
93836
98842
100637
66379
65706
104309
41139
56868
61281
88804
81637
93922
107448
59666
59721
15900
47194
74231
74925
102993
60673
97547
55942
79349
102386
76889
56290
93504
89851
66914
58471
46967
97928
58160
96020
113266
41038
90087
58882
90018
63492
47744
79361
40833
52157
103017
112209
97211
84032
77563
68142
106712
107784
46185
111319
51697
111313
99392
98679
113970
94725
68400
41756
112855
76623
97822
70758
93701
87883
76802
67808
96477
109738
93724
108839
106676
20010
93129
111874
91959
41950
108367
54579
78356
4510
32347
105971
96766
101838
82592
40705
40896
76420
92099
68307
105092
43063
62566
56523
81150
74663
55262
73094
97887
34480
105608
52911
63003
32040
44792
59940
96926
112702
81232
88387
109213
74753
88698
82430
66021
20749
107016
50749
75512
78885
49378
67438
65707
87070
78718
13869
56050
76572
55744
68422
52874
38872
98678
106354
111389
76003
78535
103128
111605
62545
58832
66562
67237
111754
49819
43309
98411
83779
62036
45547
60830
83472
35552
87452
85288
69304
113669
42502
109270
99731
108328
113929
102851
31455
87747
71787
38647
62175
80822
78029
24859
64233
31040
105269
54843
47118
108347
61898
79735
80190
62288
64899
92953
15882
52594
57823
78055
12323
99782
113312
82324
68137
102822
92966
31812
84213
32792
60976
55850
71112
84343
62338
84949
55156
55011
56636
59866
101103
9568
35750
102194
109666
89537
39523
51647
95635
88523
101282
114372
107388
111247
39022
64732
73673
99822
44808
37030
81880
802
84345
104158
73089
93970
79442
95197
47465
64428
109821
112925
50715
92359
48486
41792
53341
21443
90022
62574
112962
106417
74028
104971
93925
64645
110298
44433
64540
57196
97478
113482
28382
86974
94824
61781
46059
93380
104576
80095
33809
105849
63057
52754
30367
100745
98410
64541
80287
34838
64634
80944
48121
91154
55635
33301
86102
55683
53218
35462
80704
58615
113749
110057
59422
71108
77787
63294
43497
41403
104703
105128
66341
57178
60494
61404
28484
126761
61863
75182
55802
29501
65370
96218
39976
99154
50857
88755
82598
83654
56652
8013
98658
99168
100088
87252
59304
32203
112197
80592
61615
32625
59400
89471
74146
44559
55574
91639
86090
77588
103491
54043
80094
54761
102065
105415
60460
104953
94965
104151
46538
112950
70404
108693
46386
43546
97179
72662
80708
65967
34442
39852
43481
59648
109046
88612
30137
58008
39013
68848
109490
40357
86244
54404
65304
101131
82051
47063
69948
88491
3584
96120
67672
112298
111712
38994
29226
91311
37741
82536
107916
87466
61435
58977
81508
39981
78647
40389
28217
96970
48669
107646
94192
83446
104013
46609
30253
71506
81892
77098
47696
60872
45360
67087
112672
77879
68674
66373
37050
55290
30483
55867
47488
64713
57431
103319
79595
40183
35210
55941
93592
88989
72364
112703
79386
50845
48301
90008
111378
42187
59448
102378
38519
91053
57868
31042
108852
80502
93666
60735
41399
104875
25700
60522
65674
55735
72725
96947
78964
29181
50022
73558
75273
30866
54884
79551
90659
80271
79396
89534
113864
38493
80396
53225
87772
89397
52634
74377
46537
41827
28258
88495
83180
94834
113791
93387
51607
88439
31739
104047
39395
73617
88318
50677
83771
52156
86813
66632
17032
77139
77734
101318
96357
35234
51049
55631
64539
89196
45390
53988
68902
52697
100822
68872
77077
66865
55482
67881
62032
92254
77257
99570
99042
51721
65702
44631
101274
104496
108450
88266
113744
103508
63523
72268
41883
106188
95127
32936
67409
93648
45994
70553
104419
40311
86914
25458
32789
78594
91543
112050
74975
59434
46200
108579
104232
100771
58241
99044
93906
45283
104174
45534
96193
64317
68318
67465
81572
113343
73066
32743
81846
50144
66019
70692
85373
75550
57082
62572
109109
83553
64640
42360
47226
84051
47641
48015
42408
101264
101684
97636
106449
78272
80555
42199
41873
97842
58958
101738
82055
99027
97341
60918
39163
45515
111111
46666
104411
105838
105234
84621
93099
111381
38077
99085
86576
44044
92727
7568
31458
36303
85841
72370
64810
78138
53477
80102
60722
32664
28216
68945
57972
92231
67749
105748
108311
46245
53147
99495
73088
38194
98932
95892
107143
57395
68677
28681
77864
83255
36155
28434
50716
98354
78117
53620
106822
65700
39941
79707
82535
107271
61676
99058
101937
79702
98080
105190
111580
80410
79435
78476
90391
106618
38664
72158
32164
113453
50653
78539
90216
54624
91742
91052
97417
74478
55824
47017
94855
93582
135951
89055
97430
54076
99043
83693
56700
111269
34550
93347
90082
85284
101289
66880
100202
76375
79772
69745
113689
55670
41494
35830
107516
80509
79679
34142
108129
41622
72325
56653
85358
59330
93098
45978
71116
48707
36708
45383
107787
87156
55135
73536
70034
52461
66862
86589
80386
96331
97100
35510
34121
55881
76671
69953
52756
78313
36877
54520
28343
48051
63998
101084
102114
70730
90657
42180
114019
48447
93715
78834
28651
113936
88652
72348
76794
77537
105031
99556
43349
47981
107307
107250
94462
74129
33071
86125
57676
85783
65322
100154
107978
53278
104896
102414
41309
86950
40650
42189
60534
58951
82482
52962
85145
65136
103697
28241
44178
54253
96344
54513
106555
64901
98183
88323
103018
61286
105856
101906
48109
105001
103317
110234
100254
68896
22597
49757
90206
91038
32235
84317
104467
79403
89545
59749
54406
73606
80144
47289
84501
102393
109474
33554
113535
39790
39894
111109
108699
66835
29413
92880
62071
107743
81920
35972
56381
113592
99019
99548
43203
97101
98043
48026
35736
38789
103792
97086
57760
58515
52993
105807
65332
59919
105054
95295
38885
65836
23328
70239
101755
61633
50372
77210
34145
43326
59650
36114
53743
88615
36121
123175
107045
60980
52823
112614
41529
67053
91383
61175
94904
89745
55940
83238
32705
96852
99270
113035
92495
45947
51666
102869
41388
40493
65840
98683
107945
65723
109204
80407
56503
52852
69321
79400
36299
92272
113725
98421
112530
107040
49067
108942
100408
61984
41189
39978
82575
66492
79596
38302
100522
66443
112810
38867
76182
77816
50876
38791
34176
81914
49744
97286
36911
47185
104649
46303
78976
58396
64155
31358
89019
73686
47482
58420
90141
56535
31752
54543
60979
60008
92954
44212
93349
44674
107097
71462
66957
98153
102224
30467
109347
68685
42030
103857
65786
55111
104196
65525
94571
84517
90867
53725
59155
40392
68068
105480
53849
113284
72341
79290
106597
92209
80603
34359
