56546
103331
103430
94844
52584
83364
76041
68095
41803
83652
90235
93548
109572
95141
27906
107873
55118
62864
73294
30944
51639
9993
76779
80793
81027
107857
64299
68629
74465
100782
77027
105506
27483
75854
84203
69372
59626
106281
80205
30941
24160
30558
82612
96399
42711
84107
67767
41599
58300
111961
112813
105472
113746
67311
29676
111122
82551
52099
24845
30947
16556
61531
113215
22559
93678
45083
47802
32083
71230
100163
99142
90054
106466
89082
57663
45308
34038
85184
95865
96404
78487
60212
9022
9552
83427
53639
73798
90549
87135
43762
43361
64621
102059
94921
83559
96914
97461
67960
29747
85745
43204
59403
57790
94823
112433
86211
26801
75755
108130
60752
47299
104031
86609
100387
86741
78789
38528
68092
56783
110804
85938
39271
80374
42657
31435
50966
106551
66014
79432
30859
75206
31433
50444
103538
51638
37706
89142
109924
54019
84108
129657
101825
24224
30943
111719
34163
102375
38839
52540
112765
48564
54382
62385
78788
61067
72861
60992
53174
43558
100337
88987
101700
77266
137743
86458
63271
60615
82155
91739
32938
27282
34305
30948
82674
86309
29727
56672
83682
79878
66248
41601
88529
80771
98083
43674
52411
62311
29269
94007
81186
113820
69581
33003
47919
42460
69388
12516
116691
84723
25605
76583
142535
97791
69813
47966
51733
86932
99757
108615
2180
58239
54362
51836
95032
51308
59173
69344
39034
97514
60804
107028
32091
51642
79985
92245
103469
96387
95774
24902
45074
18423
82691
34680
43556
36478
52536
94151
113052
30792
75080
34151
99435
32968
