43369
80668
49181
46847
108126
59116
58723
54400
96800
45537
75533
106976
110611
55359
77224
92828
81784
110004
106210
82380
93918
33369
78642
112192
54246
48024
48647
93171
82223
105125
76036
106670
56719
84729
51875
62793
57354
100821
93773
91059
87727
72365
98757
29629
109067
59781
77640
62818
50256
47894
62008
62429
112657
53308
64390
71034
30797
89805
66218
80780
104105
73957
75757
83718
79146
55437
69345
90718
81811
111497
35528
38177
61279
114126
111603
56741
32624
50143
107288
87536
60309
85863
51722
74152
87270
38085
93402
71587
75569
100983
52838
93652
100418
44215
100309
76688
36956
104048
39895
38894
45936
36071
50003
37385
31726
44752
65821
44312
31992
104724
59183
80187
44395
89849
59350
80309
77277
32063
49547
105570
112482
39697
112937
47036
61154
68527
54334
71755
58121
84220
110450
73177
80047
98390
73090
78703
91297
95343
30813
102979
62988
60754
104164
41400
112728
91240
37655
52969
50919
101470
107420
77917
113524
79838
50916
78456
54650
59540
50021
33855
99911
104313
112444
80290
97379
94111
31023
101324
75769
45757
99446
110407
91934
62141
34536
95765
56868
63492
97822
109738
105608
44792
107016
87452
62175
92966
101103
51647
41792
97478
64541
80944
55635
65370
50857
108693
82536
71506
77879
80502
73558
80396
67881
95127
67409
104174
46666
56700
93347
41494
35830
41622
59330
36708
87156
86589
102393
109474
38789
40493
80407
36299
112810
34176
46303
89019
92954
53725
80603
