91199
90779
51087
99069
48790
103987
99675
61000
94572
38889
62425
70781
99781
58611
64591
83615
68750
108392
71835
111215
39371
110446
58827
44586
109933
84397
104112
65021
62053
91559
112324
86254
54961
44550
43619
90108
33251
34711
27085
68907
46711
93525
65086
29353
97399
89193
94436
32548
40101
56174
96370
94708
106492
54389
50079
79464
94357
100667
32603
68695
27372
43925
40982
70323
61972
84813
60796
46110
60346
105428
17224
60040
64239
57503
70917
112826
54970
107358
52587
55724
52326
42094
109291
78967
61623
111601
78791
104450
72578
117378
69634
83160
42935
69969
75785
65513
101682
36541
55320
50024
95151
75079
46111
105811
43952
18543
99540
97775
51790
58203
81160
47412
42988
95801
66918
86736
54328
78681
103323
48786
69414
50563
70524
82656
80570
108866
75248
55682
55636
76672
93381
81344
74508
44306
94964
86538
52526
71182
57356
45357
42503
33599
56128
139626
41459
93246
102132
62190
104018
53263
90720
82411
62507
41933
59834
59671
87195
24131
57069
50743
54387
101147
56762
106941
61871
39089
157291
67148
80569
39734
76873
71813
82587
34783
56217
95294
50424
67050
51682
101847
76624
82232
88410
88436
75728
104694
80032
85676
37609
63362
107875
106936
74378
75300
83077
49558
79437
103040
110968
110449
52075
58254
39620
63934
81194
37082
79538
52741
106054
53260
103494
68425
81682
74908
35720
87534
103113
47953
32174
107918
24644
70522
60558
37738
56999
112021
75691
43614
5288
65576
101163
92506
80573
33235
65628
94889
84157
65023
61571
51730
110048
104394
80130
94925
37142
79992
92500
53727
31820
77887
89009
27652
77092
81450
52143
112434
74652
98076
91208
89621
91317
90135
61441
95704
83569
64763
92505
29499
65933
65704
104914
45356
58146
56657
30233
90531
56334
110218
50830
93126
108739
110959
51317
63840
84122
52338
62448
93303
38250
39515
47165
95790
63065
80185
105860
65915
112437
94188
99147
