29295
91199
104504
113247
80703
41347
90779
98372
51087
72381
107219
99069
103861
79689
48790
103987
30650
55032
66980
90922
99675
39546
80706
61000
28862
78108
112282
87730
95182
94572
88711
81133
74130
69895
101081
30393
38889
59506
62425
70781
51671
112139
99781
99573
60033
58611
64591
109619
36291
70840
91830
83615
68750
108392
71835
68627
91267
52126
111215
39371
38267
63050
110446
42090
113660
86276
58827
44586
60043
75411
66890
68386
107705
109933
76102
95806
62743
84397
62789
54217
58037
104112
60970
78019
112026
82295
95852
65021
62053
72507
97230
91559
46621
112324
90674
73962
86254
54961
97090
107868
44550
96545
43619
74881
83648
90108
33251
34711
111166
27085
98439
45183
68907
102062
100251
48438
75901
96567
53248
75709
92753
46711
93525
100609
107302
104495
65086
96575
73104
58613
29353
97399
109779
68289
50858
67051
89193
94436
82796
32548
40101
56174
79519
61977
96370
72394
61009
103838
94708
62952
106492
54389
50079
46319
85151
84447
79464
100056
107575
94357
40363
60500
100667
84004
37934
55815
32603
68695
66486
27372
43925
40982
47089
113878
80121
70323
96350
64672
61959
96089
61972
98567
61084
36980
113520
103141
30252
49193
84813
60796
65839
77686
57636
39764
32255
58560
46110
49555
60346
112938
113398
105428
17224
111791
106038
95772
70476
60040
54557
64239
82429
57503
112257
46834
44798
82745
70917
105250
109825
112826
86311
54970
72841
96952
107358
103669
105555
41795
36289
52587
55724
31652
52326
42094
109291
78967
85459
61623
111601
34999
58039
107497
78791
104450
72578
117378
69634
53945
83160
42935
83172
69969
90830
109334
75785
113831
105789
72923
65513
42840
105151
77141
77487
95084
101682
70992
37081
101693
58628
113834
36541
98258
112052
55320
69569
83403
58881
75695
50024
60701
95151
75079
107595
46111
44411
105811
107249
99387
30561
87082
43952
105639
91578
60910
70423
18543
98518
68566
111935
40384
81024
76835
99540
86991
97775
102899
51790
58203
42762
37490
81160
47412
42988
46673
95801
66918
105272
89569
79874
108358
67608
80623
88762
86736
77407
24587
54290
54328
83575
58307
102894
76831
95893
37884
98803
91301
78681
76142
103323
97897
48786
69414
50239
50563
91531
59662
93964
70524
83308
69301
66157
72500
67958
70857
60183
44022
44074
82656
49509
51036
91708
75408
54768
80570
108866
112553
81679
75248
56504
92755
33793
55682
70948
55636
77843
76672
111438
30751
93381
41825
62043
81344
30498
74508
113424
92437
44306
94964
109597
112174
86538
90077
52526
83715
78661
113534
54499
42798
44327
71182
76667
40414
94284
72576
57356
45357
91051
71980
101689
42503
74106
33599
100981
56128
28123
139626
41459
93246
78524
92101
102132
61574
62190
104018
45756
41172
88655
92797
81213
53263
77586
98256
77158
90720
82411
62507
111163
87386
41933
59834
59671
87195
59729
64731
35659
94606
24131
57069
50743
64113
110337
79982
32733
54387
101147
56762
91875
72393
62000
106941
61871
39089
89111
31657
110185
157291
39739
74376
92487
67148
113969
80569
36067
39734
76873
71813
90521
41821
82587
34783
56217
95294
114066
71761
50424
67050
51682
53115
35134
77256
46182
105797
101847
108424
111985
82964
65309
47698
56718
59299
66977
64605
46586
76624
82232
78933
88410
98961
97410
88436
105926
75728
59693
90612
104694
80032
85676
65681
80710
37609
63362
107875
60222
46473
108092
113955
106936
23226
74378
73647
57366
75300
93859
49643
28618
85787
69458
83077
113392
97229
49558
109326
79437
96658
103040
95005
110333
35075
110968
89124
110449
92068
101765
52075
54582
58254
103145
67387
62041
101747
39620
63934
81194
111923
41260
45589
88766
48512
55729
37082
79538
52741
106054
113100
27219
110005
77789
87831
42874
53260
103494
68425
96856
78056
99012
86124
81682
33120
74908
32728
108740
56099
40533
35720
89737
105492
109060
83873
87534
73246
103113
96088
47953
60834
96884
83804
59217
32174
107918
78734
84505
93168
89685
60378
47893
89127
52322
77688
24644
70964
40388
70522
72838
89384
61908
100268
46965
77712
85791
60558
37738
56999
112021
75691
81950
43614
44234
82275
62791
43683
71389
70759
57932
5288
81199
65576
53595
95346
104726
101163
85736
113824
108458
49737
92506
76367
86024
111049
80573
33235
84995
92709
70263
94622
76948
102228
49006
107927
65628
94889
44147
62342
84157
65023
100205
44478
73139
66323
66889
61571
51730
80504
79789
34930
111858
61675
89077
110048
99905
61178
99202
57749
55330
104394
80130
105979
55324
34712
30268
94925
37142
79992
95304
75171
104612
87841
107576
93269
86816
86654
93757
103808
92500
72713
71401
53727
31820
54094
55506
112819
72013
106855
41204
77887
31346
66238
68288
103631
59732
102889
89009
27652
80084
105634
97611
78883
95043
31823
94570
113765
77092
81450
76844
52143
77009
54787
84444
112434
98050
96305
56769
98667
74652
71029
55326
111030
33359
38344
98076
91208
59205
54435
36050
89621
91317
44128
31888
85886
80995
90135
41817
70032
61441
104414
100565
110527
52552
83408
108893
95704
83569
75731
61968
76813
57580
64763
102555
40766
83865
92505
29499
65933
65704
61970
85319
41890
104914
47445
45356
79345
87517
58146
13156
56657
83043
93551
91296
108068
30233
113400
90531
87696
56334
110218
50830
39570
93126
77414
32926
62944
44203
87014
108739
56629
69470
32318
75271
110959
79431
51317
63840
44543
92835
84122
99026
78773
52338
89816
62448
111822
91515
43500
93303
38250
94290
39515
47165
66141
30809
95790
60271
69754
33512
63065
87524
80185
83561
107524
100458
73268
59405
105860
73620
65915
91088
57376
93920
112437
67443
45400
94188
99147
