29295
104504
113247
80703
107219
103861
79689
30650
55032
66980
39546
80706
78108
112282
87730
88711
74130
101081
30393
59506
51671
112139
99573
109619
36291
70840
68627
52126
38267
86276
76102
95806
54217
60970
82295
73962
107868
98439
102062
100251
48438
75709
107302
104495
96575
82796
61977
103838
62952
46319
85151
84447
100056
107575
40363
60500
84004
47089
113878
98567
61084
36980
113520
103141
30252
65839
77686
112938
111791
95772
54557
82429
112257
46834
44798
105250
109825
72841
96952
105555
41795
36289
31652
34999
53945
83172
109334
113831
72923
105151
77141
70992
101693
58628
98258
69569
58881
75695
107595
99387
30561
105639
91578
60910
70423
98518
68566
81024
86991
102899
37490
46673
105272
108358
67608
77407
24587
83575
58307
102894
37884
98803
76142
97897
91531
93964
69301
66157
67958
51036
54768
112553
81679
56504
92755
33793
111438
30751
62043
113424
109597
112174
90077
78661
113534
54499
42798
44327
71980
101689
74106
100981
78524
61574
45756
88655
92797
81213
77586
98256
77158
111163
87386
59729
64731
94606
110337
79982
32733
62000
31657
110185
74376
92487
113969
90521
41821
114066
71761
77256
46182
56718
59299
46586
78933
98961
97410
59693
60222
108092
113955
93859
85787
69458
97229
109326
95005
92068
101765
54582
103145
67387
62041
45589
48512
55729
110005
77789
87831
108740
56099
40533
89737
105492
109060
60834
83804
59217
78734
84505
89685
60378
47893
52322
70964
40388
72838
89384
61908
46965
44234
82275
62791
71389
70759
53595
104726
113824
108458
76367
86024
94622
102228
100205
66323
34930
61675
61178
57749
55330
55324
34712
30268
75171
104612
87841
93269
86816
86654
93757
72713
54094
55506
112819
106855
41204
31346
66238
103631
102889
105634
97611
78883
31823
94570
77009
98050
96305
98667
55326
59205
31888
70032
104414
52552
108893
75731
76813
57580
47445
79345
13156
83043
93551
108068
113400
87696
77414
32926
87014
69470
75271
79431
44543
92835
78773
111822
91515
43500
30809
60271
69754
33512
83561
107524
100458
73268
59405
73620
91088
93920
45400
