40077
59348
50517
37198
76098
104985
50731
44342
91535
68217
103667
39164
56394
43678
55302
105962
76611
66117
92302
47751
54750
59552
49136
96646
41393
31060
56673
52925
103744
38862
39629
91396
112823
64806
93566
114085
103457
28325
97772
112040
89609
73747
50930
45008
22272
92067
46452
66066
37052
101504
54388
74628
113956
87443
67033
45517
92764
104210
54895
49168
56315
71831
50664
36531
74430
68112
58523
62450
56392
112041
106666
69809
96389
58674
112092
83911
72671
84948
92496
31763
44291
41342
81532
42987
68548
68628
105082
91847
65191
80783
113064
92300
97151
103072
95210
57815
77036
90429
101864
41906
111306
58543
96772
69229
88125
45333
95118
56596
27866
102867
51165
113023
57005
113325
79286
32141
83720
26971
49167
56094
112180
103099
109123
89888
87409
62099
88106
77715
54012
93054
75297
108672
70899
56569
99156
40365
77502
82014
111307
34307
69359
58160
41038
97211
113970
68400
112855
74663
76003
98411
31040
50715
46059
104576
57178
55802
29501
74146
44559
104953
40389
29181
38493
39163
45515
64810
79679
28241
64901
68896
104467
79403
39894
103792
103857
