103699
88839
33894
48613
35348
46251
93516
33897
59254
86575
56862
82364
11730
45164
97553
104905
54786
72698
100794
78323
72501
49684
109384
98826
82052
14344
78008
50089
56468
57530
85909
25396
88919
100338
66061
74368
37612
68183
43735
98204
64336
83328
92118
111231
106909
59240
69615
113493
89190
87865
112051
38691
766
103690
64790
99640
86711
39970
52968
99685
27794
54180
14343
68575
43077
74852
68675
84186
115500
34706
1831
75711
36837
84932
93857
84128
66888
61036
57349
73371
64284
58861
17832
24432
45473
105464
55287
130085
2512
42063
82038
75721
141697
25989
93853
24430
33077
60810
111930
78402
109290
94776
66887
101457
61872
59505
33909
111100
26832
102264
29667
75714
109952
24128
31643
64449
25990
112820
101843
88825
57397
15525
54791
767
27790
98888
71518
102649
102942
88693
94760
67512
98009
113987
109163
33522
71672
95178
65434
57525
32558
95637
51188
90018
52157
106676
4510
78885
43309
62036
35552
108328
108347
12323
60976
80704
55574
80708
82051
55867
103319
79595
72364
93666
52156
55631
89196
68902
103508
70553
79707
80410
113453
63998
103317
113725
47185
68685
90867
