32676
49135
77911
90561
26309
98892
76721
51157
56842
78512
96051
100948
112872
64632
79104
58786
80093
100042
99050
80416
90523
85124
112689
100131
34932
70954
41084
35447
58610
94562
81928
24226
87508
48867
73169
80533
88127
35438
72964
87273
66229
31557
41087
63221
123353
46252
62211
58814
97349
65504
108559
84974
109843
97307
96249
70829
80647
104597
83583
94926
47322
89129
57643
33612
32989
67284
98239
93624
102835
52502
82709
31569
111181
83945
108446
80518
72388
101482
64046
51727
93759
58705
64044
78234
84313
82972
49857
60805
85249
35446
53305
32107
48525
94825
49396
75258
20012
96234
55656
18919
94175
73637
36090
101298
52144
91447
85568
63021
43539
32059
96462
136917
112723
72539
108420
74978
60280
107421
44479
64324
60383
42990
78523
47714
95060
87272
36355
110523
53507
80263
100766
83694
46380
64064
83666
24225
31568
73916
97442
54877
70735
103403
102430
48754
50994
57705
52328
102043
67403
31293
113706
71321
60718
113240
88484
114143
100539
59301
65969
85408
48125
84282
26391
44935
57644
86381
34944
19689
55809
76422
85384
105186
34877
67108
79882
17877
99134
96539
91503
61778
91191
36238
104220
101959
26527
108853
69395
39312
70867
68379
47348
51849
70419
85542
90363
73649
86429
101480
70924
81713
83848
69919
30088
103346
60737
102410
61359
94207
92066
92463
67957
35673
86822
113338
44399
55249
55170
73723
95674
62297
38439
50751
73815
113137
109084
38022
23338
111718
96516
100694
107033
82968
94088
154444
42337
95100
79086
74019
55873
98939
107681
104517
105909
61006
54216
80607
82795
104808
88685
32858
94379
86817
51581
82274
63816
112970
81426
61434
80609
66409
88066
44753
100118
92145
26558
96537
104628
91236
97183
100813
103450
60327
48316
95056
45228
88019
49692
109839
85546
95602
66228
82966
16722
36704
88683
110752
103037
98889
46084
41047
69387
17664
78937
77865
97433
113133
103023
105184
70869
65358
111137
83336
28617
93613
111345
101960
111400
78508
88471
56486
97363
87973
57846
46981
44369
109283
28997
56421
110577
97898
59149
89257
67022
108274
88586
67343
36825
107651
32860
32686
56095
66331
66236
31889
35953
103761
71992
26576
77106
30080
73527
84097
72916
61436
84446
107910
86862
49142
80243
107247
136314
35440
98144
58027
65996
106633
77921
75457
33711
85944
37326
27826
39726
57538
93830
36929
75766
83033
33606
56018
64515
99437
41085
58242
57578
77809
74847
89623
93994
69134
36423
110273
65914
112828
92547
68458
42879
52794
49137
42921
114048
99798
75118
110054
88411
89429
66227
28520
50488
68849
49166
113863
33376
32160
52123
103024
44591
108488
43206
83530
113123
111714
108145
36836
88134
95104
101957
103035
88639
76860
35640
76125
107789
50169
92837
71320
51229
46514
75203
79433
76103
70879
66472
71660
111499
75643
81254
35449
101413
76428
87830
37702
92552
112129
103983
42984
111404
65367
67242
47710
113278
83699
113072
106341
76247
113838
105369
100950
49108
107334
33969
36395
50173
60347
82969
41340
104395
103223
99853
112895
100468
51734
92025
71985
33438
60577
33208
68860
103484
110381
63107
35445
46917
61877
76753
109516
61065
111918
106918
62588
104627
100572
28059
112971
100379
61110
102958
73740
79030
19294
39551
62444
70835
35612
39373
104247
94219
91180
74244
73354
31575
53442
57730
36978
102207
41623
72842
87761
45619
53552
73166
78818
31030
91444
88313
60235
76254
45254
43794
27611
78107
58035
85403
59140
59169
90921
28616
77127
105344
85406
82910
38998
83421
48011
55547
54018
73085
97413
37763
91588
80564
84284
79223
100307
85227
109992
76638
76706
27002
47278
85248
21844
42787
70768
46155
60862
109534
109343
46809
41587
19296
106211
82801
57647
62270
27127
76710
113142
64885
85957
54370
79937
97149
2988
45051
89258
108748
103165
88699
80784
101870
47325
39581
48528
80264
10525
90530
37375
61448
28998
86337
60307
102787
43072
20956
46991
74995
47318
42861
26526
44368
57839
37475
52590
70738
109965
86383
377
86224
19295
31791
18022
72134
111829
103719
87795
113467
63519
53672
39081
54936
62589
79195
66098
72634
82697
99497
49170
111026
61433
91032
97242
76433
47766
103296
110874
