89141
58162
110414
27843
83571
96748
111366
102919
36904
65990
64663
34911
135162
63735
58176
90093
100915
67209
32798
92157
34868
101150
76612
107289
104016
70682
70105
75986
69532
91010
40148
78813
109197
92207
52004
49826
60117
89535
70162
83641
60902
84225
44493
101014
105532
49624
46534
92571
104908
54335
98744
91291
107803
68269
39265
40926
89523
87850
32304
58532
94334
31503
84650
71014
82663
75456
93966
89781
105266
92894
97246
101713
69539
93403
82895
77606
56058
52230
45160
109471
65945
113525
49521
113055
111789
56767
90934
69410
63566
27082
98810
100201
60738
65613
70560
85307
58599
61408
92490
37531
34623
98106
34123
104285
62727
87846
62922
90094
112695
31651
62046
40056
103132
71617
89319
90142
53604
113501
99280
86483
31072
45159
47727
96277
58007
37194
77888
47590
45242
32794
47442
100796
112070
91021
112366
95018
34127
74148
109667
105980
57469
43502
33353
66528
83788
47914
98082
68617
103498
67369
67620
73323
93894
103396
103849
30563
81567
92019
97485
61463
42801
101619
98747
75536
50854
32665
34144
108617
45986
82427
40962
110253
52810
108385
73651
57612
55348
74707
60482
106336
111193
61947
34674
33449
71002
92540
51714
97380
94589
34934
91374
96932
99328
68893
55283
98356
51995
76654
64802
100423
51337
95966
88440
62792
73745
110559
97885
107829
63363
63359
113003
37859
54330
43451
44317
31979
105578
44239
78656
91596
46165
46266
51990
58357
101807
91885
93839
108441
73307
62108
69612
78701
49431
76486
64898
37319
93860
88753
103440
69384
72366
50194
52231
93370
61780
102232
34873
106360
100632
98054
54436
76074
111089
101333
71133
47026
66776
95647
112004
29429
76685
149920
101901
53985
24503
86477
76297
72345
52851
65622
79343
93343
41791
60637
93558
78595
107819
107785
54657
64292
33637
35320
73168
72952
26920
102215
92206
96670
86976
43972
86985
22768
111303
71711
48523
72431
90249
70370
113237
85498
93301
84489
69189
49394
112054
65705
77441
81581
103260
52932
91554
99996
75980
53984
69841
82381
64367
113081
67055
40646
41993
110411
109852
63539
75962
46294
92633
87951
98514
50112
87812
66773
45859
85409
104471
80156
76781
100765
86277
66201
62447
105102
94715
109976
108620
80941
54020
81068
101922
112760
105233
91552
48222
93339
72873
112688
55269
58171
28821
64405
71130
82396
96527
48013
106713
67069
58011
32864
35550
73244
101196
63794
72355
77889
107222
43708
30335
65634
64826
113573
70171
57230
47892
112675
34166
113006
93625
35524
40899
20455
73057
93784
55766
71605
65672
50848
106919
71581
58216
69789
53588
45992
67673
114127
73270
76906
85336
111403
111771
44599
62551
40749
38913
109087
86508
38079
92627
61721
42712
76081
99041
37022
104962
105290
61720
64446
113403
81786
63632
34910
111820
41804
101077
76970
72211
52486
65233
86020
97694
73146
20457
91668
105637
104309
41139
88804
81637
93922
97928
96020
90087
112209
111319
98679
93701
93724
101838
40705
68307
52911
32040
59940
88387
68422
111389
111754
31455
71787
54843
64899
78055
71112
62338
89537
88523
111247
64732
81880
84345
48486
104971
80287
55683
71108
77787
75182
82598
83654
59400
54761
105415
58008
78647
104013
68674
66373
91053
31042
65674
113864
74377
39395
50677
66632
53988
77257
99042
112050
46200
45534
81572
85373
101684
111111
105234
105748
99495
73088
78117
79435
76375
85358
52461
70730
88652
77537
107307
85783
65322
86950
60534
96344
48109
91038
33554
43203
48026
97086
59919
38885
88615
94904
99270
51666
65840
69321
107040
41189
66492
79596
66443
38867
38791
104649
73686
56535
107097
109347
65525
105480
106597
