106813
82407
90676
106951
79890
28688
48062
53500
78265
107119
33304
102286
70541
77915
99312
76607
101435
36349
77250
63542
74013
88739
97537
45834
101317
69616
68871
43346
74542
107837
49736
100633
96819
103140
76283
45195
84254
70506
109299
68091
43607
102052
79727
64200
92725
102711
97673
49534
89469
48489
52999
86509
26016
112678
81621
35952
99513
83576
30395
93653
103344
76457
101017
84990
37214
76340
96360
67464
81723
84507
62867
79075
82739
81061
95855
41171
51190
112295
90831
77907
87726
56739
55438
28324
86977
104652
52131
103545
53788
42558
56746
41322
70655
80539
70003
56872
74310
52130
97180
66847
101980
56840
83273
71329
105143
87840
97192
56853
96273
26458
79516
71012
53170
103856
64190
79996
69191
85719
87190
87503
46438
59524
45820
38888
112242
46889
103902
100250
107448
58882
67808
56523
42502
113312
109666
73089
109821
62574
30137
47063
38994
61435
48669
38519
66865
41883
32936
100771
81846
75550
84051
85841
57972
53620
107271
91052
99043
85284
34142
72348
98183
66835
98043
67053
55940
79400
100408
90141
66957
