68421
78455
67406
81605
106397
40901
48508
72760
25917
113401
69221
80403
82742
69023
63462
32790
49606
101803
37383
79521
98145
112456
80071
53855
54809
33446
67404
64803
42753
38773
35051
33305
64534
78819
94172
100314
55514
107869
101368
111823
105671
75469
107955
46448
55621
99572
64280
83917
78098
88927
82904
93758
78192
33795
76913
99045
70676
60254
80062
107208
74370
77987
29495
71450
59494
51775
96525
110147
80838
66039
103242
69123
42024
112686
98396
109975
66686
92100
88814
54439
49620
