49682
73065
60682
93233
85015
111151
110490
44424
57210
76640
51750
97496
46483
108589
55552
55804
80260
70244
52197
121135
64431
56981
91649
50670
52814
85596
94574
110102
108591
113463
80255
73272
63308
53613
47679
97498
113604
58100
55362
103727
29500
60102
72225
32030
109465
69382
108585
103551
58406
81302
112821
101046
75174
110222
21596
94277
61204
102862
66654
68295
52833
50665
50835
64347
75573
43367
95277
52941
105625
99307
80910
34852
38961
96563
109514
60115
91148
66214
61304
28435
99290
93626
67891
62971
109737
78746
53997
93431
45696
78147
58330
106477
71802
111760
34982
111884
114072
109915
112113
72420
79479
63128
96964
58128
110025
52806
46606
42600
82798
37913
92424
52065
98820
123330
40918
83560
41251
65542
64729
59372
109100
77574
105530
97502
97124
62801
107379
68544
28436
124419
113402
89106
110427
48751
97766
45285
62858
99303
83850
111725
77764
100914
38435
62886
81763
102454
76408
98753
44596
77317
110358
97273
37830
50832
103173
90975
41569
76764
102360
84289
51871
50655
76466
63606
51507
71830
49828
80714
45392
111907
85804
55105
84424
60214
90565
81770
34111
112747
111187
106980
70557
112200
71128
64714
33030
47937
80519
113152
75916
110485
52239
92776
79755
49054
60593
83864
68616
43525
36239
81303
98200
109297
74665
102369
56731
41458
114142
87510
57150
66379
46185
74753
55744
111605
47118
99782
104158
110298
80095
86102
98658
87252
61615
91639
104151
59648
65304
46609
67087
112703
88495
73617
51049
55482
108450
113744
45994
67465
73066
101264
105838
99085
92727
46245
105190
111580
72158
50653
54624
47017
135951
101289
79772
73536
76671
36877
102414
105001
47289
81920
77210
112614
113035
112530
76182
64155
31752
84517
34359
