29268
68179
77849
97816
47769
27049
98694
48690
97205
52830
29428
50686
91984
58144
101319
94006
107866
106800
87746
100542
33216
104895
75243
59696
66334
33406
82175
37209
59396
39447
35977
67454
83220
55187
113575
64413
88867
86123
101597
110109
69013
34941
100039
53544
54247
39886
111289
77861
46789
53179
63282
33758
66894
96440
32539
86563
56286
62616
86652
93662
96334
86531
33366
109080
18518
88684
46038
110646
111870
44526
64969
90114
111278
46607
110918
74705
113349
75841
69145
100278
91478
55435
92349
61327
66206
49609
32796
44785
46967
106354
88612
96970
77098
37050
64713
93592
79386
30866
90659
88439
83255
89055
96331
69953
33071
35972
56381
54543
