89141
58162
110414
27843
102919
36904
65990
100915
67209
34868
76612
107289
70105
75986
69532
91010
92207
49826
89535
70162
83641
60902
84225
44493
101014
105532
46534
54335
98744
107803
39265
87850
32304
58532
31503
84650
82663
93966
105266
92894
93403
77606
45160
65945
49521
90934
63566
100201
65613
70560
61408
92490
98106
34123
104285
62922
31651
40056
103132
71617
99280
86483
31072
58007
77888
47590
45242
32794
100796
112070
91021
112366
95018
109667
105980
66528
93894
97485
61463
42801
98747
75536
34144
108617
40962
52810
73651
57612
74707
60482
106336
61947
34674
71002
92540
97380
34934
91374
68893
55283
51995
100423
88440
73745
97885
107829
63359
113003
43451
44317
105578
44239
78656
91596
46266
51990
58357
93839
73307
69612
78701
49431
76486
64898
37319
88753
103440
69384
72366
93370
61780
102232
106360
98054
111089
71133
47026
95647
112004
29429
76685
86477
72345
52851
79343
41791
78595
107819
54657
64292
73168
72952
86976
86985
22768
111303
48523
112054
65705
81581
91554
82381
64367
40646
110411
109852
63539
75962
87951
50112
66773
45859
104471
66201
105102
94715
108620
91552
93339
72873
112688
58171
28821
71130
32864
73244
101196
63794
72355
107222
43708
30335
64826
112675
93625
40899
73057
93784
106919
58216
69789
53588
67673
85336
111403
109087
38079
42712
37022
104962
105290
61720
64446
113403
81786
86020
73146
105637
41139
88804
81637
97928
96020
90087
112209
93701
93724
101838
40705
68307
52911
32040
88387
111389
71787
54843
62338
89537
88523
111247
48486
104971
80287
55683
105415
58008
68674
91053
31042
65674
74377
39395
50677
53988
112050
46200
45534
81572
105234
99495
73088
79435
85358
70730
77537
107307
85783
65322
60534
91038
38885
94904
51666
65840
41189
66492
38791
73686
56535
107097
