87236
71963
53124
60270
69617
30992
85600
80773
61873
83647
95012
69639
34304
28391
81706
83189
52027
77608
91443
47249
48704
66770
105973
113515
71122
57510
73124
64184
54844
76339
45593
65517
83891
85210
27149
45152
67074
62703
57437
77378
49830
76633
74830
54460
79462
105815
111498
107822
34673
94901
72669
85612
91669
87842
79993
34050
72303
88478
88650
53594
88219
57347
83965
45711
104367
77754
95895
109512
44256
56098
107308
44130
88816
73843
8856
61158
92022
106677
84506
97591
45470
50614
104672
47647
105443
85458
137950
60692
74156
45988
108542
113637
58447
92440
79105
90197
88167
40753
28235
90166
60165
71211
70322
110647
108386
103840
55026
33234
58235
28860
71456
72391
100257
62097
60300
47597
108037
82015
52643
35411
101824
45288
110956
62428
34858
55059
41548
80786
88775
44014
84165
67441
44294
54628
41218
78757
55418
105737
101277
45136
42992
53733
84576
101062
80481
86061
105692
89378
94559
106411
43615
93547
62212
64902
80578
108645
111031
76423
68014
94850
33249
77649
101258
85078
110691
38844
99601
93451
74374
50318
66790
83734
66361
55119
69585
58069
67171
73907
112151
84862
86562
39372
28859
100675
81895
57614
64575
38871
64440
60903
97000
47306
68625
62325
39020
51637
101433
65787
33221
66152
54518
109014
86544
80311
55715
44973
45241
68225
99644
78710
111758
109851
76380
36304
24925
55550
109429
98714
108680
45167
54103
107355
81502
38774
100461
72960
96217
70925
88137
95800
89803
73789
86166
71114
69295
47915
66148
109829
61580
86999
93880
34371
65759
77500
73909
37020
80869
51876
86255
69692
101613
29821
38348
64379
42365
49335
64468
41536
94288
46391
41262
104679
