58162
110414
27843
36904
65990
100915
34868
76612
107289
70105
69532
91010
92207
49826
89535
70162
83641
84225
44493
101014
105532
54335
98744
107803
39265
32304
58532
31503
84650
82663
93966
105266
93403
77606
45160
65945
49521
90934
63566
100201
65613
61408
92490
98106
34123
104285
40056
103132
71617
99280
86483
31072
58007
77888
47590
45242
32794
100796
112070
91021
112366
95018
66528
93894
97485
61463
42801
98747
34144
108617
40962
52810
74707
106336
34674
71002
97380
34934
91374
68893
55283
100423
88440
73745
97885
107829
63359
113003
43451
91596
51990
58357
93839
73307
69612
78701
49431
76486
64898
37319
69384
93370
61780
102232
106360
98054
111089
95647
29429
76685
72345
79343
41791
78595
107819
54657
64292
73168
86985
22768
111303
48523
112054
91554
82381
64367
40646
110411
109852
75962
87951
50112
66773
45859
66201
105102
94715
108620
91552
93339
72873
112688
58171
28821
73244
101196
63794
107222
43708
30335
112675
93625
40899
73057
93784
106919
58216
69789
53588
67673
85336
111403
38079
42712
104962
61720
113403
81786
86020
41139
88804
97928
96020
90087
112209
93701
101838
40705
32040
88387
111389
71787
54843
62338
89537
88523
111247
48486
104971
80287
55683
105415
68674
91053
31042
65674
74377
50677
53988
112050
46200
45534
81572
105234
99495
73088
79435
85358
70730
77537
107307
85783
65322
60534
91038
38885
94904
65840
41189
38791
73686
56535
107097
