49135
77911
51157
34932
41084
35447
24226
87508
73169
80533
35438
31557
58814
109843
104597
47322
57643
33612
93624
31569
111181
108446
80518
49857
35446
32107
48525
94825
20012
55656
52144
85568
63021
32059
136917
47714
95060
87272
36355
83694
64064
24225
31568
54877
103403
50994
57705
102043
65969
48125
84282
86381
76422
61778
26527
108853
39312
70867
51849
70924
81713
69919
30088
103346
60737
94207
92066
44399
55249
73815
38022
111718
154444
95100
104517
105909
88685
32858
94379
63816
112970
81426
88066
104628
97183
103450
95056
88019
85546
95602
82966
88683
110752
103037
41047
69387
103023
83336
101960
57846
109283
28997
110577
97898
67022
36825
66331
31889
103761
71992
84097
84446
35440
77921
37326
56018
58242
77809
89623
69134
112828
68458
114048
110054
50488
113863
103024
108488
83530
111714
103035
76860
76125
107789
75203
101413
87830
112129
47710
113278
105369
33969
100468
51734
92025
33438
68860
109516
62588
104627
112971
62444
35612
104247
102207
87761
53552
73166
31030
60235
78107
58035
59140
38998
54018
84284
79223
100307
85227
46155
60862
82801
76710
85957
54370
2988
47325
48528
10525
90530
28998
46991
47318
26526
57839
37475
70738
109965
18022
53672
39081
62589
91032
97242
76433
