16237
100305
112329
110887
103699
85007
91935
109272
88700
35433
88839
98584
33894
59314
23976
58547
90606
40737
48613
68010
136071
35348
106296
98441
59319
78978
58731
46251
23938
93516
33897
59254
86575
56862
88118
79058
49778
80701
82364
11730
45164
97553
106376
55010
104905
50329
54786
72698
100794
78198
79300
29954
100344
81860
72142
25329
29293
78323
72501
54034
91759
54901
45387
49684
109384
98826
61336
20626
46543
82052
86083
68138
14344
85966
82165
78008
34187
69418
74701
50089
104610
56468
37308
67370
93243
33571
91532
113712
44592
26096
82120
136774
57530
85909
25396
81217
88919
33358
100338
48239
93691
70834
66061
80884
109638
87925
51565
74368
109760
106772
37612
58277
50759
106878
69560
53973
68183
107917
85148
14194
56789
113925
79258
43735
106632
72482
54542
41730
61820
58337
105805
98204
64336
50163
46629
49853
83328
91216
59596
91294
69636
81507
74155
108435
90735
49765
62333
92118
111231
106909
57263
46802
68423
50333
59240
69615
102337
77618
32556
113493
89190
87865
32589
6796
112051
38691
95036
39527
107946
766
97121
95009
66261
140720
91318
103690
104657
40355
32715
72109
64790
48815
94664
28470
99640
86711
39970
57380
110106
53238
52968
99685
97656
90468
32133
27794
58173
69892
68781
96153
67245
54180
81224
107168
52753
14343
68575
97665
80556
67425
43077
79833
111040
74852
26108
87669
138807
102939
35988
63834
103270
68675
62758
77423
61725
84186
43018
115500
59239
106437
104861
6146
107941
63235
34706
28182
39626
52276
98491
18157
96982
1831
109277
66243
114150
104136
99443
30061
75711
64410
94074
36837
71931
14707
33505
70422
108968
85967
94464
88282
84932
48778
112258
96484
93857
86612
82450
84128
112648
50676
42466
107766
108436
70431
66888
33740
90607
72567
19596
29231
65910
14790
58724
61036
57349
70058
28863
113498
101002
73371
40804
100833
64284
74235
61585
58861
17832
110700
38437
82317
24432
70455
112785
45473
105464
88921
64531
56441
87681
60740
52757
55287
130085
69173
83407
106457
68889
2512
104885
78106
93128
47031
73787
33570
42063
105291
18953
14036
96247
53633
88732
82038
33787
75721
79750
141697
93649
70000
32452
106903
49940
79416
25989
55626
106881
39975
112176
93853
109158
24430
54709
32221
33077
81859
40234
92004
37941
97419
81040
60810
111930
80143
54533
99741
73537
54254
88140
45466
14930
86236
95690
78402
94809
84978
109290
124486
111335
97262
60445
94776
66887
78109
68901
55469
101457
110919
71154
112483
61872
100333
59505
72305
33909
31350
107475
101893
111100
111520
28708
26832
71927
47309
78298
102264
60144
57067
58230
92376
29667
93640
75714
21950
113659
85497
78155
51897
109952
71917
30184
105035
73548
60968
78977
31348
110852
60792
108023
14195
61085
86047
46570
59364
68196
24128
77213
42957
92124
87606
36161
31643
32555
51650
64822
25842
77028
84656
64449
32264
102883
19420
66265
100527
119964
56952
25990
67619
112820
47233
27217
101589
54049
101843
88825
78765
95997
92298
91305
57397
15525
54791
767
46357
27790
83997
135463
94705
111790
35754
70161
104917
79922
72102
70432
98996
112496
89080
106375
82046
93130
42188
98888
37945
107186
71518
99749
66489
43009
28780
102649
80878
31546
102942
88693
94760
113582
36088
99080
67512
110419
98009
113987
63290
91774
73771
109163
31375
57959
92141
29626
33522
71672
95178
65434
57525
84279
60013
44741
72136
32558
151608
95637
58517
35219
90057
8475
51554
58840
51188
59666
15900
74231
90018
52157
77563
68142
111313
76802
106676
93129
4510
55262
109213
20749
78885
87070
13869
58832
43309
62036
35552
108328
78029
105269
108347
62288
15882
12323
84213
60976
55011
9568
39022
44808
93970
64428
92359
106417
113482
28382
52754
30367
33301
80704
28484
126761
39976
55574
46538
112950
80708
34442
101131
82051
3584
112298
29226
39981
94192
30253
55867
103319
79595
55941
72364
50845
42187
93666
104875
96947
79396
53225
113791
52156
17032
77139
77734
55631
89196
68902
68872
92254
104496
103508
93648
70553
32789
74975
68318
70692
109109
47641
106449
97842
58958
101738
86576
7568
72370
60722
28216
67749
79707
80410
113453
90216
91742
93582
80509
72325
56653
66862
34121
52756
78313
54520
63998
102114
42180
78834
43349
57676
41309
58951
54253
88323
103317
100254
49757
32235
54406
80144
84501
99548
123175
41529
65723
113725
98421
49067
39978
82575
49744
47185
78976
31358
30467
68685
104196
90867
68068
