38882
33439
100411
63355
45535
97626
43049
40584
77956
104451
58293
92097
81899
33954
50078
100032
98221
83910
113679
64391
63275
76963
32641
41880
98769
54925
80273
68158
100328
54367
101844
80604
66833
58707
47724
32931
80470
96625
77199
110144
51665
100404
96355
27382
94376
65697
109476
38254
70300
58214
88235
83568
114148
95124
54512
40731
108035
86901
79613
71451
71523
69834
49936
36973
97602
108519
81582
113899
64369
69457
47231
79642
110723
103483
64061
101281
84445
82487
88649
20826
63858
78217
47156
58365
108790
57809
59688
75495
77739
96471
57806
96358
34918
108876
66546
46199
51544
109444
18034
30063
72020
36170
99700
105657
39165
83834
35526
37693
25728
86258
66244
77482
53525
79048
33236
91220
66493
34331
60044
106323
94184
86559
61333
55220
32718
94806
88756
88980
53974
100192
34025
64221
92614
93754
46379
73053
94685
99481
69654
79301
36097
41483
66673
34902
45977
104402
68883
50750
75337
107952
88935
93320
27179
33206
38790
100829
77436
41556
84219
70740
94176
89689
83253
94135
88493
109069
46668
39540
69127
103460
28791
57665
92630
96802
61132
35788
30631
78887
71005
87548
57352
49608
43359
74135
89087
62009
109827
55160
53756
110461
60909
88738
47170
31646
39026
52108
49068
69118
99592
86235
90581
45987
68364
54214
37489
88647
75445
51684
55242
85853
53960
41968
33121
96509
32405
73748
97629
105324
49586
97241
112544
87097
68898
110692
47177
107604
55777
59649
91226
63185
57353
65143
84007
60224
60674
52853
67176
65611
86256
60252
61355
33856
110395
96469
74544
104015
70391
100128
78385
86656
95845
87597
105103
111671
99987
110724
62013
78130
32861
77303
37885
38861
68088
75646
91483
51283
111050
30380
60574
99515
41083
72622
95121
109891
56522
111681
63461
60351
60260
65706
55942
56290
93504
89851
66914
103017
70758
82430
66021
38872
83779
83472
85288
87747
84949
102194
39523
107388
112925
53341
44433
64540
105849
64634
53218
59422
104703
96218
99154
86090
103491
70404
87466
107646
60872
59448
102378
41399
79551
52634
41827
51607
31739
88318
83771
96357
45390
100822
40311
83553
108311
28681
101937
98080
90391
94855
111269
69745
48707
45383
55135
28343
113936
94462
74129
42189
85145
54513
113535
65332
105054
95295
53743
60980
32705
98683
56503
38302
97286
58396
93349
42030
94571
53849
72341
79290
