32097
102350
85054
112090
82967
82467
40851
96445
73041
30237
48380
110313
112650
89994
74993
49837
96441
57894
50674
29702
104695
92096
79237
78211
93158
71785
36479
96671
69835
90845
35304
76537
81612
74833
79042
90283
67746
82597
34969
58359
61798
83339
80266
50217
75190
86463
96438
7380
62770
39932
106346
36186
58754
111705
41250
95058
110560
104600
59747
65857
63940
113045
47667
96429
98647
35996
86703
62284
81425
91777
29431
92912
7379
113136
41086
45161
38220
106928
106668
60462
96196
61431
99275
105989
87148
82627
56901
89829
86916
32494
66310
74483
40314
104231
74186
49593
103180
51845
78316
22255
112289
74951
92211
102305
67405
84309
105809
37428
75308
109762
107657
43581
66415
88630
35819
73684
71111
97637
78690
67706
107784
98678
61898
79735
52594
68137
102822
90022
112962
57196
61404
61863
86244
54404
111712
58977
47488
57868
108852
104047
99570
63523
58241
97636
111381
38664
107516
71116
97100
101084
99556
86125
82482
103697
29413
99019
59650
61984
100522
44674
