54231
70659
67603
113080
27399
53977
112532
45705
50027
60963
35216
81740
72069
88068
34361
68983
67479
108659
72966
106357
81430
104413
49451
94807
57929
46054
60440
62866
92574
112914
33323
85311
43712
38614
75808
64383
98494
98322
66467
35228
56119
51745
40834
77876
107165
92216
107649
48443
110715
77981
98490
103495
79039
91189
30587
35007
98210
109089
108036
60099
33351
116214
75179
45536
83532
56474
79454
78857
68623
102833
49013
82001
76368
96664
62418
62351
86610
97435
98060
97051
82079
58158
32412
40271
63759
30182
56544
24782
33200
58993
33391
95784
36630
92834
113076
39387
94295
67229
72104
112661
50957
43849
58291
62875
69777
37470
100382
55393
47964
56793
68838
36875
106405
101035
108201
82854
111465
66930
60769
29332
95017
44664
32615
111230
59471
31574
95396
29274
97154
56564
39826
109565
70753
46713
106925
108266
44326
42765
37640
86333
45755
53664
55727
72511
100040
38120
68448
102841
73412
58430
68210
51614
48177
39746
79490
72306
53827
41395
28176
53023
84477
31892
66976
79995
96622
33810
84649
63897
12146
73069
40726
62210
87790
86637
75753
72430
93232
103138
99729
92544
108685
113038
84523
62298
57990
61741
45151
105638
48466
98242
57505
59329
75001
34170
71834
86557
36988
99177
48727
71470
83944
37300
31684
30455
86018
28295
33288
33661
66669
53856
27671
33662
90209
37935
30275
90518
69030
97429
17033
105695
89147
108688
63869
109477
97436
30294
95518
98706
76782
44983
95394
68894
113942
112696
113658
105905
47864
65725
65778
63939
63055
35860
102897
87529
53417
64192
40571
101161
112767
17404
91184
40411
40512
79591
36617
59418
55266
74900
48226
26019
66345
27774
98891
35052
112347
33604
98349
52475
63103
72549
98838
113158
100831
83587
66504
66324
46411
52103
44320
102810
32433
50895
66610
102587
70828
98835
35512
50926
93703
74486
56737
105137
112420
61701
102529
84215
81640
56017
42913
106899
40850
68855
58535
63006
46801
52609
48007
62302
50310
62506
93299
39277
97510
99827
56873
98794
65085
56216
113690
53888
75727
26651
94113
90826
80785
73174
91055
49160
109388
75777
112554
63836
46265
39400
103401
81750
83201
37007
100793
100034
53461
82431
52234
29294
101769
113941
114135
48761
94424
43663
110977
35616
48173
66867
47472
25595
64183
54488
42877
87909
78178
88830
94838
105192
48606
80928
99532
69578
73376
50995
38500
106818
96131
69479
47659
33628
103931
31579
55781
97826
72299
80845
35654
80302
66834
95777
47581
45528
113590
99470
58333
90430
48128
42368
109292
113747
67617
95338
95244
58483
94994
33719
107511
42806
111920
60772
45703
60463
88938
91063
74859
66982
78541
55541
63745
91387
98914
70264
100683
59916
56023
105946
91550
69590
28282
65884
32162
61113
82290
94966
89852
50425
76259
35761
73392
77685
110486
63197
45314
29889
58220
102628
82148
113077
63051
56518
98479
76684
48368
66300
75247
97539
113979
64288
64974
78966
62304
33368
59714
62807
96396
47815
83311
97044
42682
72242
113830
46213
94897
71445
84174
38101
