83571
96748
111366
64663
34911
135162
63735
58176
90093
32798
92157
101150
104016
70682
40148
78813
109197
52004
60117
49624
92571
104908
91291
68269
40926
89523
94334
71014
75456
89781
97246
101713
69539
82895
56058
52230
109471
113525
113055
111789
56767
69410
27082
98810
60738
85307
58599
37531
34623
62727
87846
90094
112695
62046
89319
90142
53604
113501
45159
47727
96277
37194
47442
34127
74148
57469
43502
33353
83788
47914
98082
68617
103498
67369
67620
73323
103396
103849
30563
81567
92019
101619
50854
32665
45986
82427
110253
108385
55348
111193
33449
51714
94589
96932
99328
98356
76654
64802
51337
95966
62792
110559
63363
37859
54330
31979
46165
101807
91885
108441
62108
93860
50194
52231
34873
100632
54436
76074
101333
66776
149920
101901
53985
24503
76297
65622
93343
60637
93558
107785
33637
35320
26920
102215
92206
96670
43972
71711
72431
90249
70370
113237
85498
93301
84489
69189
49394
77441
103260
52932
99996
75980
53984
69841
113081
67055
41993
46294
92633
98514
87812
85409
80156
76781
100765
86277
62447
109976
80941
54020
81068
101922
112760
105233
48222
55269
64405
82396
96527
48013
106713
67069
58011
35550
77889
65634
113573
70171
57230
47892
34166
113006
35524
20455
55766
71605
65672
50848
71581
45992
114127
73270
76906
111771
44599
62551
40749
38913
86508
92627
61721
76081
99041
63632
34910
111820
41804
101077
76970
72211
52486
65233
97694
20457
91668
104309
93922
111319
98679
59940
68422
111754
31455
64899
78055
71112
64732
81880
84345
71108
77787
75182
82598
83654
59400
54761
78647
104013
66373
113864
66632
77257
99042
85373
101684
111111
105748
78117
76375
52461
88652
86950
96344
48109
33554
43203
48026
97086
59919
88615
99270
69321
107040
79596
66443
38867
104649
109347
65525
105480
106597
