63984
89141
58162
106106
38882
33439
53623
106813
110414
27843
75102
100411
83571
96748
111366
40077
102919
36904
63355
34022
65990
64663
34911
59348
135162
82952
63735
43012
58176
50517
37198
45535
90093
100915
97626
43049
81091
76098
96837
78712
40584
67209
104985
105355
50731
77956
49653
82407
90824
32798
29240
92157
32016
51161
106832
90676
104451
58293
34868
101150
76612
107289
104016
70682
109179
57711
70105
92097
75986
47884
81899
33954
50078
69532
68730
91010
100032
40148
95737
78813
109197
44342
91535
106951
98221
79890
92207
52004
49826
106944
28688
60117
83910
61565
89535
47119
70162
35672
80191
68217
92084
113679
83641
60902
48062
55884
64391
53500
63275
78265
88602
84225
76963
102222
19979
107119
85859
32641
44493
41880
101014
98769
105532
49624
46534
103667
54925
80273
92571
68158
100328
104908
54335
100581
39164
54367
98744
91291
107803
68269
39265
56394
53402
40926
45173
89523
43678
33304
87850
101844
104718
34750
32304
102286
58532
94334
47938
31503
84650
109413
55302
81720
71014
70541
82663
80604
88750
75456
66833
87833
105962
107656
93966
89781
105266
65984
92894
45975
85220
58707
97246
101713
69539
93111
84525
93403
106154
77915
47724
99312
75333
76607
82895
77606
32931
56058
80470
49023
70680
101435
52230
45160
109471
96625
65945
113525
28592
77199
39167
110144
103284
76611
49521
64766
66117
92302
51665
113055
42665
62287
36349
59288
102013
50841
111789
53410
56767
72129
90934
69410
111027
63566
27082
47751
100404
32172
66340
95903
98810
100201
96355
60738
65613
70560
85307
27382
94376
47817
58599
61408
97617
65697
79192
109476
38254
70300
40192
77559
92490
37531
86588
58214
34623
105972
88235
34555
83568
98106
77250
55990
114148
24676
34123
40723
30254
95124
104285
62727
112710
54750
59552
89291
52771
87846
54512
109024
86454
40731
66471
49136
108035
62922
90094
112695
31651
72958
81357
96646
86901
41393
62046
72932
40056
103132
75115
80259
107644
71617
43078
79613
89319
43964
90142
48865
31060
53604
113501
99280
71451
28562
56053
63542
59487
55992
86483
71523
69834
31072
56673
52925
86911
49936
45159
47727
74013
96277
36973
58007
37194
20723
97602
103744
108519
77888
47590
88739
99704
45242
38862
42666
81582
39629
91396
113899
64369
42175
86983
32794
96361
132680
112823
55099
64806
69457
47231
97537
70531
47442
100796
79642
110547
112070
50724
91021
108378
45834
122761
112366
45498
93566
101317
95018
110723
34127
103483
69616
38211
64061
68871
43346
74148
109667
46244
105980
57469
43502
112167
101281
85250
84445
33353
114085
68182
70402
31839
74542
54005
66528
82487
103457
28325
89839
63678
83788
88649
47914
81755
107837
20826
98082
63858
97772
68617
28996
112040
103498
89609
73747
67369
67620
73323
67337
93894
31654
50930
103396
49736
44492
100633
94816
96819
103849
30563
78217
97080
47156
103140
46103
45008
58365
108790
57809
45606
72693
81567
93936
92019
108635
59688
97485
62596
22272
50869
61463
36764
42801
101619
98747
75495
75536
77739
53772
92067
31051
113335
96471
57806
85500
50854
32665
69757
33790
34144
108617
45986
76283
90425
100899
45195
46452
96358
34918
84254
97264
53673
82427
81110
40962
113172
108876
58955
55372
66546
46199
47436
25343
66066
110253
62075
70506
52810
51544
73302
109444
108385
73651
37052
18034
86070
57612
30063
76680
60216
49120
55348
74707
60482
106336
72020
112077
109299
74081
111193
68091
36170
61947
101504
99700
34674
105657
33449
39165
71002
70420
43607
83834
92540
89870
35526
100428
54388
51714
33668
37693
97380
74628
81717
25728
91209
94589
90941
74583
34934
86258
113956
94910
102052
91374
66244
77482
62830
96932
83527
99328
53525
68893
42402
51435
79048
50442
87443
64875
55283
79727
98356
33236
91220
64200
51995
67033
76654
66493
64802
100423
45517
104748
92725
92764
75350
103502
51337
34331
104210
88136
60044
103176
95966
88440
102711
106323
97673
62792
34607
65325
54895
73745
27008
110559
97885
79446
44398
94184
36267
86559
100955
107829
49534
56572
60842
49168
61333
33873
63363
55220
32718
63359
94806
89469
113003
93943
88756
48489
88980
37859
95870
53974
56315
69162
38912
52999
54330
100192
43451
113170
44317
31979
80278
34025
88024
64221
105578
90448
44239
93307
78656
92614
91596
67917
93754
86509
28597
46379
46165
73053
94685
46266
99481
26016
71831
64232
51990
58357
69654
101807
79301
106095
98830
36097
43208
91885
93839
108441
112678
76796
41483
66673
111265
53670
34902
73307
62108
81621
50664
114065
45977
36531
35952
69612
83483
78701
57105
74430
98138
99114
49431
76486
64898
37319
68112
104402
68883
93860
88753
50750
103440
69384
58523
101048
62450
75337
111034
107952
72366
56392
112041
50194
52231
109286
93370
88935
61780
102232
99513
70205
34587
41067
83576
50912
30395
34873
93320
85264
104452
106360
99587
100632
72228
112563
98054
54436
106666
45011
76074
111089
101333
71133
93653
47026
66776
65813
72661
69809
96389
95647
27179
112004
65259
29429
33206
45327
76685
38790
58674
100829
21527
112092
86036
16959
149920
50613
83911
72671
57426
96275
46476
77436
41556
101901
84219
53985
70740
88329
24503
94176
76512
89689
55996
34417
113852
83253
94135
103344
86620
88493
81041
109069
84948
81570
76457
46668
86477
101017
92496
76297
72345
52851
65622
79343
31763
84990
44291
93343
39540
69127
37214
103460
28791
57665
63152
41791
60637
76340
93558
47120
92630
96802
61132
96360
78595
35788
107819
67464
30631
37362
107785
54657
57429
78887
41342
89787
35965
71005
64292
42148
74475
33637
35320
91065
81532
98361
81723
73168
87548
84507
72952
26920
54960
57352
87035
42987
87509
102215
92206
96670
112504
48736
49608
43359
56147
87218
74135
77660
38860
86976
43972
86985
89087
22768
68548
62009
94083
68628
62867
79075
37329
111303
102605
71711
48523
72431
47435
109827
97257
90249
70370
57616
82739
55160
113237
85498
81602
108084
93301
81061
95855
84489
105082
53756
69189
76429
91847
49394
112054
65705
65191
110461
41171
41090
80783
113064
60909
77441
81581
88738
47170
31646
39026
103260
52932
52108
91554
49068
51190
69118
92693
99996
26466
92300
75980
32885
53984
99592
69841
25300
104441
86235
90581
82381
64367
113081
67055
45987
40646
66242
88774
87916
41993
110411
68364
54214
37489
75440
109852
63539
97151
103072
22958
88647
112295
111568
75445
95210
13762
51684
75962
55242
90831
85853
53960
46294
92633
56296
109765
87951
98514
50112
87812
66773
45859
85409
104471
80156
52655
41968
76781
38018
33121
74798
100765
89299
77907
86277
96509
87726
66201
62447
56739
105102
32405
94715
73748
97629
109976
91151
59428
55438
23093
108620
28324
80941
57815
105324
67317
49586
77036
97241
112544
87097
54020
81068
90429
101864
41906
86977
101922
112760
105233
91552
48222
93339
77976
68898
111306
58543
110692
72873
112688
55269
96772
82954
104652
58171
69229
28821
52131
103545
53788
88125
42558
56746
64405
55442
71130
47177
41322
107604
82396
96527
70655
48013
55777
59649
45333
80539
91226
28164
106713
63185
70003
67069
58011
32864
57353
35550
95118
107876
56596
101679
73244
101196
27866
56872
43243
65143
108088
28168
84007
60224
85383
63794
74310
72355
64697
77889
94768
3505
70932
34362
107222
43708
60674
102867
30335
51165
52130
84277
86675
113023
97180
66847
112757
113041
52853
65634
57005
101980
64826
67176
56840
65611
86256
113325
60252
58052
113573
61355
33856
79286
70171
57230
24730
90207
83273
51170
47892
71329
110395
32141
112675
113502
105143
96469
83720
74544
34166
104015
26971
6670
113006
93625
35524
49167
40899
87840
20455
70391
100128
78385
97192
56853
86656
95845
73057
93784
96273
55766
73817
26458
71605
56094
65672
72534
50848
106919
87597
76556
71581
92513
105103
112180
79516
71012
54605
53170
71011
58216
111671
99987
103099
103856
110724
43232
62013
78130
109123
64190
14418
69789
53588
45992
79996
47067
67673
32861
38494
79316
114127
44762
89888
69191
73270
87409
85719
87190
62099
76906
77303
85336
111403
108920
111771
37885
44599
39898
70113
88106
62551
87503
38861
77715
68088
40749
50419
95994
75646
91483
46438
84448
51283
26564
38913
109087
86508
38079
54012
93054
86008
75297
59524
111050
30380
45820
92627
108672
60574
70899
61721
56569
99515
41083
78589
42712
99156
95198
76081
45361
99041
72622
95121
54212
40365
37022
104962
105290
109592
61720
64446
38179
113403
60071
109891
77502
81786
69417
63632
34910
66083
38888
56522
111820
41804
111681
112242
82014
101077
46889
82361
80092
76970
72211
52486
78285
65233
103902
86020
111307
97694
73146
20457
63461
91668
34307
100250
60351
69359
35992
105637
60260
83655
75006
65706
104309
41139
61281
88804
81637
93922
107448
59721
102993
55942
102386
56290
93504
89851
66914
97928
58160
96020
113266
41038
90087
58882
47744
79361
40833
103017
112209
97211
84032
111319
98679
113970
68400
112855
70758
93701
87883
67808
93724
20010
108367
54579
101838
82592
40705
68307
43063
56523
74663
73094
34480
52911
32040
59940
88387
82430
66021
65707
76572
68422
52874
38872
111389
76003
111754
98411
83779
83472
85288
69304
42502
113929
31455
87747
71787
24859
31040
54843
64899
57823
78055
113312
31812
71112
62338
84949
55156
35750
102194
109666
89537
39523
88523
114372
107388
111247
64732
81880
84345
73089
47465
109821
112925
50715
48486
53341
62574
74028
104971
44433
64540
46059
104576
105849
100745
80287
34838
64634
48121
91154
55683
53218
113749
59422
71108
77787
43497
104703
105128
66341
57178
75182
55802
29501
96218
99154
82598
83654
56652
80592
59400
74146
44559
86090
77588
103491
54761
105415
60460
104953
94965
70404
46386
43481
30137
58008
47063
96120
38994
87466
61435
78647
40389
28217
48669
107646
104013
60872
45360
68674
66373
30483
40183
59448
102378
38519
91053
31042
41399
65674
29181
79551
89534
113864
38493
52634
74377
41827
93387
51607
31739
39395
88318
50677
83771
66632
96357
35234
45390
53988
100822
77077
66865
77257
99042
51721
72268
41883
106188
32936
40311
25458
78594
91543
112050
46200
100771
99044
45534
81572
113343
81846
66019
85373
75550
57082
62572
83553
42360
47226
84051
101684
42199
82055
97341
39163
45515
111111
104411
105234
85841
64810
80102
57972
92231
105748
108311
99495
73088
98932
95892
57395
68677
28681
78117
53620
106822
39941
107271
61676
101937
98080
79435
90391
106618
78539
91052
74478
94855
99043
83693
111269
34550
85284
76375
69745
113689
79679
34142
85358
48707
45383
55135
70034
52461
35510
28343
48051
70730
48447
28651
113936
88652
72348
77537
107307
94462
74129
85783
65322
53278
86950
40650
42189
60534
85145
28241
96344
54513
64901
98183
103018
105856
48109
68896
22597
91038
104467
79403
59749
33554
113535
39894
111109
66835
92880
43203
98043
48026
103792
97086
65332
59919
105054
95295
38885
61633
34145
36114
53743
88615
60980
67053
94904
89745
55940
83238
32705
96852
99270
51666
65840
98683
56503
52852
69321
79400
107040
100408
41189
66492
79596
38302
66443
38867
38791
81914
97286
36911
104649
58396
73686
90141
56535
44212
93349
107097
66957
109347
42030
103857
65525
94571
105480
53849
113284
72341
79290
106597
