89141
58162
38882
33439
110414
27843
100411
83571
96748
111366
102919
36904
63355
65990
64663
34911
135162
63735
58176
45535
90093
100915
97626
43049
40584
67209
77956
32798
92157
104451
58293
34868
101150
76612
107289
104016
70682
70105
92097
75986
81899
33954
50078
69532
91010
100032
40148
78813
109197
98221
92207
52004
49826
60117
83910
89535
70162
113679
83641
60902
64391
63275
84225
76963
32641
44493
41880
101014
98769
105532
49624
46534
54925
80273
92571
68158
100328
104908
54335
54367
98744
91291
107803
68269
39265
40926
89523
87850
101844
32304
58532
94334
31503
84650
71014
82663
80604
75456
66833
93966
89781
105266
92894
58707
97246
101713
69539
93403
47724
82895
77606
32931
56058
80470
52230
45160
109471
96625
65945
113525
77199
110144
49521
51665
113055
111789
56767
90934
69410
63566
27082
100404
98810
100201
96355
60738
65613
70560
85307
27382
94376
58599
61408
65697
109476
38254
70300
92490
37531
58214
34623
88235
83568
98106
114148
34123
95124
104285
62727
87846
54512
40731
108035
62922
90094
112695
31651
86901
62046
40056
103132
71617
79613
89319
90142
53604
113501
99280
71451
86483
71523
69834
31072
49936
45159
47727
96277
36973
58007
37194
97602
108519
77888
47590
45242
81582
113899
64369
32794
69457
47231
47442
100796
79642
112070
91021
112366
95018
110723
34127
103483
64061
74148
109667
105980
57469
43502
101281
84445
33353
66528
82487
83788
88649
47914
20826
98082
63858
68617
103498
67369
67620
73323
93894
103396
103849
30563
78217
47156
58365
108790
57809
81567
92019
59688
97485
61463
42801
101619
98747
75495
75536
77739
96471
57806
50854
32665
34144
108617
45986
96358
34918
82427
40962
108876
66546
46199
110253
52810
51544
109444
108385
73651
18034
57612
30063
55348
74707
60482
106336
72020
111193
36170
61947
99700
34674
105657
33449
39165
71002
83834
92540
35526
51714
37693
97380
25728
94589
34934
86258
91374
66244
77482
96932
99328
53525
68893
79048
55283
98356
33236
91220
51995
76654
66493
64802
100423
51337
34331
60044
95966
88440
106323
62792
73745
110559
97885
94184
86559
107829
61333
63363
55220
32718
63359
94806
113003
88756
88980
37859
53974
54330
100192
43451
44317
31979
34025
64221
105578
44239
78656
92614
91596
93754
46379
46165
73053
94685
46266
99481
51990
58357
69654
101807
79301
36097
91885
93839
108441
41483
66673
34902
73307
62108
45977
69612
78701
49431
76486
64898
37319
104402
68883
93860
88753
50750
103440
69384
75337
107952
72366
50194
52231
93370
88935
61780
102232
34873
93320
106360
100632
98054
54436
76074
111089
101333
71133
47026
66776
95647
27179
112004
29429
33206
76685
38790
100829
149920
77436
41556
101901
84219
53985
70740
24503
94176
89689
83253
94135
88493
109069
46668
86477
76297
72345
52851
65622
79343
93343
39540
69127
103460
28791
57665
41791
60637
93558
92630
96802
61132
78595
35788
107819
30631
107785
54657
78887
71005
64292
33637
35320
73168
87548
72952
26920
57352
102215
92206
96670
49608
43359
74135
86976
43972
86985
89087
22768
62009
111303
71711
48523
72431
109827
90249
70370
55160
113237
85498
93301
84489
53756
69189
49394
112054
65705
110461
60909
77441
81581
88738
47170
31646
39026
103260
52932
52108
91554
49068
69118
99996
75980
53984
99592
69841
86235
90581
82381
64367
113081
67055
45987
40646
41993
110411
68364
54214
37489
109852
63539
88647
75445
51684
75962
55242
85853
53960
46294
92633
87951
98514
50112
87812
66773
45859
85409
104471
80156
41968
76781
33121
100765
86277
96509
66201
62447
105102
32405
94715
73748
97629
109976
108620
80941
105324
49586
97241
112544
87097
54020
81068
101922
112760
105233
91552
48222
93339
68898
110692
72873
112688
55269
58171
28821
64405
71130
47177
107604
82396
96527
48013
55777
59649
91226
106713
63185
67069
58011
32864
57353
35550
73244
101196
65143
84007
60224
63794
72355
77889
107222
43708
60674
30335
52853
65634
64826
67176
65611
86256
60252
113573
61355
33856
70171
57230
47892
110395
112675
96469
74544
34166
104015
113006
93625
35524
40899
20455
70391
100128
78385
86656
95845
73057
93784
55766
71605
65672
50848
106919
87597
71581
105103
58216
111671
99987
110724
62013
78130
69789
53588
45992
67673
32861
114127
73270
76906
77303
85336
111403
111771
37885
44599
62551
38861
68088
40749
75646
91483
51283
38913
109087
86508
38079
111050
30380
92627
60574
61721
99515
41083
42712
76081
99041
72622
95121
37022
104962
105290
61720
64446
113403
109891
81786
63632
34910
56522
111820
41804
111681
101077
76970
72211
52486
65233
86020
97694
73146
20457
63461
91668
60351
105637
60260
65706
104309
41139
88804
81637
93922
55942
56290
93504
89851
66914
97928
96020
90087
103017
112209
111319
98679
70758
93701
93724
101838
40705
68307
52911
32040
59940
88387
82430
66021
68422
38872
111389
111754
83779
83472
85288
31455
87747
71787
54843
64899
78055
71112
62338
84949
102194
89537
39523
88523
107388
111247
64732
81880
84345
112925
48486
53341
104971
44433
64540
105849
80287
64634
55683
53218
59422
71108
77787
104703
75182
96218
99154
82598
83654
59400
86090
103491
54761
105415
70404
58008
87466
78647
107646
104013
60872
68674
66373
59448
102378
91053
31042
41399
65674
79551
113864
52634
74377
41827
51607
31739
39395
88318
50677
83771
66632
96357
45390
53988
100822
77257
99042
40311
112050
46200
45534
81572
85373
83553
101684
111111
105234
105748
108311
99495
73088
28681
78117
101937
98080
79435
90391
94855
111269
76375
69745
85358
48707
45383
55135
52461
28343
70730
113936
88652
77537
107307
94462
74129
85783
65322
86950
42189
60534
85145
96344
54513
48109
91038
33554
113535
43203
48026
97086
65332
59919
105054
95295
38885
53743
88615
60980
94904
32705
99270
51666
65840
98683
56503
69321
107040
41189
66492
79596
38302
66443
38867
38791
97286
104649
58396
73686
56535
93349
107097
109347
42030
65525
94571
105480
53849
72341
79290
106597
