63355
97626
43049
40584
77956
104451
58293
92097
81899
50078
100032
32641
41880
54925
80273
101844
66833
47724
32931
80470
96625
110144
65697
70300
58214
88235
83568
95124
108035
86901
79613
71451
71523
69834
49936
36973
103483
101281
84445
88649
20826
63858
78217
108790
59688
75495
96358
34918
108876
66546
51544
109444
18034
36170
105657
39165
83834
35526
37693
25728
86258
66244
79048
34331
60044
94184
86559
55220
94806
34025
92614
93754
46379
73053
79301
36097
66673
34902
45977
68883
88935
93320
33206
38790
100829
77436
41556
84219
83253
94135
88493
39540
28791
96802
61132
78887
49608
89087
55160
110461
88738
47170
39026
49068
69118
99592
90581
45987
54214
75445
85853
73748
105324
87097
110692
47177
55777
59649
91226
65143
84007
60224
52853
67176
65611
60252
61355
110395
70391
100128
86656
87597
105103
62013
78130
32861
77303
99515
41083
72622
95121
109891
56522
60351
56290
89851
103017
82430
66021
83472
102194
39523
107388
112925
53341
44433
105849
59422
96218
99154
86090
70404
87466
60872
51607
31739
96357
45390
100822
40311
108311
101937
98080
90391
69745
45383
55135
28343
94462
74129
54513
65332
105054
95295
53743
56503
94571
72341
