113071
89937
107552
113516
85714
98325
77105
56687
87388
88200
69930
78390
98846
85163
78969
107601
54998
98934
86537
62121
85045
113648
92102
95014
104484
88645
82005
107988
79119
57128
88525
108132
35386
36798
61702
64134
113999
70521
82540
54431
67169
58296
54438
104204
107272
61363
113654
59420
102308
66193
70859
64906
58464
107251
84382
54790
99908
58407
50774
44269
96903
45287
81333
93573
68485
37595
136073
68850
99763
84278
98623
55298
98142
71006
68441
109293
79079
40997
70786
31457
84913
86764
32033
103438
75296
94442
100612
66650
94410
66543
65192
77880
68445
97929
33688
111981
65471
51125
90373
61432
78003
41736
58510
33174
110897
83548
71504
61211
61973
90577
78533
72704
89940
28354
56234
62631
41321
41404
58174
64202
97716
102731
84819
70693
94831
113394
34703
57345
79342
86995
40754
58530
108590
99966
112062
102916
58437
71042
28660
105333
81209
58514
48837
110645
72003
103045
53505
33699
63705
77988
48747
84836
90213
59106
65850
46582
72625
88991
80503
48018
110050
72758
38161
76252
72057
104328
81221
111952
43639
58258
71791
42088
48763
103137
88166
91015
114018
63874
29992
112492
69478
104648
106712
76623
91959
105971
40896
92099
60830
113669
102851
38647
55850
56636
95635
101282
73673
21443
93925
64645
63057
35462
60494
100088
32203
102065
72662
68848
47696
55290
54884
80271
46537
101318
52697
59434
36303
53147
65700
82535
78476
108129
55881
107250
100154
90206
97101
52993
23328
70239
101755
41388
