52742
32097
102350
82186
29268
55511
68179
85054
112090
82967
45328
77849
97816
82467
40851
92525
47769
96445
27049
95289
73041
85011
98694
48690
71916
30237
48380
110313
112650
97205
89994
74993
107641
82352
91754
49837
96441
57894
108879
52830
29428
50674
70555
29702
104695
92096
73852
50686
91984
107366
69984
38089
79237
58144
78211
101319
94006
93158
104854
71785
70305
59867
36479
96671
69835
35299
90845
35304
64164
94359
76537
81612
74833
79042
90283
64321
75061
67746
82597
107866
34969
78613
110095
23820
103212
58359
61798
106800
87746
100542
83339
80266
33216
50217
110580
104895
59086
75190
102696
75243
86463
59696
96438
81410
66334
7380
33406
90113
40681
96184
82175
37209
59396
108712
39447
35977
80772
62770
39932
106346
62842
67454
83220
36186
32436
58754
111705
41250
79910
54467
95058
77162
55187
70349
110560
113575
71816
64413
76530
88867
53598
22874
104600
86123
101597
73046
59747
110109
69013
65857
35054
63940
55068
113045
47667
96429
106249
43876
105890
34941
56889
46599
70628
33674
98647
97313
46501
35996
92514
86703
66661
62284
81425
100039
57714
91777
90995
82011
104858
73070
101305
53544
54247
62946
29431
101678
92912
39886
38605
32543
91259
7379
113136
51502
64572
111289
77861
35132
46789
42684
41086
45161
38220
53179
63282
106928
33758
50523
106668
60462
66894
96196
61431
37836
96440
76908
99275
113796
32539
86563
105989
87148
56286
82627
85896
55149
62616
56901
107638
89829
86916
86652
32494
93662
96334
66310
50365
74483
86531
61825
73902
33366
61332
40314
109080
104231
113399
74186
49593
103180
51845
18518
112716
47044
88684
78316
79831
22255
46038
112289
74951
110646
111870
92211
44526
102305
67405
64969
84309
90114
111278
105809
37428
75308
109762
46607
49875
110918
74705
86015
61298
78090
113349
75841
69145
107657
43581
100278
91478
66415
88630
106886
35819
55435
73684
71111
92349
97637
61327
113600
66206
68853
49609
32796
78690
67706
91093
44785
47194
46967
107784
51697
111874
98678
106354
80822
61898
79735
52594
68137
102822
99822
79442
90022
112962
57196
61404
61863
59304
112197
43546
97179
88612
86244
54404
111712
58977
96970
83446
77098
37050
47488
64713
93592
79386
57868
108852
30866
90659
28258
88439
104047
99570
101274
63523
108579
58241
97636
78272
80555
111381
83255
28434
38664
89055
107516
71116
96331
97100
69953
101084
99556
33071
86125
82482
103697
101906
29413
107743
35972
56381
99019
35736
59650
36121
52823
61984
100522
77816
50876
54543
44674
55111
