40153
54231
93501
70659
72456
41828
136920
86475
47434
60209
88801
112423
67603
57496
40977
89088
26283
51973
92903
55555
82006
82698
39023
57401
52546
43585
108516
108462
59797
113080
111753
52008
38442
76577
34901
27399
6803
97696
58767
52850
102416
50261
81878
72710
91368
68651
92456
72565
63486
45016
78387
113839
111980
96271
41229
41918
113840
43079
78040
66902
89683
61699
78610
60835
68301
36275
78166
42252
102328
89468
70046
33853
67423
92551
51643
91623
28105
98665
113283
100303
53977
60019
42768
60006
46401
105444
97404
105876
35403
48882
112532
80997
113826
82178
107963
103621
31456
71537
64377
111160
43711
110506
45705
111880
110310
108656
90671
35985
37760
46953
32737
61631
50027
77194
33043
109870
57445
96501
94119
110365
41216
47363
60963
55529
39477
42554
27738
34194
85492
43616
105361
44581
102720
79186
71338
54316
105033
73862
86743
39390
65366
66599
59279
99326
105288
89191
88139
49195
92787
35216
38891
70060
50174
75685
99794
48019
61730
54653
81740
44453
81330
72069
43518
44302
108254
64504
108091
92493
88068
94003
42799
51314
102068
73179
105005
82959
105587
54099
56261
57467
94362
51014
106945
38728
81366
29615
91016
94474
78545
62539
100364
38908
34361
100159
40893
74280
101385
111227
113812
105091
41484
32490
102197
63062
104171
113788
105501
68983
60790
89213
72344
85379
100089
56720
50216
86426
92180
75902
92905
77564
58809
86390
101763
102870
114146
55686
93941
67479
108659
97774
100736
63549
39072
95199
91810
71001
72966
32451
57776
58185
43323
106357
33354
96900
67883
56131
107530
79155
24259
81430
7311
111796
60725
58143
64695
37213
77565
106649
79815
99034
104413
99833
100815
87132
76670
53049
87937
77195
75281
77821
71236
51646
93514
84005
59970
21075
49451
79879
47035
29562
32268
36411
48113
45268
82123
94807
80540
78423
57379
37317
86823
67880
111451
26693
95143
57929
111821
58151
66020
113902
86503
57978
79191
46054
70483
58550
35912
82567
103354
66997
60440
84027
88229
75532
43863
96187
107962
62866
43071
92574
112914
60827
33323
87457
36871
42752
41117
97704
85311
47066
75746
65331
31296
84972
86778
22845
108737
76971
31789
64081
60576
32727
72438
101180
43712
97474
98773
47593
88314
92878
55746
33633
80797
38614
75808
85286
58026
40886
38484
80192
47634
54032
58584
107498
64383
77738
106538
98494
68717
111696
57394
98322
70413
101101
90379
60708
107593
88370
56794
91749
54040
66467
101525
65612
57975
39669
49444
106173
35228
35721
1431
69136
79040
42179
56119
66956
49471
113832
51745
58622
23092
90086
109847
76900
71475
103478
55322
106780
95435
57731
45732
91846
81129
40834
93411
108724
76001
77876
111316
53213
100647
104706
85718
77669
45423
105474
112625
77916
94837
51475
58207
36903
107165
67873
60548
66416
113366
38286
73884
90579
30675
68098
70703
62305
67099
74488
49256
79524
80149
107958
84000
102069
90855
92216
46836
67147
107649
88597
48443
47303
54090
103073
69811
24266
30872
98759
28315
47764
44470
95697
28219
91064
78388
85629
92142
105469
91177
80809
84578
86919
69973
67894
110715
58604
17363
99163
27782
78963
72483
77981
25620
59612
25822
83464
90979
30477
98490
64034
106010
107790
83518
67836
103495
110610
33958
42862
52801
50355
99596
79039
91189
67879
72831
79116
31607
65637
30273
48275
70107
30587
100537
35007
41626
59624
100862
69602
34814
98210
109089
68716
106874
97353
69472
108036
60099
46604
95269
89169
71142
32547
92375
110720
77096
33351
32627
54889
95308
110474
104448
51416
78528
116214
85446
75179
86878
105493
45536
83532
103672
43498
106238
70225
56474
52452
76840
109529
78218
79454
43819
79499
87931
94020
78857
81512
68623
105990
113851
90095
102833
49013
88268
82001
82333
89375
42616
105646
38916
53621
76368
48111
96664
105323
87065
98805
42773
48645
73413
62418
62351
86610
88381
44501
50746
82903
97435
111399
91662
77440
69591
39187
106429
41904
34592
33365
68784
70791
61732
47886
51699
69975
75700
82394
45925
91514
63635
63356
98262
60947
98060
58812
46407
99971
62146
97051
82079
58158
93969
87381
45289
32412
64006
32710
40271
101583
38784
69377
14424
34914
101938
35631
45270
98890
100238
63759
31292
30182
56544
78054
24782
75795
73175
101605
33200
90825
43604
71439
26512
111567
83578
58993
50113
76915
62939
89707
32423
46866
102887
68087
76621
65598
71576
36420
33391
42709
95784
98107
77808
100114
36630
92834
113174
69646
113076
45156
50398
81198
31182
39387
94295
70170
48329
67506
38881
80182
47609
67229
57340
72104
78203
94989
58702
59445
82912
35822
106220
78973
47754
112661
83564
75737
94430
105889
54672
62607
50957
60305
100024
106295
108423
102912
72193
99842
43849
58291
75729
39258
62875
69777
89584
80678
101323
59559
109562
91365
69328
32344
85781
59224
53404
37470
100382
106032
106090
90869
81231
58360
55854
69365
97685
106979
100029
32560
92900
99758
29174
20516
89818
55393
47132
69279
58169
47964
76004
32791
27090
29312
113282
56793
80580
68838
82009
41511
36875
90794
83520
81558
57772
106405
92961
101035
36263
108201
33978
82854
62754
49009
114132
58353
88317
25679
111465
42215
100204
66930
38178
62277
111502
108687
63828
60769
86307
29332
111968
70883
36089
95017
81624
44664
32615
92801
36053
113856
108867
106006
111230
59471
103543
46881
92125
90777
31574
59053
85278
45838
95167
44174
84018
100386
95396
53625
104159
56031
29274
42551
104609
44590
82276
60433
73961
99506
36720
97154
48472
96478
20703
32946
56641
56564
33207
37639
40382
90440
83580
90756
39826
109565
104121
74800
74408
70753
46713
87390
73614
69752
106925
66649
60236
108266
55185
44326
42765
58802
58269
91003
37640
89763
73988
74981
112902
108454
83246
50964
86333
104045
45755
55751
73619
53664
85209
55727
72511
53989
100040
55885
80114
104438
51999
92623
103053
82618
82007
69546
101761
82268
38120
103029
88847
103374
69131
81955
26262
39961
68448
80346
102841
113991
97191
75016
113181
91036
103059
38644
73412
89795
44325
58430
102265
68210
51614
70077
90749
48177
40282
59349
59451
39746
89020
86944
49151
89363
84480
79490
51027
71606
92817
37434
107085
45148
72306
112514
76501
73432
48959
53827
30993
41395
96278
70475
113601
28176
50084
78879
62057
53023
84477
54110
41624
66507
31892
104043
57247
97418
39359
54532
55169
29427
66976
100339
99315
79995
86842
40964
46600
64857
96622
61782
46617
83941
69635
93689
33810
84649
80204
66457
109599
36353
101552
75057
92985
112025
31814
41401
99915
110500
52700
90357
71337
101126
81222
63897
95264
61269
102363
77247
68420
65964
30220
80925
101654
12146
44154
73069
107389
102641
56065
75810
99266
95406
91853
40726
59449
102858
62210
55810
87790
95703
86637
36356
35076
96226
57516
110689
32161
57070
40518
34124
75753
101970
72401
33664
109549
89967
49215
62441
72430
93232
51933
103138
99729
44331
64909
109517
74021
97065
57361
92544
61815
45171
114152
74520
40645
108685
64439
47622
113038
64411
96529
85053
54022
68120
35305
61365
110092
42247
33065
82287
50839
43340
84523
99899
113581
62298
64426
59437
57990
61741
57305
43252
35981
88312
104257
45151
51217
45265
105638
48466
59850
98242
67067
57505
59329
75001
103347
56624
66362
34170
53959
95399
71834
86557
104646
85570
30234
19343
104258
36988
100816
74050
44786
79749
53227
99177
79859
77933
48727
91362
52739
71470
103969
97823
112133
51186
56698
83944
48718
96328
65978
65176
92857
47492
42512
84864
33130
92316
57988
110530
34735
55390
37300
31684
30455
63601
80994
86018
70516
45103
100246
77198
81037
55051
83584
102917
54278
65084
48868
56157
84255
61558
28295
40961
38270
47145
105204
57409
33288
33661
85349
45778
61078
29730
83650
98103
41793
72123
34019
113639
50898
65421
81646
41143
66669
109346
111646
96221
59114
69843
85802
38521
56669
53856
57931
27671
85760
56320
109660
33662
108795
84105
67896
31650
39569
90209
66056
95293
57077
37935
72891
30275
81986
59628
96705
73655
57495
41042
80188
90518
40583
58828
36606
69030
97429
17033
105695
102420
89147
74055
35389
95964
64199
98212
67121
28366
97554
112770
53611
53254
29336
108688
63869
56104
109477
110044
50721
34391
56091
106739
68719
97436
102594
46434
30294
48483
81903
95518
98706
100582
76782
110962
74832
44983
40316
95394
45602
55883
68894
113942
112696
113658
92957
49146
105905
41688
47864
65725
55007
72685
65778
28887
79369
106854
63939
82693
41135
63055
35860
84586
104871
64415
61887
102897
89343
87529
62931
53850
102473
53417
47143
64192
69182
40571
49877
79108
83649
31367
88356
98621
101161
104165
112767
33123
72971
17404
90062
56122
70949
30729
91184
85778
61728
89936
26114
79998
44264
40397
113932
47726
71113
41332
92557
63344
51394
104205
40411
40512
79591
49984
44394
98564
38917
36617
61321
109848
35847
73092
83562
28746
33374
93379
33102
59418
84365
80918
32738
55266
74900
48226
64517
37323
26019
32159
67637
89611
97830
54445
66345
56485
88526
111748
62024
68615
78831
35787
57473
108887
27774
113968
98891
58393
35052
111797
112347
108636
33604
98349
52475
98299
63103
40513
108460
46633
38082
97592
44356
65701
106823
72549
38334
59890
98838
112367
113158
33614
69366
111476
54352
72726
33786
46774
100831
79419
83587
76443
66504
67076
62052
98894
81023
72531
40638
113057
95603
74125
85476
76327
66324
46411
108886
52103
70520
72682
97860
60812
84718
84053
44320
72324
102810
32433
113793
53211
56664
50895
66610
108742
108252
57974
66160
31073
52604
102587
100699
82953
108468
73627
98520
76336
30076
108327
55474
70828
57436
113368
96941
66475
65719
32669
27081
63813
98835
62440
27126
52939
108709
63088
35512
40058
42864
50926
111984
143865
93703
74029
110220
41854
82714
74486
78968
61881
63109
103130
56737
87233
105137
112420
111102
87196
41879
80056
39361
61701
93338
102529
76440
105032
112071
34870
97618
84215
59553
81640
57294
56017
56483
42913
106899
40850
68855
12376
78088
84218
58535
63006
78474
88592
99684
102481
46801
71618
62163
95711
91215
55243
52609
98752
46646
76881
48007
62302
83731
93485
102955
53447
74033
84318
60036
111766
50310
62506
77429
62236
50981
107337
33702
46076
95859
78005
93299
64238
39277
92471
99638
97510
46708
83155
76364
33687
83642
100148
99827
26594
104866
63086
58843
71919
93282
56873
37486
98794
39252
107350
12005
53618
82834
38146
43061
86552
37195
56052
54802
65085
56216
69842
113690
81693
78676
76751
53888
43715
72953
28357
95065
75727
26651
63524
41603
55369
94113
90826
85717
80785
56015
81718
79848
77516
97682
50431
44680
73174
91055
25108
107048
91650
49160
67605
56525
89527
109388
13891
75777
45630
103801
49607
78338
112554
64801
48650
77152
27180
74991
98987
87686
77902
63836
97768
46265
102064
101432
70535
84244
92763
94325
39400
31198
89293
86957
34675
103401
59584
81750
66339
83201
103664
112250
57126
33738
58539
64080
28719
37007
68715
44078
100793
100034
53461
84502
48095
82431
45870
52234
34184
53626
29294
101769
82384
61600
43398
97245
113941
97844
32093
114135
61111
90401
59588
48761
103867
94424
30385
111467
82913
55294
43663
110977
81877
35616
108422
88658
57063
48173
66867
70368
47472
25595
94431
86548
113808
89993
64183
104715
54488
42877
58631
56283
82949
83069
87909
78178
50668
90032
97927
88830
65354
70254
101961
41718
90396
80098
89430
94838
81807
44703
35258
59808
108170
105192
89673
48606
108766
100700
88689
80928
99532
77689
69578
58367
73376
100939
50995
93388
38500
37649
106818
96131
90208
69479
45269
109129
86536
57435
38078
47659
36410
53607
48244
91491
101169
81919
33628
87907
58262
58474
103931
87788
80060
60987
31579
53872
93569
70482
73238
55781
97826
72299
68630
80845
70826
101483
90613
100448
41836
85851
108289
35654
53884
37423
80302
27246
66834
95777
76846
60730
83377
109717
47581
45528
102554
104906
113590
54121
56618
61039
59006
102638
71524
82901
50077
61932
81675
99470
53146
49568
52207
75321
55436
64578
98513
67859
50221
58333
45754
90430
48128
86524
33178
49535
42368
109292
38847
61201
111545
49733
29704
64950
113747
67617
95338
109909
34007
95471
109124
95244
86550
58483
58196
102306
86982
63494
90068
94994
56004
46018
99092
46722
92967
78824
33719
82673
75299
40724
107122
101018
42354
61082
64601
69568
107511
91022
60679
82228
42806
55280
32039
109641
32992
67437
68606
111920
74174
109712
60772
45703
96685
99595
76504
112370
58854
113157
60463
88938
74934
42756
69010
91063
95926
45056
102489
79562
52462
38086
74859
107015
25419
41190
66982
78541
83185
85811
55541
81952
88122
38676
56521
49937
63745
36735
66679
44899
102789
91387
98914
106532
70264
30748
100683
59916
63654
101404
56023
92781
65624
105946
45976
37015
91550
37707
65373
41670
52070
69590
28282
26821
65884
32162
90227
96347
65995
61113
30133
94747
69604
82290
94966
80069
54198
41477
89852
89761
67540
75467
73178
46323
45710
65661
109323
65946
64641
50425
107564
79189
23599
48676
30274
76259
35761
54995
73392
103133
77685
110486
106495
58487
23366
51285
63197
45314
74650
26110
32106
65413
36982
72701
109023
70018
29889
34416
30938
58220
54517
102628
82148
91187
30630
91924
104218
113077
101049
91568
93010
108453
92350
89780
63051
56518
39554
69059
100425
65756
31675
109501
98479
68443
73351
76684
48368
76009
51582
36169
66300
75247
97539
98147
98406
50262
72509
113979
92788
64288
98224
81698
64974
41739
106990
78966
79599
79469
68007
62304
33368
56563
111197
90690
97867
75786
59714
85231
47974
113730
93275
62807
56191
79949
45942
62327
59414
30306
27608
87507
81030
96396
47815
91340
44232
107258
83311
97044
110269
96898
62352
35834
42682
72242
65975
71959
37472
85232
42089
77736
113830
73660
76657
46213
94897
48667
110865
65887
112906
109594
85380
71445
91748
37364
89727
54655
84174
103125
94711
67804
99816
110784
91594
85262
61392
44910
60658
38101
35954
64136
95326
58075
