63984
106106
53623
106813
75102
40077
34022
59348
82952
43012
50517
37198
81091
76098
96837
78712
104985
105355
50731
49653
82407
90824
29240
32016
51161
106832
90676
109179
57711
47884
68730
95737
44342
91535
106951
79890
106944
28688
61565
47119
35672
80191
68217
92084
48062
55884
53500
78265
88602
102222
19979
107119
85859
103667
100581
39164
56394
53402
45173
43678
33304
104718
34750
102286
47938
109413
55302
81720
70541
88750
87833
105962
107656
65984
45975
85220
93111
84525
106154
77915
99312
75333
76607
49023
70680
101435
28592
39167
103284
76611
64766
66117
92302
42665
62287
36349
59288
102013
50841
53410
72129
111027
47751
32172
66340
95903
47817
97617
79192
40192
77559
86588
105972
34555
77250
55990
24676
40723
30254
112710
54750
59552
89291
52771
109024
86454
66471
49136
72958
81357
96646
41393
72932
75115
80259
107644
43078
43964
48865
31060
28562
56053
63542
59487
55992
56673
52925
86911
74013
20723
103744
88739
99704
38862
42666
39629
91396
42175
86983
96361
132680
112823
55099
64806
97537
70531
110547
50724
108378
45834
122761
45498
93566
101317
69616
38211
68871
43346
46244
112167
85250
114085
68182
70402
31839
74542
54005
103457
28325
89839
63678
81755
107837
97772
28996
112040
89609
73747
67337
31654
50930
49736
44492
100633
94816
96819
97080
103140
46103
45008
45606
72693
93936
108635
62596
22272
50869
36764
53772
92067
31051
113335
85500
69757
33790
76283
90425
100899
45195
46452
84254
97264
53673
81110
113172
58955
55372
47436
25343
66066
62075
70506
73302
37052
86070
76680
60216
49120
112077
109299
74081
68091
101504
70420
43607
89870
100428
54388
33668
74628
81717
91209
90941
74583
113956
94910
102052
62830
83527
42402
51435
50442
87443
64875
79727
64200
67033
45517
104748
92725
92764
75350
103502
104210
88136
103176
102711
97673
34607
65325
54895
27008
79446
44398
36267
100955
49534
56572
60842
49168
33873
89469
93943
48489
95870
56315
69162
38912
52999
113170
80278
88024
90448
93307
67917
86509
28597
26016
71831
64232
106095
98830
43208
112678
76796
111265
53670
81621
50664
114065
36531
35952
83483
57105
74430
98138
99114
68112
58523
101048
62450
111034
56392
112041
109286
99513
70205
34587
41067
83576
50912
30395
85264
104452
99587
72228
112563
106666
45011
93653
65813
72661
69809
96389
65259
45327
58674
21527
112092
86036
16959
50613
83911
72671
57426
96275
46476
88329
76512
55996
34417
113852
103344
86620
81041
84948
81570
76457
101017
92496
31763
84990
44291
37214
63152
76340
47120
96360
67464
37362
57429
41342
89787
35965
42148
74475
91065
81532
98361
81723
84507
54960
87035
42987
87509
112504
48736
56147
87218
77660
38860
68548
94083
68628
62867
79075
37329
102605
47435
97257
57616
82739
81602
108084
81061
95855
105082
76429
91847
65191
41171
41090
80783
113064
51190
92693
26466
92300
32885
25300
104441
66242
88774
87916
75440
97151
103072
22958
112295
111568
95210
13762
90831
56296
109765
52655
38018
74798
89299
77907
87726
56739
91151
59428
55438
23093
28324
57815
67317
77036
90429
101864
41906
86977
77976
111306
58543
96772
82954
104652
69229
52131
103545
53788
88125
42558
56746
55442
41322
70655
45333
80539
28164
70003
95118
107876
56596
101679
27866
56872
43243
108088
28168
85383
74310
64697
94768
3505
70932
34362
102867
51165
52130
84277
86675
113023
97180
66847
112757
113041
57005
101980
56840
113325
58052
79286
24730
90207
83273
51170
71329
32141
113502
105143
83720
26971
6670
49167
87840
97192
56853
96273
73817
26458
56094
72534
76556
92513
112180
79516
71012
54605
53170
71011
103099
103856
43232
109123
64190
14418
79996
47067
38494
79316
44762
89888
69191
87409
85719
87190
62099
108920
39898
70113
88106
87503
77715
50419
95994
46438
84448
26564
54012
93054
86008
75297
59524
45820
108672
70899
56569
78589
99156
95198
45361
54212
40365
109592
38179
60071
77502
69417
66083
38888
112242
82014
46889
82361
80092
78285
103902
111307
34307
100250
69359
35992
83655
75006
61281
107448
59721
102993
102386
58160
113266
41038
58882
47744
79361
40833
97211
84032
113970
68400
112855
87883
67808
20010
108367
54579
82592
43063
56523
74663
73094
34480
65707
76572
52874
76003
98411
69304
42502
113929
24859
31040
57823
113312
31812
55156
35750
109666
114372
73089
47465
109821
50715
62574
74028
46059
104576
100745
34838
48121
91154
113749
43497
105128
66341
57178
55802
29501
56652
80592
74146
44559
77588
60460
104953
94965
46386
43481
30137
47063
96120
38994
61435
40389
28217
48669
45360
30483
40183
38519
29181
89534
38493
93387
35234
77077
66865
51721
72268
41883
106188
32936
25458
78594
91543
100771
99044
113343
81846
66019
75550
57082
62572
42360
47226
84051
42199
82055
97341
39163
45515
104411
85841
64810
80102
57972
92231
98932
95892
57395
68677
53620
106822
39941
107271
61676
106618
78539
91052
74478
99043
83693
34550
85284
113689
79679
34142
70034
35510
48051
48447
28651
72348
53278
40650
28241
64901
98183
103018
105856
68896
22597
104467
79403
59749
39894
111109
66835
92880
98043
103792
61633
34145
36114
67053
89745
55940
83238
96852
52852
79400
100408
81914
36911
90141
44212
66957
103857
113284
