50261
91368
72565
111980
91623
98665
35403
48882
103621
64377
90671
46953
110365
55529
42554
73862
38891
81330
105587
56261
38728
81366
91016
85379
92180
97774
100815
71236
58550
42752
31789
33633
58026
40886
35721
66956
49471
93411
111316
70703
46836
30872
90979
110610
33958
59624
89375
50746
82903
87381
45270
78054
111567
46866
76621
113174
81198
57340
94989
35822
75737
105889
39258
32344
69365
92900
29174
90794
25679
104609
73961
99506
48472
83580
66649
60236
80114
104438
103053
69546
26262
97191
89020
76501
55169
29427
40964
69635
102363
77247
68420
102858
51933
44331
96529
61365
64426
43252
45265
91362
52739
92316
55390
100246
83584
84255
29730
34019
113639
69843
84105
95293
72891
67121
97554
55883
82693
83649
33123
47726
71113
41332
63344
61321
109848
68615
35787
113968
108636
46633
111476
72726
108886
70520
56664
31073
108468
73627
96941
40058
143865
82714
80056
93485
84318
76364
58843
107350
12005
86552
69842
78676
28357
95065
63524
41603
56015
91650
49607
77152
27180
77902
31198
64080
59588
59808
91491
73238
59006
50077
81675
98513
45754
82673
42354
91022
67437
76504
74934
107015
41190
49937
92781
45976
80069
41477
73178
64641
30274
23366
51285
26110
31675
109501
98406
92788
41739
106990
90690
97867
47974
62327
27608
91340
85232
110865
109594
54655
85262
60658
64136
