106106
53623
34022
78712
90824
51161
106832
57711
47884
68730
106944
61565
35672
80191
55884
102222
85859
104718
47938
109413
81720
88750
87833
107656
65984
45975
85220
93111
49023
70680
103284
42665
72129
111027
66340
95903
79192
86588
105972
55990
40723
112710
109024
86454
66471
72958
72932
75115
80259
28562
59487
55992
86911
99704
42666
86983
132680
55099
110547
108378
122761
85250
68182
70402
31839
63678
81755
28996
31654
94816
45606
36764
53772
33790
90425
100899
53673
113172
55372
25343
62075
86070
76680
60216
49120
70420
81717
91209
90941
94910
83527
42402
50442
65325
27008
44398
56572
93943
69162
80278
88024
90448
93307
64232
106095
98830
43208
76796
53670
109286
70205
34587
85264
45011
72661
21527
50613
96275
55996
113852
81570
37362
57429
89787
74475
91065
98361
54960
87509
56147
87218
94083
37329
47435
57616
108084
76429
41090
92693
26466
88774
75440
22958
111568
56296
38018
91151
23093
55442
101679
108088
85383
94768
3505
113041
113502
6670
73817
92513
54605
71011
38494
54212
109592
38179
66083
35992
61281
102993
102386
113266
40833
84032
20010
108367
54579
34480
65707
52874
57823
47465
74028
91154
43497
56652
60460
94965
96120
30483
89534
91543
99044
66019
57082
42360
47226
97341
80102
98932
68677
106822
39941
34550
48051
40650
103018
105856
59749
111109
92880
83238
81914
36911
44212
