52742
82186
29268
55511
68179
45328
77849
97816
92525
47769
27049
95289
85011
98694
48690
71916
97205
107641
82352
91754
108879
52830
29428
70555
73852
50686
91984
107366
69984
38089
58144
101319
94006
104854
70305
59867
35299
64164
94359
64321
75061
107866
78613
110095
23820
103212
106800
87746
100542
33216
110580
104895
59086
102696
75243
59696
81410
66334
33406
90113
40681
96184
82175
37209
59396
108712
39447
35977
80772
62842
67454
83220
32436
79910
54467
77162
55187
70349
113575
71816
64413
76530
88867
53598
22874
86123
101597
73046
110109
69013
35054
55068
106249
43876
105890
34941
56889
46599
70628
33674
97313
46501
92514
66661
100039
57714
90995
82011
104858
73070
101305
53544
54247
62946
101678
39886
38605
32543
91259
51502
64572
111289
77861
35132
46789
42684
53179
63282
33758
50523
66894
37836
96440
76908
113796
32539
86563
56286
85896
55149
62616
107638
86652
93662
96334
50365
86531
61825
73902
33366
61332
109080
113399
18518
112716
47044
88684
79831
46038
110646
111870
44526
64969
90114
111278
46607
49875
110918
74705
86015
61298
78090
113349
75841
69145
100278
91478
106886
55435
92349
61327
113600
66206
68853
49609
32796
91093
44785
47194
46967
51697
111874
106354
80822
99822
79442
59304
112197
43546
97179
88612
96970
83446
77098
37050
64713
93592
79386
30866
90659
28258
88439
101274
108579
78272
80555
83255
28434
89055
96331
69953
33071
101906
107743
35972
56381
35736
36121
52823
77816
50876
54543
55111
