77396
52742
32097
29504
102350
95246
49682
82186
73065
60682
29268
43226
808
93233
55511
73421
61743
85015
68179
111151
110490
85054
112090
84276
30779
82967
44424
94902
57210
46957
50207
45328
77849
65539
55846
75666
97816
103066
71782
76640
51750
97496
46483
108589
82467
66729
40851
92525
47769
96445
39628
83067
55552
27049
95289
73041
85011
98694
48690
71916
55804
94329
80260
70411
107055
76608
70244
52197
30237
37556
121135
48380
110313
112650
97992
64431
56981
97205
89994
91649
74993
107641
50670
52814
82352
99400
91754
85596
86380
49837
94574
83399
110102
96441
108591
57894
47549
113463
108879
80255
52830
112302
73272
63308
29428
53613
47679
50674
97498
70555
56955
29702
87968
103171
104695
113604
58100
55362
51794
44761
67900
103727
92096
29500
50658
73852
68267
60102
50686
91984
14781
72225
107366
32030
75355
69984
45077
71815
38089
79237
46184
58144
109465
69382
108585
103551
78211
63644
101319
94006
46388
119138
97866
58406
50985
93158
104854
71785
70305
81302
59867
37580
36479
77121
102512
105274
112821
101046
78357
96671
75174
69835
110222
21596
35299
94277
93938
90845
68620
35304
61204
64164
102862
94359
76537
59894
81612
74833
79042
66654
90283
64321
28458
75061
67746
68295
74699
96143
52833
82597
107866
12003
50665
50835
70009
64347
34969
78613
75573
110095
112130
23820
75982
103212
33214
56594
43367
95277
52941
58359
59554
53393
61798
90564
106800
55743
87746
100542
45102
83339
80266
33216
105625
99307
80910
48041
34852
38961
50217
87749
106378
110580
72794
96563
28527
104895
109514
96608
98733
67114
60115
59086
76584
104844
75190
102696
104173
75243
52508
91148
86463
66214
59696
61304
96438
81410
66334
46594
28435
58417
99290
93376
61661
93626
67891
62971
68522
80064
60537
7380
109737
78746
100712
44132
33406
108002
90113
40681
112665
53997
96184
82175
23988
101614
71327
37209
55176
59396
93431
45696
108712
78147
110056
104152
58330
39447
35977
92441
32731
53397
106477
71802
111760
34982
80772
111884
44952
62770
39932
106346
114072
109915
62842
112113
67454
119584
83220
72420
85856
79479
63128
36186
87036
96964
32436
58754
111705
93780
58128
41250
110025
79910
99329
102019
54467
52510
52806
106398
51529
46606
95058
77162
43311
58415
55187
111264
70349
112478
110560
45709
113575
42600
110489
82798
71816
37913
34938
29955
92424
57226
64413
52065
76530
96000
38306
88867
98820
53598
82610
123330
34026
78060
38863
22874
109148
104600
40918
83560
86123
101597
73046
41251
52837
32291
59747
110109
69013
65542
64729
59372
114011
104542
109100
91638
65857
77574
104400
35054
105530
79204
88879
97502
59838
86715
63940
55068
97164
113623
68236
113045
69306
88886
42878
77222
91380
47667
34520
101030
96429
33219
106249
95686
43876
105890
34941
56889
46599
97124
58605
92829
62801
107379
70628
111773
68544
53812
71197
105711
33674
98647
97313
107647
46501
35996
92514
58806
82775
28436
36223
64453
124419
86703
113402
33992
43126
66661
28528
62284
81425
79068
85256
67184
100039
89106
33508
106672
110427
62757
57714
48751
91777
91655
90995
104624
97766
93751
83386
78139
82011
45285
62858
70590
99303
87061
104858
89532
73070
74328
101305
83850
53544
110363
57057
54247
69226
111725
77764
62946
26975
101969
45316
91060
51301
100914
29431
101678
38435
62886
92912
62982
39886
94209
64728
38605
32543
81763
91259
102454
7379
113136
51502
109637
76408
90039
98753
44596
46771
64572
111289
32292
77317
84504
32744
110358
77861
54260
42295
102353
113978
35132
97273
37830
46789
113667
42684
41086
45161
36211
38220
53179
50832
63282
96409
106928
103173
90975
33758
105307
50523
106668
37790
41569
76764
84787
60462
66894
96196
61431
37836
102360
84289
108665
101581
56108
32842
96440
76908
106494
99275
51871
113796
50655
105315
62420
93219
32539
86563
105989
57893
76466
53874
63606
87148
56286
87620
82627
85896
41944
55149
77442
62616
51507
71830
86606
87998
56901
107638
63459
89829
49828
86916
86652
60770
70398
45874
102951
91586
54479
80714
97691
40803
32494
75493
93662
96334
45392
32330
66310
50365
93097
31769
83085
74483
86531
101811
40269
111907
84287
61825
87305
60381
85804
62072
80851
73902
92273
33366
55105
84424
91607
61332
108695
76941
40314
109080
104231
65852
113399
108531
74186
82325
83022
49593
103180
60214
107217
90565
51845
18518
45197
81770
112716
47044
34111
28895
41053
46015
88684
78316
79831
22255
46038
112289
112747
43282
90555
74951
110646
50522
111187
111870
92211
106980
44526
102305
55741
70557
112200
71128
31502
113517
64714
67405
33030
109143
64969
84309
49323
102532
47937
90114
31140
111278
81101
68361
105809
53306
53409
80519
37428
52506
53501
75308
109762
89830
47885
89426
74150
113152
46607
49875
75916
110485
110918
52239
22507
74705
86015
92776
79755
61298
49054
44936
78090
60593
57891
113349
75841
69145
60484
68803
107657
83864
43581
91845
68616
52994
100278
47199
43525
91478
105509
61777
37641
36239
75515
52503
66999
113241
66415
81303
102213
88630
106886
35819
74237
98200
68738
55435
146799
109297
74665
73684
98375
71111
93214
102369
92349
56731
17672
97637
61327
58351
41458
113600
66206
77944
103172
68853
52509
49609
32796
112658
114142
78690
87510
67706
106005
40936
55115
112194
91093
62454
44785
105568
57150
98842
100637
66379
47194
74925
58471
46967
107784
46185
51697
94725
41756
108839
111874
41950
78356
32347
96766
81150
96926
74753
49378
78718
55744
98678
106354
78535
103128
111605
49819
80822
47118
61898
79735
52594
99782
82324
68137
102822
59866
99822
802
104158
79442
95197
90022
112962
110298
57196
80095
86102
110057
61404
61863
8013
98658
87252
59304
112197
61615
89471
91639
104151
43546
97179
39852
59648
109046
88612
39013
86244
54404
65304
67672
111712
37741
107916
58977
96970
83446
46609
81892
77098
67087
37050
47488
64713
57431
93592
88989
112703
79386
57868
108852
60522
55735
50022
75273
30866
90659
87772
28258
88495
83180
88439
104047
73617
86813
51049
55482
62032
99570
65702
101274
108450
113744
63523
45994
108579
58241
67465
73066
32743
64640
42408
101264
97636
78272
80555
105838
93099
111381
99085
92727
78138
46245
77864
83255
28434
50716
99058
79702
105190
111580
38664
72158
50653
54624
47017
135951
89055
90082
101289
66880
100202
79772
55670
107516
93098
71116
73536
80386
96331
97100
76671
69953
36877
101084
90657
114019
93715
76794
99556
47981
33071
86125
104896
102414
82482
103697
101906
105001
89545
47289
39790
108699
29413
62071
107743
81920
35972
56381
113592
99019
35736
58515
77210
59650
36121
52823
112614
91383
113035
92495
109204
92272
112530
108942
61984
100522
76182
77816
50876
64155
47482
58420
31752
54543
60979
60008
44674
71462
55111
84517
59155
92209
34359
