38882
33439
100411
45535
33954
98221
83910
113679
64391
63275
76963
98769
68158
100328
54367
80604
58707
77199
51665
100404
96355
27382
94376
109476
38254
114148
54512
40731
97602
108519
81582
113899
64369
69457
47231
79642
110723
64061
82487
47156
58365
57809
77739
96471
57806
46199
30063
72020
99700
77482
53525
33236
91220
66493
106323
61333
32718
88756
88980
53974
100192
64221
94685
99481
69654
41483
104402
50750
75337
107952
27179
70740
94176
89689
109069
46668
69127
103460
57665
92630
35788
30631
71005
87548
57352
43359
74135
62009
109827
53756
60909
31646
52108
86235
68364
37489
88647
51684
55242
53960
41968
33121
96509
32405
97629
49586
97241
112544
68898
107604
63185
57353
60674
86256
33856
96469
74544
104015
78385
95845
111671
99987
110724
37885
38861
68088
75646
91483
51283
111050
30380
60574
111681
63461
60260
65706
55942
93504
66914
70758
38872
83779
85288
87747
84949
64540
64634
53218
104703
103491
107646
59448
102378
41399
79551
52634
41827
88318
83771
83553
28681
94855
111269
48707
113936
42189
85145
113535
60980
32705
98683
38302
97286
58396
93349
42030
53849
79290
