91199
41347
90779
98372
51087
72381
99069
48790
103987
90922
99675
61000
28862
95182
94572
81133
69895
38889
62425
70781
99781
60033
58611
64591
91830
83615
68750
108392
71835
91267
111215
39371
63050
110446
42090
113660
58827
44586
60043
75411
66890
68386
107705
109933
62743
84397
62789
58037
104112
78019
112026
95852
65021
62053
72507
97230
91559
46621
112324
90674
86254
54961
97090
44550
96545
43619
74881
83648
90108
33251
34711
111166
27085
45183
68907
75901
96567
53248
92753
46711
93525
100609
65086
73104
58613
29353
97399
109779
68289
50858
67051
89193
94436
32548
40101
56174
79519
96370
72394
61009
94708
106492
54389
50079
79464
94357
100667
37934
55815
32603
68695
66486
27372
43925
40982
80121
70323
96350
64672
61959
96089
61972
49193
84813
60796
57636
39764
32255
58560
46110
49555
60346
113398
105428
17224
106038
70476
60040
64239
57503
82745
70917
112826
86311
54970
107358
103669
52587
55724
52326
42094
109291
78967
85459
61623
111601
58039
107497
78791
104450
72578
117378
69634
83160
42935
69969
90830
75785
105789
65513
42840
77487
95084
101682
37081
113834
36541
112052
55320
83403
50024
60701
95151
75079
46111
44411
105811
107249
87082
43952
18543
111935
40384
76835
99540
97775
51790
58203
42762
81160
47412
42988
95801
66918
89569
79874
80623
88762
86736
54290
54328
76831
95893
91301
78681
103323
48786
69414
50239
50563
59662
70524
83308
72500
70857
60183
44022
44074
82656
49509
91708
75408
80570
108866
75248
55682
70948
55636
77843
76672
93381
41825
81344
30498
74508
92437
44306
94964
86538
52526
83715
71182
76667
40414
94284
72576
57356
45357
91051
42503
33599
56128
28123
139626
41459
93246
92101
102132
62190
104018
41172
53263
90720
82411
62507
41933
59834
59671
87195
35659
24131
57069
50743
64113
54387
101147
56762
91875
72393
106941
61871
39089
89111
157291
39739
67148
80569
36067
39734
76873
71813
82587
34783
56217
95294
50424
67050
51682
53115
35134
105797
101847
108424
111985
82964
65309
47698
66977
64605
76624
82232
88410
88436
105926
75728
90612
104694
80032
85676
65681
80710
37609
63362
107875
46473
106936
23226
74378
73647
57366
75300
49643
28618
83077
113392
49558
79437
96658
103040
110333
35075
110968
89124
110449
52075
58254
101747
39620
63934
81194
111923
41260
88766
37082
79538
52741
106054
113100
27219
42874
53260
103494
68425
96856
78056
99012
86124
81682
33120
74908
32728
35720
83873
87534
73246
103113
96088
47953
96884
32174
107918
93168
89127
77688
24644
70522
100268
77712
85791
60558
37738
56999
112021
75691
81950
43614
43683
57932
5288
81199
65576
95346
101163
85736
49737
92506
111049
80573
33235
84995
92709
70263
76948
49006
107927
65628
94889
44147
62342
84157
65023
44478
73139
66889
61571
51730
80504
79789
111858
89077
110048
99905
99202
104394
80130
105979
94925
37142
79992
95304
107576
103808
92500
71401
53727
31820
72013
77887
68288
59732
89009
27652
80084
95043
113765
77092
81450
76844
52143
54787
84444
112434
56769
74652
71029
111030
33359
38344
98076
91208
54435
36050
89621
91317
44128
85886
80995
90135
41817
61441
100565
110527
83408
95704
83569
61968
64763
102555
40766
83865
92505
29499
65933
65704
61970
85319
41890
104914
45356
87517
58146
56657
91296
30233
90531
56334
110218
50830
39570
93126
62944
44203
108739
56629
32318
110959
51317
63840
84122
99026
52338
89816
62448
93303
38250
94290
39515
47165
66141
95790
63065
87524
80185
105860
65915
57376
112437
67443
94188
99147
