16237
50292
100305
86281
112329
43369
87188
110887
25775
103699
85007
113071
91935
80668
49181
109272
88700
89937
51648
35433
88839
107552
49288
98584
33894
59314
46847
23976
58547
41118
39485
113516
90606
40737
48613
68010
136071
35348
33122
106296
98441
59319
78978
61173
108126
38151
53431
59116
58731
46251
58723
23938
84209
93516
33897
59254
91425
86575
56862
88118
79058
54400
96800
85714
49778
80701
92832
98325
82364
45537
11730
45164
97553
106376
75533
77105
55010
56687
104905
50329
104623
54786
72698
55120
84788
87388
106976
112730
71455
88200
100794
110611
69930
78198
78390
79300
29954
100344
81860
55359
61816
72142
77224
86246
25329
92828
29293
64549
78323
72501
92710
54034
41387
41499
38155
91759
54901
98846
81784
92169
110004
45387
85163
49684
45286
73650
65864
106210
94987
109384
62188
82380
29984
67640
98826
75014
64535
101492
46706
67647
61336
20626
46543
82052
93918
69386
86083
34122
78969
107601
68138
14344
75764
85966
54998
82165
78008
34187
98934
69418
33369
106824
93206
74701
50089
78642
45688
68026
104610
109600
58504
54096
86537
74884
65182
36946
56468
62121
85045
27784
37308
67370
108810
93243
104082
33571
57371
98184
91532
113648
46063
45946
112192
113712
82675
34896
44592
54246
26096
92102
82120
67058
96235
34400
136774
57530
85909
48024
95014
48647
25396
81217
88919
33358
110886
100338
93171
48239
104484
23230
64205
77627
88645
82223
93691
70834
66061
54757
82005
87004
100763
107988
80884
109638
87925
51565
74368
109760
105125
79119
57128
88525
76036
106772
37612
106670
58277
108132
35386
56719
54606
50759
84729
101050
51875
56156
36798
74161
106878
69560
53973
68183
62793
57354
32734
107917
85148
61702
14194
43362
56789
113925
100821
79258
42971
43735
84111
50396
93773
106632
64134
91059
113999
72482
54542
41730
87727
62731
70521
61820
82540
72365
58337
49172
99887
95794
84432
105805
54431
98204
64336
50163
46629
49853
67169
83328
33129
58296
91216
99967
54438
59596
104204
91294
91171
100583
90792
27921
98757
69636
81507
29629
107272
74155
108435
90735
109067
84510
49765
62333
92118
111231
59781
77640
106909
57263
46802
68423
50333
40069
58188
62818
59240
69615
102337
50256
61363
66212
29846
44583
77618
98217
47894
113654
62008
32556
72316
113493
51542
59420
102308
66193
70859
89190
64906
79989
50404
56617
87865
62429
112657
32589
6796
112051
38691
58464
95036
107251
39527
110442
107946
84382
766
99702
97121
54790
95009
66261
53308
140720
64390
91318
103690
53971
41872
111225
104657
49154
71034
40355
40160
26260
99185
32715
49415
30797
72109
89805
64790
48815
94664
28470
66218
78299
94947
99640
110708
80780
101490
99908
86711
39970
71604
57380
58407
110106
104105
50774
73957
53238
75757
29318
44269
52968
99685
96903
45842
45287
92958
97656
90468
81333
93573
110413
35071
32133
83718
68485
20224
27794
58173
45078
37595
69892
68781
136073
108768
79146
55437
56509
96153
67245
79315
61752
108004
69345
54180
52608
68850
30400
103458
81224
90718
86825
88353
73956
81811
107168
62719
110387
52753
99763
111497
14343
68575
80026
59412
97665
86555
80556
35528
38177
67425
43077
101203
79833
111040
84278
74852
98623
26108
55298
87669
61279
138807
114126
102939
35988
63834
103270
98142
68675
71006
62758
75825
68441
109293
77423
61725
84186
43018
115500
59239
111603
56741
40567
54788
79079
61326
49851
65779
99093
106437
104861
6146
32624
44036
107941
63235
34706
28182
39626
52276
40997
98491
70786
31336
50143
31457
18157
96982
1831
81641
93905
112309
107288
87536
6455
100807
60309
85863
84913
109277
114482
66243
114150
104136
99443
51722
30061
75711
31104
64410
74152
94074
36837
87270
38085
71931
14707
33505
70422
86764
93402
103144
78291
46945
108968
85967
32033
94464
103438
88282
49227
84932
48778
94361
112258
96223
71587
96484
75296
94442
93857
75569
86612
76811
100983
39718
88788
100486
40795
82450
100612
84128
66650
52838
93652
65472
100418
112648
50676
42466
105343
44215
109175
100309
76688
36956
89083
107766
108436
104048
39895
94410
26611
87604
38894
70431
66888
33740
66543
90607
72567
80984
19596
29231
65910
65192
45936
85531
14790
77880
58724
61036
57349
68445
70058
28863
97929
113498
101002
73371
40804
100833
36071
106986
51268
64284
88071
74235
50003
61585
58861
33688
67634
17832
110700
31656
38437
82317
24432
70455
68141
78816
36824
112785
40727
41336
45473
105464
56412
88921
80776
64531
56441
87681
77148
60740
52757
55287
130085
69173
83407
37385
37017
31726
106457
111981
68889
2512
65471
104885
28567
78106
93128
47031
109845
51125
79494
73787
59807
27404
44752
90373
106920
33570
61432
42063
97473
105291
65821
18953
78003
14036
41736
89417
58510
81335
96247
77041
42147
33174
53633
88732
110897
82038
49330
33787
106556
75721
83548
79750
36924
71504
35251
106189
141697
44312
93649
83461
87742
70000
60694
31992
32452
113276
106903
49940
61211
76005
79416
25989
55626
61973
107872
112834
106881
39975
90577
104724
112176
93853
109158
45476
24430
100521
59450
54709
32221
66306
45179
33077
78533
81859
70267
40234
92004
37941
72704
89940
97419
28354
54075
81040
60810
39518
111930
86523
80143
56234
54533
62631
62185
59183
41321
80187
41404
99741
44395
73537
37315
117272
89849
54254
59350
88140
58174
81309
64202
45466
14930
97716
85255
86236
95690
37371
63543
92494
78402
94809
84978
109290
102731
124486
84819
111335
97262
104547
96530
60445
94776
70693
66887
78109
42537
80309
68901
55469
101457
33660
77277
110919
32063
110557
94831
113394
71154
49547
105570
34703
112483
69970
100447
61872
100333
59505
72305
70101
72947
57345
33909
31350
99183
112482
73910
85121
39697
112937
48912
47036
107475
105575
79342
101893
111100
86995
111520
61272
28708
61154
26832
40754
85457
88923
71927
62992
68527
47309
54334
71755
78298
63009
58530
108590
99966
102264
60144
57067
58230
112062
41502
58121
82727
92376
109715
29667
93640
75714
21950
113659
102916
48908
40362
84220
58437
110450
48602
85497
61700
78155
71042
51897
28660
26148
73177
109952
105333
81209
43590
70561
71917
30184
48609
105035
63780
73548
60968
105742
76975
78977
80047
85058
31348
98662
100453
98390
110852
104991
60792
41869
108023
38167
111004
73090
95824
14195
78703
58514
48837
110645
7054
61085
72003
56527
96248
37234
91297
86047
46570
59364
86890
68196
103045
24128
53505
77213
76354
33699
31308
63705
95343
42957
92124
87606
36161
87504
77988
48747
55473
86095
30813
31643
32555
102979
97359
73751
51650
64822
84836
25842
93341
62988
90213
77028
86262
59106
60754
84656
34912
65850
78759
64449
32264
78974
102883
19420
25404
58446
58747
66265
100527
119964
56952
104164
60543
39408
46582
25990
59038
67619
46405
41400
72625
88991
112820
106759
47233
69778
80503
48018
100160
27217
101589
112728
54049
101843
110125
40832
69648
90726
75561
88825
78765
95997
110050
92298
34492
80201
84117
91305
57397
72758
91240
15525
54791
767
55071
46357
75546
40572
27790
37655
38161
83997
73760
135463
5506
52969
94705
50919
76252
101470
94968
107420
29746
111790
70984
70178
35754
70161
33442
104917
72057
79922
72102
93508
77917
65141
79246
70432
113524
84202
104116
79838
98996
50916
112496
50492
89080
78456
105882
106375
95074
57282
82046
93130
75259
96274
42188
54650
104328
98888
37945
106720
59540
50021
81221
111952
36702
72017
91043
43639
62585
107186
111817
71518
99749
59323
33855
112769
66489
43009
28780
102649
80878
45075
82955
31546
66587
102942
99911
88693
58258
94760
113365
41497
120357
104313
29820
112444
80290
113582
36088
71791
99080
92255
67512
97379
87650
110419
98009
94111
64510
42088
31023
88940
113987
23267
48763
63290
101324
103137
75769
73840
91774
102266
45757
88166
91015
73771
34173
100417
109163
114018
31375
57959
99446
63874
50393
92141
29626
33522
110407
71672
95178
91934
78087
98703
65434
57525
84279
43559
60013
62141
44741
72136
32558
151608
68204
42555
29992
53156
66089
95637
58517
35219
90057
112492
84177
42796
8475
53815
51554
58840
69478
94469
51188
104648
34536
95765
93836
56868
59666
15900
74231
60673
97547
79349
76889
90018
63492
52157
77563
68142
106712
111313
99392
76623
97822
76802
96477
109738
106676
93129
91959
4510
105971
40896
76420
92099
105092
62566
55262
97887
105608
63003
44792
112702
81232
109213
88698
20749
107016
50749
75512
78885
67438
87070
13869
56050
62545
58832
66562
67237
43309
62036
45547
60830
35552
87452
113669
109270
99731
108328
102851
38647
62175
78029
64233
105269
108347
80190
62288
92953
15882
12323
92966
84213
32792
60976
55850
84343
55011
56636
101103
9568
51647
95635
101282
39022
73673
44808
37030
93970
64428
92359
41792
21443
106417
93925
64645
97478
113482
28382
86974
94824
61781
93380
33809
63057
52754
30367
98410
64541
80944
55635
33301
35462
80704
58615
63294
41403
60494
28484
126761
65370
39976
50857
88755
99168
100088
32203
32625
55574
54043
80094
102065
46538
112950
108693
72662
80708
65967
34442
68848
109490
40357
101131
82051
69948
88491
3584
112298
29226
91311
82536
81508
39981
94192
30253
71506
47696
112672
77879
55290
55867
103319
79595
35210
55941
72364
50845
48301
90008
111378
42187
80502
93666
60735
104875
25700
72725
96947
78964
73558
54884
80271
79396
80396
53225
89397
46537
94834
113791
52156
17032
77139
77734
101318
55631
64539
89196
68902
52697
68872
67881
92254
44631
104496
88266
103508
95127
67409
93648
70553
104419
86914
32789
74975
59434
104232
93906
45283
104174
96193
64317
68318
50144
70692
109109
47641
48015
106449
41873
97842
58958
101738
99027
60918
46666
84621
38077
86576
44044
7568
31458
36303
72370
53477
60722
32664
28216
68945
67749
53147
38194
107143
36155
98354
65700
79707
82535
80410
78476
32164
113453
90216
91742
97417
55824
93582
97430
54076
56700
93347
41494
35830
80509
108129
41622
72325
56653
59330
45978
36708
107787
87156
66862
86589
34121
55881
52756
78313
54520
63998
102114
42180
78834
105031
43349
107250
57676
100154
107978
41309
58951
52962
65136
44178
54253
106555
88323
61286
103317
110234
100254
49757
90206
32235
84317
54406
73606
80144
84501
102393
109474
99548
97101
38789
57760
52993
105807
65836
23328
70239
101755
50372
43326
123175
107045
41529
61175
45947
102869
41388
40493
107945
65723
80407
36299
113725
98421
49067
39978
82575
112810
34176
49744
47185
46303
78976
31358
89019
92954
98153
102224
30467
68685
65786
104196
90867
53725
40392
68068
80603
