32676
49135
77911
98793
90561
26309
98892
76721
51157
56842
78512
96051
100948
112872
64632
79104
58786
80093
58481
100042
99050
80416
90523
85124
112689
73375
100131
34932
70954
30991
98264
41084
35447
30224
58610
94562
71547
81928
24226
87508
48867
73169
80533
88127
35438
72964
87273
66229
100752
31557
68421
41087
63221
123353
23968
46252
85927
38117
62211
58814
58507
97349
65504
78455
101367
67610
71573
108559
47853
84974
109843
97307
96249
62892
70829
80647
67406
104597
83583
110554
94926
59226
47322
100203
89129
57643
33612
32989
60481
67284
98239
93624
102835
52502
82709
31569
111181
83945
28237
102273
108446
80518
72388
101482
64046
51727
113245
93759
58705
64044
78234
84313
82972
41049
49857
60805
85249
68371
35446
53305
32107
48525
94825
49396
75258
92758
20012
96234
81605
55656
81419
18919
69244
87767
90758
94175
106397
74176
40901
73637
36090
48508
101298
52144
72760
91447
85568
25917
113401
63021
43539
50330
32059
96462
69221
136917
67078
64550
112723
42122
77973
72539
108420
81577
74978
60280
107421
50900
44479
64324
60383
42990
41490
80403
78523
47714
82742
95060
87272
36355
110523
69023
42463
53507
80263
100766
38148
83694
46380
64064
83666
24225
30600
31568
79235
73916
97442
54877
70735
103403
102430
48754
50994
57705
74761
52328
102043
67403
31293
113706
71321
60718
111606
63462
113240
88484
51608
114143
100539
59301
65969
85408
48125
84282
32790
86960
26391
44935
57644
86381
34944
19689
55809
76422
85384
105186
34877
67108
79882
17877
57604
99134
96539
91536
91503
61778
91191
36238
104220
101959
26527
108853
69395
39312
70867
68379
47348
51849
70419
85542
50683
113787
90363
91949
49606
73649
86429
101480
70924
101803
74704
81713
37383
83848
69919
103289
30088
103346
60737
100130
79521
73743
102410
61359
94207
92066
92463
98145
36894
49334
98078
67957
35673
86822
113338
44399
55249
55170
49260
73723
95674
62297
38439
50751
73815
96804
113137
109084
38022
23338
111718
109303
96516
95142
100694
107033
112456
80071
53855
82968
54809
86448
94088
154444
42337
95100
79086
74019
55873
98939
107681
104517
105909
61006
54216
73338
55721
80607
82795
104808
88685
39486
69927
112487
33446
79056
90220
32858
94379
42948
86817
67404
27656
51581
82274
63816
112970
81426
73652
61434
30384
107394
64803
80609
58009
66409
101178
88066
44753
100118
92145
26558
96537
104628
91236
97183
100813
103450
60327
48316
29453
95056
45228
51662
88019
57434
49692
89675
44698
58999
98681
109839
85546
95602
66228
82966
16722
91056
36704
42753
88683
67355
110752
103037
98889
46084
41047
69387
17664
78937
38773
77865
97433
113133
103023
105184
70869
65358
111137
99436
83336
28617
93613
98693
111345
101960
111400
78508
75549
88471
56486
97363
87973
109509
57846
78182
46981
44369
109283
35051
28997
56421
110577
97898
33305
59149
89257
67022
95267
108274
64534
88586
67343
36825
107651
38868
32860
32686
56095
78819
66331
94172
66236
31889
35953
103761
71992
26576
77106
30080
73527
100314
84097
55514
110917
72916
61436
84446
107869
107910
86862
49142
80243
107247
136314
35440
98144
58027
65996
106633
77921
75457
101368
33711
85944
37326
27826
39726
57538
111823
93830
36929
75766
83033
33606
56018
64515
110186
99437
41085
58242
39393
105671
87463
57578
77809
74847
103063
89623
93994
69134
36423
110273
65914
112828
102255
92547
68458
42879
52794
49137
42921
114048
49611
75469
90381
99798
75118
107955
110054
46448
88411
89429
55621
66227
69396
28520
50488
99572
68849
64280
49166
93908
113863
33376
32160
52123
83917
103024
44591
78098
108488
43206
81960
88927
83530
113123
60079
111714
108145
90615
36836
88134
29706
95104
101957
103035
88639
76860
35640
76125
99906
82904
107789
50169
92837
71320
51229
46514
33372
75203
79433
76103
70879
41033
66472
71660
111499
93758
75643
73894
81254
35449
102794
101413
76428
87830
37702
81576
92552
112129
103983
78192
42984
111404
65367
67242
47710
113278
60046
48328
78708
70515
33795
83699
113072
106341
76247
106665
113838
105369
100950
76913
49108
112195
107334
33969
36395
99045
85879
50173
60347
82969
41340
73832
104395
103223
99853
112895
100468
51734
92025
71985
33438
38672
60577
33208
70676
62483
68860
103484
79128
110381
63107
35445
82852
46917
61877
95668
76753
60254
109516
39837
85317
77019
61065
111918
106918
62588
104760
84211
85361
104627
100572
28059
112971
100379
61110
102958
73740
79030
19294
39551
80062
62444
70835
35612
39373
104247
107208
74370
94219
91180
74244
77987
73354
31575
53442
57730
36978
102207
41623
72842
87761
45619
53552
73166
71082
78818
31030
80712
29495
91444
103839
98235
88313
83577
60235
76254
72335
45254
71450
43794
31390
27611
29729
78107
59494
58035
85403
59140
111085
59169
92537
90921
28616
77127
105344
85406
46030
82910
38998
83421
60398
48011
55547
54018
73085
97413
37763
91588
80564
33210
84284
79223
100307
51775
85227
109992
76638
76706
93395
27002
47278
85248
96525
78965
56353
21844
42787
70768
46155
60862
109534
109343
46809
41587
110147
36417
19296
57642
67359
106211
105668
82801
57647
62270
27127
113883
76710
113142
69610
64885
85957
80838
54370
45175
66039
79937
97149
84524
2988
45051
65505
89258
108748
103165
88699
36900
103242
80784
101870
41424
47325
39581
48528
80264
10525
90530
37375
56438
34372
61448
28998
86337
60307
69123
102787
43072
42024
20956
46991
74995
47318
101512
42861
26526
44368
62991
57839
37475
52590
53256
35137
70738
109965
97398
100283
112686
56683
86383
98396
109975
377
70760
60416
86224
19295
31791
36358
18022
72134
66686
111829
114114
103719
87795
113467
63519
95718
53672
39081
54936
92100
62589
88814
79195
66098
72634
82697
41069
99497
44133
49170
54439
111026
106978
61433
91032
97242
76433
49620
47766
103296
110874
