50292
86281
87188
25775
113071
89937
51648
107552
49288
41118
39485
113516
33122
61173
38151
53431
91425
85714
92832
98325
77105
56687
84788
87388
112730
88200
69930
78390
61816
86246
64549
92710
98846
92169
85163
45286
73650
65864
94987
62188
29984
67640
75014
64535
101492
46706
67647
69386
78969
107601
75764
54998
98934
106824
93206
45688
109600
54096
86537
74884
65182
62121
85045
27784
108810
104082
98184
113648
46063
45946
82675
34896
92102
96235
95014
104484
23230
88645
54757
82005
100763
107988
79119
57128
88525
108132
35386
54606
101050
56156
36798
74161
32734
61702
43362
42971
84111
64134
113999
62731
70521
82540
99887
95794
54431
67169
33129
58296
99967
54438
104204
27921
107272
84510
58188
61363
29846
44583
98217
113654
72316
51542
59420
102308
66193
70859
64906
58464
107251
110442
84382
99702
54790
53971
41872
111225
49154
40160
99185
49415
78299
110708
101490
99908
71604
58407
50774
29318
44269
96903
45287
81333
93573
110413
35071
68485
20224
45078
37595
136073
56509
61752
108004
68850
73956
62719
110387
99763
86555
101203
84278
98623
55298
98142
71006
68441
109293
40567
79079
61326
65779
99093
40997
70786
31336
31457
93905
6455
100807
84913
114482
31104
86764
78291
46945
32033
103438
94361
75296
94442
76811
39718
88788
100486
100612
66650
65472
105343
109175
94410
26611
87604
66543
80984
65192
77880
68445
97929
106986
51268
33688
67634
31656
68141
36824
40727
56412
80776
77148
37017
111981
65471
28567
51125
79494
59807
27404
90373
106920
61432
97473
78003
41736
58510
81335
77041
42147
33174
110897
83548
71504
106189
83461
87742
60694
113276
61211
76005
61973
90577
45476
100521
66306
45179
78533
70267
72704
89940
28354
54075
39518
56234
62631
62185
41321
41404
37315
117272
58174
81309
64202
97716
85255
37371
63543
92494
102731
84819
96530
70693
42537
110557
94831
113394
34703
69970
100447
57345
99183
73910
85121
48912
105575
79342
86995
40754
85457
88923
62992
63009
58530
108590
99966
112062
41502
109715
102916
48908
58437
71042
28660
26148
105333
81209
43590
70561
63780
105742
85058
98662
104991
41869
38167
111004
95824
58514
48837
110645
7054
72003
96248
37234
103045
53505
33699
31308
63705
87504
77988
48747
97359
73751
84836
90213
59106
65850
78974
25404
58446
58747
60543
39408
46582
59038
72625
88991
106759
69778
80503
48018
110125
40832
90726
110050
80201
72758
38161
73760
5506
76252
94968
70984
72057
93508
65141
79246
84202
104116
50492
105882
75259
96274
104328
106720
81221
111952
36702
72017
91043
43639
62585
59323
45075
82955
58258
41497
120357
71791
92255
64510
42088
88940
23267
48763
103137
88166
91015
34173
100417
114018
63874
98703
29992
66089
112492
84177
42796
53815
69478
94469
104648
79349
106712
76623
91959
105971
40896
76420
92099
105092
62566
97887
63003
112702
81232
67438
56050
62545
66562
67237
45547
60830
113669
102851
38647
64233
80190
92953
32792
55850
84343
56636
95635
101282
73673
37030
21443
93925
64645
94824
61781
93380
33809
63057
98410
35462
63294
60494
88755
100088
32203
54043
102065
72662
65967
68848
109490
69948
81508
47696
55290
35210
48301
90008
25700
72725
54884
80271
46537
94834
101318
64539
52697
44631
86914
59434
93906
45283
96193
64317
50144
99027
60918
84621
38077
44044
36303
68945
53147
38194
107143
36155
65700
82535
78476
32164
97417
55824
54076
108129
45978
107787
55881
105031
107250
100154
107978
52962
65136
44178
106555
61286
110234
90206
84317
97101
52993
65836
23328
70239
101755
50372
43326
107045
45947
41388
107945
102224
65786
