43369
80668
49181
46847
108126
59116
58723
84209
54400
96800
45537
75533
104623
55120
106976
71455
110611
55359
77224
92828
41387
41499
38155
81784
110004
106210
82380
93918
34122
33369
78642
68026
58504
36946
57371
112192
54246
67058
34400
48024
48647
110886
93171
64205
77627
82223
87004
105125
76036
106670
56719
84729
51875
62793
57354
100821
50396
93773
91059
87727
72365
49172
84432
91171
100583
90792
98757
29629
109067
59781
77640
40069
62818
50256
66212
47894
62008
79989
50404
56617
62429
112657
53308
64390
71034
26260
30797
89805
66218
94947
80780
104105
73957
75757
45842
92958
83718
108768
79146
55437
79315
69345
52608
30400
103458
90718
86825
88353
81811
111497
80026
59412
35528
38177
61279
114126
75825
111603
56741
54788
49851
32624
44036
50143
81641
112309
107288
87536
60309
85863
51722
74152
87270
38085
93402
103144
49227
96223
71587
75569
100983
40795
52838
93652
100418
44215
100309
76688
36956
89083
104048
39895
38894
45936
85531
36071
88071
50003
78816
41336
37385
31726
109845
44752
65821
89417
49330
106556
36924
35251
44312
31992
107872
112834
104724
59450
86523
59183
80187
44395
89849
59350
104547
80309
33660
77277
32063
49547
105570
70101
72947
112482
39697
112937
47036
61272
61154
68527
54334
71755
58121
82727
40362
84220
110450
48602
61700
73177
48609
76975
80047
100453
98390
73090
78703
56527
91297
86890
76354
95343
55473
86095
30813
102979
93341
62988
86262
60754
34912
78759
104164
46405
41400
100160
112728
69648
75561
34492
84117
91240
55071
75546
40572
37655
52969
50919
101470
107420
29746
70178
33442
77917
113524
79838
50916
78456
95074
57282
54650
59540
50021
111817
33855
112769
66587
99911
113365
104313
29820
112444
80290
97379
87650
94111
31023
101324
75769
73840
102266
45757
99446
50393
110407
91934
78087
43559
62141
68204
42555
53156
34536
95765
93836
56868
60673
97547
76889
63492
99392
97822
96477
109738
105608
44792
88698
107016
50749
75512
87452
109270
99731
62175
92966
101103
51647
41792
97478
86974
64541
80944
55635
58615
41403
65370
50857
99168
32625
80094
108693
40357
88491
91311
82536
71506
112672
77879
111378
80502
60735
78964
73558
80396
89397
67881
88266
95127
67409
104419
104232
104174
48015
41873
46666
31458
53477
32664
98354
97430
56700
93347
41494
35830
41622
59330
36708
87156
86589
73606
102393
109474
38789
57760
105807
61175
102869
40493
80407
36299
112810
34176
46303
89019
92954
98153
53725
40392
80603
