29295
104504
80703
107219
103861
79689
30650
80706
78108
112282
87730
30393
51671
86276
76102
54217
73962
107868
98439
48438
96575
82796
61977
85151
107575
40363
84004
36980
113520
77686
112938
111791
95772
54557
82429
46834
105250
72841
96952
41795
34999
53945
113831
72923
105151
77141
98258
69569
58881
30561
105639
70423
81024
86991
37490
46673
105272
77407
24587
83575
102894
97897
93964
51036
54768
81679
56504
33793
109597
112174
78661
113534
42798
71980
100981
78524
61574
45756
81213
77158
87386
110337
79982
62000
31657
113969
90521
41821
46182
56718
59299
98961
59693
113955
93859
92068
101765
103145
67387
62041
77789
40533
89737
78734
84505
89685
60378
47893
52322
89384
44234
82275
62791
71389
70759
53595
104726
86024
102228
100205
34930
61178
57749
55330
34712
30268
104612
86816
86654
93757
54094
41204
31346
66238
102889
78883
31823
94570
77009
98050
98667
31888
70032
108893
57580
47445
79345
83043
93551
108068
113400
87696
32926
87014
69470
79431
44543
92835
78773
111822
91515
30809
33512
83561
107524
73268
