77396
52742
32097
29504
102350
95246
82186
29268
43226
808
55511
73421
61743
68179
85054
112090
84276
30779
82967
94902
46957
50207
45328
77849
65539
55846
75666
97816
103066
71782
82467
66729
40851
92525
47769
96445
39628
83067
27049
95289
73041
85011
98694
48690
71916
94329
70411
107055
76608
30237
37556
48380
110313
112650
97992
97205
89994
74993
107641
82352
99400
91754
86380
49837
83399
96441
57894
47549
108879
52830
112302
29428
50674
70555
56955
29702
87968
103171
104695
51794
44761
67900
92096
50658
73852
68267
50686
91984
14781
107366
75355
69984
45077
71815
38089
79237
46184
58144
78211
63644
101319
94006
46388
119138
97866
50985
93158
104854
71785
70305
59867
37580
36479
77121
102512
105274
78357
96671
69835
35299
93938
90845
68620
35304
64164
94359
76537
59894
81612
74833
79042
90283
64321
28458
75061
67746
74699
96143
82597
107866
12003
70009
34969
78613
110095
112130
23820
75982
103212
33214
56594
58359
59554
53393
61798
90564
106800
55743
87746
100542
45102
83339
80266
33216
48041
50217
87749
106378
110580
72794
28527
104895
96608
98733
67114
59086
76584
104844
75190
102696
104173
75243
52508
86463
59696
96438
81410
66334
46594
58417
93376
61661
68522
80064
60537
7380
100712
44132
33406
108002
90113
40681
112665
96184
82175
23988
101614
71327
37209
55176
59396
108712
110056
104152
39447
35977
92441
32731
53397
80772
44952
62770
39932
106346
62842
67454
119584
83220
85856
36186
87036
32436
58754
111705
93780
41250
79910
99329
102019
54467
52510
106398
51529
95058
77162
43311
58415
55187
111264
70349
112478
110560
45709
113575
110489
71816
34938
29955
57226
64413
76530
96000
38306
88867
53598
82610
34026
78060
38863
22874
109148
104600
86123
101597
73046
52837
32291
59747
110109
69013
114011
104542
91638
65857
104400
35054
79204
88879
59838
86715
63940
55068
97164
113623
68236
113045
69306
88886
42878
77222
91380
47667
34520
101030
96429
33219
106249
95686
43876
105890
34941
56889
46599
58605
92829
70628
111773
53812
71197
105711
33674
98647
97313
107647
46501
35996
92514
58806
82775
36223
64453
86703
33992
43126
66661
28528
62284
81425
79068
85256
67184
100039
33508
106672
62757
57714
91777
91655
90995
104624
93751
83386
78139
82011
70590
87061
104858
89532
73070
74328
101305
53544
110363
57057
54247
69226
62946
26975
101969
45316
91060
51301
29431
101678
92912
62982
39886
94209
64728
38605
32543
91259
7379
113136
51502
109637
90039
46771
64572
111289
32292
84504
32744
77861
54260
42295
102353
113978
35132
46789
113667
42684
41086
45161
36211
38220
53179
63282
96409
106928
33758
105307
50523
106668
37790
84787
60462
66894
96196
61431
37836
108665
101581
56108
32842
96440
76908
106494
99275
113796
105315
62420
93219
32539
86563
105989
57893
53874
87148
56286
87620
82627
85896
41944
55149
77442
62616
86606
87998
56901
107638
63459
89829
86916
86652
60770
70398
45874
102951
91586
54479
97691
40803
32494
75493
93662
96334
32330
66310
50365
93097
31769
83085
74483
86531
101811
40269
84287
61825
87305
60381
62072
80851
73902
92273
33366
91607
61332
108695
76941
40314
109080
104231
65852
113399
108531
74186
82325
83022
49593
103180
107217
51845
18518
45197
112716
47044
28895
41053
46015
88684
78316
79831
22255
46038
112289
43282
90555
74951
110646
50522
111870
92211
44526
102305
55741
31502
113517
67405
109143
64969
84309
49323
102532
90114
31140
111278
81101
68361
105809
53306
53409
37428
52506
53501
75308
109762
89830
47885
89426
74150
46607
49875
110918
22507
74705
86015
61298
44936
78090
57891
113349
75841
69145
60484
68803
107657
43581
91845
52994
100278
47199
91478
105509
61777
37641
75515
52503
66999
113241
66415
102213
88630
106886
35819
74237
68738
55435
146799
73684
98375
71111
93214
92349
17672
97637
61327
58351
113600
66206
77944
103172
68853
52509
49609
32796
112658
78690
67706
106005
40936
55115
112194
91093
62454
44785
105568
98842
100637
47194
74925
58471
46967
107784
51697
94725
41756
108839
111874
41950
78356
32347
96766
81150
96926
49378
78718
98678
106354
78535
103128
49819
80822
61898
79735
52594
82324
68137
102822
59866
99822
802
79442
95197
90022
112962
57196
110057
61404
61863
8013
59304
112197
89471
43546
97179
39852
109046
88612
39013
86244
54404
67672
111712
37741
107916
58977
96970
83446
81892
77098
37050
47488
64713
57431
93592
88989
79386
57868
108852
60522
55735
50022
75273
30866
90659
87772
28258
83180
88439
104047
86813
62032
99570
65702
101274
63523
108579
58241
32743
64640
42408
97636
78272
80555
93099
111381
78138
77864
83255
28434
50716
99058
79702
38664
89055
90082
66880
100202
55670
107516
93098
71116
80386
96331
97100
69953
101084
90657
114019
93715
76794
99556
47981
33071
86125
104896
82482
103697
101906
89545
39790
108699
29413
62071
107743
35972
56381
113592
99019
35736
58515
59650
36121
52823
91383
92495
109204
92272
108942
61984
100522
77816
50876
47482
58420
54543
60979
60008
44674
71462
55111
59155
92209
