52742
82186
55511
45328
92525
95289
85011
71916
107641
82352
91754
108879
70555
73852
107366
69984
38089
104854
70305
59867
35299
64164
94359
64321
75061
78613
110095
23820
103212
110580
59086
102696
81410
90113
40681
96184
108712
80772
62842
32436
79910
54467
77162
70349
71816
76530
53598
22874
73046
35054
55068
106249
43876
105890
56889
46599
70628
33674
97313
46501
92514
66661
57714
90995
82011
104858
73070
101305
62946
101678
38605
32543
91259
51502
64572
35132
42684
50523
37836
76908
113796
85896
55149
107638
50365
61825
73902
61332
113399
112716
47044
79831
49875
86015
61298
78090
106886
113600
68853
91093
47194
51697
111874
80822
99822
79442
59304
112197
43546
97179
83446
28258
101274
108579
78272
80555
28434
101906
107743
35736
36121
52823
77816
50876
55111
