57496
39023
52546
59797
6803
96271
41918
51643
60006
97404
105876
39477
44581
88139
94003
100364
77564
39072
32451
7311
64695
77565
77195
77821
82123
86823
26693
111821
103354
107962
60827
47066
72438
90379
88370
1431
42179
90086
103478
77669
30675
79524
47303
24266
28219
85629
17363
25620
95308
110474
104448
86878
106238
69591
106429
41904
60947
100238
100114
67506
47609
78203
82912
78973
99842
91365
53404
106032
62754
42215
38178
36053
108867
45838
95167
44590
36720
33207
90756
74408
73614
69752
50964
73619
101761
103374
80346
75016
89795
70077
51027
92817
37434
45148
30993
113601
54110
41624
54532
64857
101552
52700
30220
99266
110689
57070
40518
61815
88312
19343
104258
79859
112133
42512
34735
70516
81037
47145
72123
56669
56320
57077
57495
40583
28366
112770
56104
104871
102473
49877
89936
44264
113932
104205
98564
84365
80918
37323
97830
88526
57473
98299
38082
97592
59890
112367
33786
67076
72324
113793
66160
30076
108327
55474
65719
62440
87196
97618
59553
78474
88592
46646
102955
77429
78005
64238
83642
104866
63086
71919
37486
53618
38146
76751
43715
72953
81718
79848
50431
13891
87686
84244
59584
33738
45870
61600
97245
97844
32093
111467
55294
81877
88658
70368
97927
41718
108766
77689
90208
57435
87907
41836
108289
27246
60730
104906
61039
64578
86524
33178
38847
109909
34007
86550
102306
90068
46018
99092
107122
101018
61082
64601
69568
82228
32992
74174
58854
42756
38086
85811
44899
106532
63654
52070
90227
96347
69604
109323
107564
79189
23599
54995
103133
106495
32106
70018
30938
91187
91924
91568
93010
72509
81698
85231
93275
56191
81030
62352
65975
42089
77736
65887
37364
89727
94711
67804
91594
