87236
32676
42069
71963
49135
77911
90427
67453
98793
111741
80988
74653
104732
90561
26309
98892
59810
76721
51157
56842
78512
96051
113640
41535
100948
112872
64632
79104
46686
82564
58786
80093
81137
58481
100042
99050
53124
58138
80416
36477
52603
102297
90523
60270
36624
72570
75987
85124
112689
73375
100131
34932
56546
70954
103331
30991
87216
98264
41084
35447
109964
30224
103430
58610
94844
62084
94562
52584
72233
83364
79217
69617
71547
81928
24226
87508
109118
41044
48867
73169
52682
96887
80533
37299
88127
104592
35438
72964
64222
87273
67131
66229
100752
31557
76041
68421
95955
41087
144325
30992
63221
123353
23968
46252
85927
57718
38117
62211
58814
68095
58507
97349
41803
85729
65504
83652
90235
78455
101367
67610
93548
71573
109572
102816
31642
108559
47853
32668
98261
84974
109843
95141
107049
97307
96249
27906
62892
59879
79894
107873
66744
72454
70829
40757
69775
85600
80647
55118
62864
67406
66473
104597
73294
83583
110554
94926
26574
59226
47322
100203
80773
30944
33704
61873
89129
57643
83647
94112
33612
105193
63739
32989
49386
60481
67284
51639
91963
98239
93624
102835
95012
9993
52502
77417
69639
100252
82709
76779
31569
111181
80793
30203
75178
78581
83945
28237
102273
108446
80518
72388
59138
101482
81027
34304
107857
64046
28391
81706
92886
51727
113245
93759
83189
58705
64044
78234
84313
63001
64299
82972
68629
41049
74465
49857
60805
106559
100782
98297
73221
85249
68371
77027
35446
53305
105506
112721
32107
52027
27483
48525
94825
77608
49396
75258
92758
91443
88347
47249
20012
96234
86471
75854
81605
55656
81419
18919
91971
69244
87767
84203
78532
90758
94175
106397
31414
77733
39624
74176
48704
98762
66770
102662
40901
105973
73637
77154
113515
41482
36090
48508
71122
101298
52144
42813
57510
72760
91447
73124
85568
69372
88585
25917
107215
96747
64184
50432
53112
113401
32751
63021
60310
43539
107354
50330
32059
96462
90691
69221
106588
136917
67078
64550
58982
112723
42122
59626
77973
72539
108420
64051
106281
81577
107703
44799
74978
54844
60280
80205
107421
30941
50900
84205
44479
90323
98702
76339
64324
45593
67715
24160
87406
30558
105708
65517
82612
83891
98624
60383
42990
41490
76066
80403
85210
78523
47714
82876
27149
96399
82742
47153
95060
87272
36355
110523
44231
74907
69023
42463
53507
84933
80263
98599
100766
38148
111785
45152
83694
42711
94783
67074
84107
50690
46380
64064
84201
83666
37433
67767
82814
24225
62703
41599
58300
30600
31568
57437
79235
73916
97442
77378
49830
111961
54877
76633
112813
70735
103403
102430
74830
48754
105472
113746
50994
54460
67311
48225
57705
75697
60831
79462
29676
74761
76378
105815
52328
108990
102043
67403
52129
107457
31293
111498
113706
71321
111122
60718
111606
107822
95779
63462
34673
94901
64638
113240
57213
82551
88484
51608
114143
88460
100539
72669
73540
110923
59301
33862
52099
65969
85408
85612
41343
48125
84282
106002
52525
32790
86960
91669
26391
44935
57644
86381
68721
34944
83156
19689
55809
90993
61837
76422
97793
87842
85384
49341
105186
26570
37109
79993
34877
34050
67108
72303
24845
88478
83901
88650
79882
87941
53594
17877
30947
88219
78677
16556
61531
57604
57347
99134
96539
91536
113215
91503
24781
61778
91191
36238
22559
104220
84026
101959
26527
83965
108853
93678
45083
69395
39312
26310
82690
70867
47802
68379
77536
47348
29363
51849
70419
85542
50683
113787
90363
45711
104367
91949
49606
32083
73649
86429
70727
104070
71230
101480
70924
101803
74704
100163
81713
37383
36796
41865
99142
90054
83848
69919
103289
30088
103346
99030
99484
60737
100130
79521
77754
106466
73743
95895
102410
83480
109512
61359
94207
89082
92066
113845
52601
92463
44256
56098
57663
98145
36894
45308
34038
106114
107308
85184
70868
107614
49334
98078
95865
91142
67957
35673
96404
86822
44130
113338
44399
70054
112441
63677
55249
55170
79310
63091
88816
49260
89850
73723
13295
95674
73843
78487
30683
60212
27627
9022
62297
8856
9552
61158
38439
113503
50751
103496
73815
96804
113137
92022
36699
109084
67375
44413
38022
83427
23338
111718
109303
96516
95142
100694
72319
53639
107033
112456
106677
80071
81970
40074
53855
82968
45557
54809
73798
100618
39572
84506
86448
79994
94088
154444
42826
97591
84310
90549
42337
108651
45470
50614
95100
104672
114477
88767
87135
55391
79086
74019
47647
55873
98939
57205
107681
54097
36897
104517
105909
61006
53155
54216
99878
105443
73338
43762
47494
55721
60568
85458
66675
80607
65721
82795
137950
104808
88685
39486
60692
69927
74156
98620
45988
112487
33446
79056
90220
32858
94379
93967
42948
86817
67404
27656
51581
113522
82274
63816
112970
81426
43361
103446
73652
61434
30384
107394
64803
64621
102059
94921
108542
83559
94535
80609
58009
96914
66409
41352
101178
88066
74690
44753
100118
47091
77914
32413
64835
113637
92145
111365
71626
26558
96537
106861
104628
97461
91236
67960
29747
58447
70373
97183
100813
105697
92440
90315
103450
47934
85745
60327
48316
29453
95056
45228
51662
56473
43204
88019
57434
49692
89675
44698
58999
98681
57465
109839
79105
85546
38251
50145
95602
90402
59403
66228
33597
82966
90197
16722
65665
91056
36704
42753
88167
57790
37004
94823
86953
88683
67705
112433
105833
77676
67355
42556
40753
28235
110752
90166
46300
103037
98889
27397
60165
46084
71211
57911
68875
77353
94769
41047
70322
110647
69387
58822
108386
108179
17664
58768
153248
99873
77713
78937
46645
103840
38773
55026
77865
108134
97433
33234
113133
69596
103023
86211
105184
70869
50831
65358
26801
65508
75755
108130
92295
111137
99436
83336
60752
112321
47299
47376
36021
28617
93613
98693
111345
58235
81517
101960
67870
28860
111400
78508
75549
71456
104031
72391
88471
56486
97363
87973
100257
86609
109509
100387
57846
86741
78789
78182
38528
46981
44369
109283
62097
60300
68092
47597
35058
56783
108037
110804
35051
85938
82015
34225
28997
56421
62299
89091
110577
34112
97898
33305
44933
38218
62392
59149
89257
67022
39271
80374
38534
95267
108274
72756
86147
91864
64534
88586
42657
67343
36825
107651
71448
38868
78257
63728
32860
32686
56095
112076
78819
52643
90329
66331
35411
94172
66236
31889
101824
86085
31435
35953
45288
103761
59023
71992
86713
26576
78057
77106
92243
105277
46053
30080
51602
59361
73527
100314
84097
50966
55514
89724
110917
72916
61436
59024
110956
73589
38727
106551
84446
107869
107910
86862
49142
80243
66014
67393
62428
80209
107247
136314
35440
79432
98144
58027
65996
34858
106633
77921
75457
101368
30859
55059
75206
82350
33711
85944
85370
37326
31433
74739
44034
70202
27826
39726
57538
111823
29559
90199
93830
36929
75766
83033
33606
56018
64515
110186
99437
104501
71567
50444
41085
41548
80786
88775
77014
58242
113468
39393
105671
44014
87463
57578
77809
72582
74847
103063
84165
84938
83903
89623
67441
63357
66034
93994
69134
36423
91388
92728
54555
110273
65914
112828
44294
102255
54628
79388
92547
68458
42879
52794
49137
107949
42921
106099
114048
49611
75469
90381
99798
75118
107955
110054
72005
46448
88411
103538
89429
51638
72645
93552
55621
66227
37706
52545
41394
77312
69396
63871
28520
50488
99572
68849
89142
41218
47228
78757
64280
55418
105737
109924
101277
45136
45787
54019
49166
84108
93908
113863
33376
129657
42992
101825
53733
32160
52123
83917
84576
101062
103024
80481
60396
44591
78098
108488
43206
86061
24224
81960
88927
83530
113123
60079
111714
108145
90615
109983
36836
88134
95008
29706
95104
101957
103035
105692
88639
76860
35640
102840
76125
71205
30943
99906
111719
82904
107789
64162
35408
85885
50169
89378
94559
92837
101278
71320
51229
106411
46514
34163
33372
43615
93547
75203
79433
76103
70879
41033
66472
71660
111499
62212
93758
36335
102375
64902
75643
80578
69124
73894
81254
35449
102794
69751
101588
38839
90176
109890
108645
52540
101413
76428
87830
37702
108391
32306
81576
112765
48626
111031
69298
92552
112129
76423
103983
48564
79632
68014
78192
45846
94850
54382
105745
33249
42984
111947
111404
65367
106797
67242
77649
97469
47710
110555
113278
62385
60046
44540
48328
78708
78788
62698
110939
43468
101258
61067
85078
110691
101526
70515
38844
72861
86809
112692
33795
58585
70015
60992
53174
83699
113072
106341
76247
106665
43558
105482
113838
105369
100337
64434
99601
88987
44466
101700
77266
28607
67809
76543
71474
100950
93451
77798
76913
98486
74374
49108
112195
50318
107334
33969
137743
36395
99045
34650
75598
85879
66790
50173
102809
86458
83734
66361
63271
60347
82969
105463
75422
109733
55119
69585
58069
41340
73832
60615
104395
61838
109569
106325
103223
82155
67171
50222
99853
112895
100468
51734
92025
71985
73907
112151
33438
38672
113797
91739
60577
39236
84862
86562
33208
39372
70676
62483
81329
68860
28859
103484
100675
47487
79128
110381
32938
63107
27282
35445
52028
49069
132310
82852
57168
46917
34305
61877
95668
30948
81895
82674
76753
60254
85020
109516
86309
57614
29727
113407
39837
64575
85317
56672
75208
77019
78803
38871
33657
83245
61065
98580
54315
111918
106918
62588
104760
64440
68859
84211
85361
104627
100572
83682
28059
112971
60903
100379
102623
28849
61110
97000
58405
102958
76783
73740
60654
47306
79030
19294
68625
39551
79878
80062
106426
66248
62444
70835
35612
39373
104247
107208
62721
78525
41601
37755
61128
74370
94219
56206
88751
42338
91180
74244
112493
77987
88529
62325
39020
73354
51637
31575
53442
57730
36978
102207
35655
41623
72842
53136
85876
52232
87761
45619
86088
45687
30078
53552
73166
71082
101433
78818
65787
31030
80771
80712
29495
84851
91444
33221
103839
97206
98235
88313
43115
32443
83577
60235
66152
76254
111627
97068
72335
54518
109014
45254
102446
84210
71450
43794
86544
31390
84039
27611
98083
29729
80311
43674
99561
52411
78107
34051
91218
59494
72504
58035
85403
59140
111085
98337
55715
59169
44973
62311
70445
92537
90921
29269
101228
45241
28616
94007
77127
81186
105344
113820
69581
85406
46030
33003
82910
38998
47919
42460
83421
68225
60398
48011
55547
54018
73085
97413
37763
112453
69388
12516
91588
49532
80564
36700
33210
84284
66086
79223
100307
98425
99644
51775
85227
109992
78710
111758
116691
76638
33375
76706
93395
58545
84723
101621
109851
27002
47278
108461
85248
96525
78965
56353
21844
42787
78287
70768
25605
46155
60862
66079
109534
76380
76583
109343
46809
41587
36304
109456
110147
24925
85048
36417
90745
48826
142535
55550
62115
19296
57642
54035
67359
57446
106211
9191
109429
73803
97791
98714
80025
105668
82801
57647
36623
69813
62270
27127
91807
92369
113883
76710
113142
69610
64885
68847
47966
108680
60409
45167
88223
40117
85957
51733
97454
71353
69653
86932
54103
80838
100685
107355
81502
99757
54370
108615
93833
45175
66039
38774
79937
97149
100461
84524
2988
112556
72960
2180
107410
34339
45051
96217
90189
47834
65505
89258
108748
70925
103165
88699
88137
36900
95800
58239
103242
89803
55439
65679
35921
79008
100226
80784
78682
101870
41424
54362
51836
95032
83733
51308
47325
39581
59173
73789
48528
107333
93524
80264
69344
86166
71114
10525
90530
37375
56438
39034
34372
61448
69295
28998
97514
60804
86337
105862
60307
69123
90045
102787
47915
88757
107028
32091
43072
42024
59621
20956
61605
46991
74995
47318
80775
51642
101512
42861
81407
26526
79985
66148
42249
109829
81993
44368
92245
103469
70842
57977
62991
36269
57839
28455
37475
96387
52590
61580
53256
35137
70738
109965
97398
100283
112686
56683
86999
95774
1832
86383
98396
93880
109975
24902
45074
18423
377
70760
60416
80105
86224
19295
34371
82691
65759
77500
103258
73909
37020
31791
45993
36358
80869
73702
77979
96384
18022
72134
51876
86255
69692
66686
111829
45026
43941
101613
114114
34680
84857
43556
29821
36478
52536
38348
16590
36175
64379
103719
87795
113467
82939
106379
63519
95718
73542
42365
94151
53672
39081
113052
30792
54936
92100
93995
49335
62589
88814
75080
34151
51022
79195
64468
41536
66098
72634
94288
54213
82697
99435
46391
41069
99667
99497
53247
30386
44133
49170
54439
41262
111026
32968
106978
61433
91032
97242
104679
46585
76433
49620
47766
103296
110874
48518
