77396
29504
95246
43226
808
73421
61743
84276
30779
94902
46957
50207
65539
55846
75666
103066
71782
66729
39628
83067
94329
70411
107055
76608
37556
97992
99400
86380
83399
47549
112302
56955
87968
103171
51794
44761
67900
50658
68267
14781
75355
45077
71815
46184
63644
46388
119138
97866
50985
37580
77121
102512
105274
78357
93938
68620
59894
28458
74699
96143
12003
70009
112130
75982
33214
56594
59554
53393
90564
55743
45102
48041
87749
106378
72794
28527
96608
98733
67114
76584
104844
104173
52508
46594
58417
93376
61661
68522
80064
60537
100712
44132
108002
112665
23988
101614
71327
55176
110056
104152
92441
32731
53397
44952
119584
85856
87036
93780
99329
102019
52510
106398
51529
43311
58415
111264
112478
45709
110489
34938
29955
57226
96000
38306
82610
34026
78060
38863
109148
52837
32291
114011
104542
91638
104400
79204
88879
59838
86715
97164
113623
68236
69306
88886
42878
77222
91380
34520
101030
33219
95686
58605
92829
111773
53812
71197
105711
107647
58806
82775
36223
64453
33992
43126
28528
79068
85256
67184
33508
106672
62757
91655
104624
93751
83386
78139
70590
87061
89532
74328
110363
57057
69226
26975
101969
45316
91060
51301
62982
94209
64728
109637
90039
46771
32292
84504
32744
54260
42295
102353
113978
113667
36211
96409
105307
37790
84787
108665
101581
56108
32842
106494
105315
62420
93219
57893
53874
87620
41944
77442
86606
87998
63459
60770
70398
45874
102951
91586
54479
97691
40803
75493
32330
93097
31769
83085
101811
40269
84287
87305
60381
62072
80851
92273
91607
108695
76941
65852
108531
82325
83022
107217
45197
28895
41053
46015
43282
90555
50522
55741
31502
113517
109143
49323
102532
31140
81101
68361
53306
53409
52506
53501
89830
47885
89426
74150
22507
44936
57891
60484
68803
91845
52994
47199
105509
61777
37641
75515
52503
66999
113241
102213
74237
68738
146799
98375
93214
17672
58351
77944
103172
52509
112658
106005
40936
55115
112194
62454
105568
98842
100637
74925
58471
94725
41756
108839
41950
78356
32347
96766
81150
96926
49378
78718
78535
103128
49819
82324
59866
802
95197
110057
8013
89471
39852
109046
39013
67672
37741
107916
81892
57431
88989
60522
55735
50022
75273
87772
83180
86813
62032
65702
32743
64640
42408
93099
78138
77864
50716
99058
79702
90082
66880
100202
55670
93098
80386
90657
114019
93715
76794
47981
104896
89545
39790
108699
62071
113592
58515
91383
92495
109204
92272
108942
47482
58420
60979
60008
71462
59155
92209
