87236
42069
71963
90427
67453
111741
80988
74653
104732
59810
113640
41535
46686
82564
81137
53124
58138
36477
52603
102297
60270
36624
72570
75987
56546
103331
87216
109964
103430
94844
62084
52584
72233
83364
79217
69617
109118
41044
52682
96887
37299
104592
64222
67131
76041
95955
144325
30992
57718
68095
41803
85729
83652
90235
93548
109572
102816
31642
32668
98261
95141
107049
27906
59879
79894
107873
66744
72454
40757
69775
85600
55118
62864
66473
73294
26574
80773
30944
33704
61873
83647
94112
105193
63739
49386
51639
91963
95012
9993
77417
69639
100252
76779
80793
30203
75178
78581
59138
81027
34304
107857
28391
81706
92886
83189
63001
64299
68629
74465
106559
100782
98297
73221
77027
105506
112721
52027
27483
77608
91443
88347
47249
86471
75854
91971
84203
78532
31414
77733
39624
48704
98762
66770
102662
105973
77154
113515
41482
71122
42813
57510
73124
69372
88585
107215
96747
64184
50432
53112
32751
60310
107354
90691
106588
58982
59626
64051
106281
107703
44799
54844
80205
30941
84205
90323
98702
76339
45593
67715
24160
87406
30558
105708
65517
82612
83891
98624
76066
85210
82876
27149
96399
47153
44231
74907
84933
98599
111785
45152
42711
94783
67074
84107
50690
84201
37433
67767
82814
62703
41599
58300
57437
77378
49830
111961
76633
112813
74830
105472
113746
54460
67311
48225
75697
60831
79462
29676
76378
105815
108990
52129
107457
111498
111122
107822
95779
34673
94901
64638
57213
82551
88460
72669
73540
110923
33862
52099
85612
41343
106002
52525
91669
68721
83156
90993
61837
97793
87842
49341
26570
37109
79993
34050
72303
24845
88478
83901
88650
87941
53594
30947
88219
78677
16556
61531
57347
113215
24781
22559
84026
83965
93678
45083
26310
82690
47802
77536
29363
45711
104367
32083
70727
104070
71230
100163
36796
41865
99142
90054
99030
99484
77754
106466
95895
83480
109512
89082
113845
52601
44256
56098
57663
45308
34038
106114
107308
85184
70868
107614
95865
91142
96404
44130
70054
112441
63677
79310
63091
88816
89850
13295
73843
78487
30683
60212
27627
9022
8856
9552
61158
113503
103496
92022
36699
67375
44413
83427
72319
53639
106677
81970
40074
45557
73798
100618
39572
84506
79994
42826
97591
84310
90549
108651
45470
50614
104672
114477
88767
87135
55391
47647
57205
54097
36897
53155
99878
105443
43762
47494
60568
85458
66675
65721
137950
60692
74156
98620
45988
93967
113522
43361
103446
64621
102059
94921
108542
83559
94535
96914
41352
74690
47091
77914
32413
64835
113637
111365
71626
106861
97461
67960
29747
58447
70373
105697
92440
90315
47934
85745
56473
43204
57465
79105
38251
50145
90402
59403
33597
90197
65665
88167
57790
37004
94823
86953
67705
112433
105833
77676
42556
40753
28235
90166
46300
27397
60165
71211
57911
68875
77353
94769
70322
110647
58822
108386
108179
58768
153248
99873
77713
46645
103840
55026
108134
33234
69596
86211
50831
26801
65508
75755
108130
92295
60752
112321
47299
47376
36021
58235
81517
67870
28860
71456
104031
72391
100257
86609
100387
86741
78789
38528
62097
60300
68092
47597
35058
56783
108037
110804
85938
82015
34225
62299
89091
34112
44933
38218
62392
39271
80374
38534
72756
86147
91864
42657
71448
78257
63728
112076
52643
90329
35411
101824
86085
31435
45288
59023
86713
78057
92243
105277
46053
51602
59361
50966
89724
59024
110956
73589
38727
106551
66014
67393
62428
80209
79432
34858
30859
55059
75206
82350
85370
31433
74739
44034
70202
29559
90199
104501
71567
50444
41548
80786
88775
77014
113468
44014
72582
84165
84938
83903
67441
63357
66034
91388
92728
54555
44294
54628
79388
107949
106099
72005
103538
51638
72645
93552
37706
52545
41394
77312
63871
89142
41218
47228
78757
55418
105737
109924
101277
45136
45787
54019
84108
129657
42992
101825
53733
84576
101062
80481
60396
86061
24224
109983
95008
105692
102840
71205
30943
111719
64162
35408
85885
89378
94559
101278
106411
34163
43615
93547
62212
36335
102375
64902
80578
69124
69751
101588
38839
90176
109890
108645
52540
108391
32306
112765
48626
111031
69298
76423
48564
79632
68014
45846
94850
54382
105745
33249
111947
106797
77649
97469
110555
62385
44540
78788
62698
110939
43468
101258
61067
85078
110691
101526
38844
72861
86809
112692
58585
70015
60992
53174
43558
105482
100337
64434
99601
88987
44466
101700
77266
28607
67809
76543
71474
93451
77798
98486
74374
50318
137743
34650
75598
66790
102809
86458
83734
66361
63271
105463
75422
109733
55119
69585
58069
60615
61838
109569
106325
82155
67171
50222
73907
112151
113797
91739
39236
84862
86562
39372
81329
28859
100675
47487
32938
27282
52028
49069
132310
57168
34305
30948
81895
82674
85020
86309
57614
29727
113407
64575
56672
75208
78803
38871
33657
83245
98580
54315
64440
68859
83682
60903
102623
28849
97000
58405
76783
60654
47306
68625
79878
106426
66248
62721
78525
41601
37755
61128
56206
88751
42338
112493
88529
62325
39020
51637
35655
53136
85876
52232
86088
45687
30078
101433
65787
80771
84851
33221
97206
43115
32443
66152
111627
97068
54518
109014
102446
84210
86544
84039
98083
80311
43674
99561
52411
34051
91218
72504
98337
55715
44973
62311
70445
29269
101228
45241
94007
81186
113820
69581
33003
47919
42460
68225
112453
69388
12516
49532
36700
66086
98425
99644
78710
111758
116691
33375
58545
84723
101621
109851
108461
78287
25605
66079
76380
76583
36304
109456
24925
85048
90745
48826
142535
55550
62115
54035
57446
9191
109429
73803
97791
98714
80025
36623
69813
91807
92369
68847
47966
108680
60409
45167
88223
40117
51733
97454
71353
69653
86932
54103
100685
107355
81502
99757
108615
93833
38774
100461
112556
72960
2180
107410
34339
96217
90189
47834
70925
88137
95800
58239
89803
55439
65679
35921
79008
100226
78682
54362
51836
95032
83733
51308
59173
73789
107333
93524
69344
86166
71114
39034
69295
97514
60804
105862
90045
47915
88757
107028
32091
59621
61605
80775
51642
81407
79985
66148
42249
109829
81993
92245
103469
70842
57977
36269
28455
96387
61580
86999
95774
1832
93880
24902
45074
18423
80105
34371
82691
65759
77500
103258
73909
37020
45993
80869
73702
77979
96384
51876
86255
69692
45026
43941
101613
34680
84857
43556
29821
36478
52536
38348
16590
36175
64379
82939
106379
73542
42365
94151
113052
30792
93995
49335
75080
34151
51022
64468
41536
94288
54213
99435
46391
99667
53247
30386
41262
32968
104679
46585
48518
