50292
86281
87188
25775
51648
49288
41118
39485
33122
61173
38151
53431
91425
92832
84788
112730
61816
86246
64549
92710
92169
45286
73650
65864
94987
62188
29984
67640
75014
64535
101492
46706
67647
69386
75764
106824
93206
45688
109600
54096
74884
65182
27784
108810
104082
98184
46063
45946
82675
34896
96235
23230
54757
100763
54606
101050
56156
74161
32734
43362
42971
84111
62731
99887
95794
33129
99967
27921
84510
58188
29846
44583
98217
72316
51542
110442
99702
53971
41872
111225
49154
40160
99185
49415
78299
110708
101490
71604
29318
110413
35071
20224
45078
56509
61752
108004
73956
62719
110387
86555
101203
40567
61326
65779
99093
31336
93905
6455
100807
114482
31104
78291
46945
94361
76811
39718
88788
100486
65472
105343
109175
26611
87604
80984
106986
51268
67634
31656
68141
36824
40727
56412
80776
77148
37017
28567
79494
59807
27404
106920
97473
81335
77041
42147
106189
83461
87742
60694
113276
76005
45476
100521
66306
45179
70267
54075
39518
62185
37315
117272
81309
85255
37371
63543
92494
96530
42537
110557
69970
100447
99183
73910
85121
48912
105575
85457
88923
62992
63009
41502
109715
48908
26148
43590
70561
63780
105742
85058
98662
104991
41869
38167
111004
95824
7054
96248
37234
31308
87504
97359
73751
78974
25404
58446
58747
60543
39408
59038
106759
69778
110125
40832
90726
80201
73760
5506
94968
70984
93508
65141
79246
84202
104116
50492
105882
75259
96274
106720
36702
72017
91043
62585
59323
45075
82955
41497
120357
92255
64510
88940
23267
34173
100417
98703
66089
84177
42796
53815
94469
79349
76420
105092
62566
97887
63003
112702
81232
67438
56050
62545
66562
67237
45547
64233
80190
92953
32792
84343
37030
94824
61781
93380
33809
98410
63294
88755
54043
65967
109490
69948
81508
35210
48301
90008
25700
72725
94834
64539
44631
86914
93906
45283
96193
64317
50144
99027
60918
84621
38077
44044
68945
38194
107143
36155
32164
97417
55824
54076
45978
107787
105031
107978
52962
65136
44178
106555
61286
110234
84317
65836
50372
43326
107045
45947
107945
102224
65786
