60209
112423
89088
38442
72710
113839
113840
78610
36275
113283
60019
42768
110310
37760
32737
77194
94119
34194
92787
70060
51314
102068
73179
94362
51014
94474
62539
40893
86426
92905
58809
114146
100736
95199
91810
33354
67883
111796
60725
58143
99034
99833
59970
79879
48113
66020
57978
79191
66997
84027
41117
84972
98773
88314
92878
55746
85286
38484
70413
60708
57975
69136
79040
23092
109847
71475
108724
76001
100647
112625
67873
38286
68098
74488
84000
102069
90855
67147
98759
47764
44470
78388
27782
59612
42862
99596
72831
30273
100537
41626
106874
95269
77096
32627
109529
81512
90095
88268
38916
48111
105323
42773
91662
34592
33365
70791
61732
45925
63356
99971
32710
101583
38784
31292
73175
90825
76915
89707
102887
68087
36420
42709
77808
45156
70170
80182
106220
100024
72193
75729
101323
106090
55854
97685
99758
47132
32791
27090
80580
41511
83520
57772
100204
62277
81624
103543
92125
90777
59053
60433
96478
20703
32946
37639
90440
74800
58269
73988
74981
112902
108454
55751
85209
53989
92623
82618
82007
103029
88847
69131
81955
39961
113991
91036
40282
49151
89363
71606
73432
96278
70475
104043
80204
36353
75057
92985
112025
31814
99915
71337
65964
101654
107389
102641
91853
55810
95703
36356
96226
57516
101970
89967
49215
97065
57361
45171
114152
74520
40645
64439
85053
54022
68120
35305
110092
82287
50839
43340
99899
113581
59437
35981
104257
51217
59850
56624
66362
53959
104646
74050
44786
77933
97823
51186
56698
48718
65978
92857
47492
84864
110530
80994
77198
55051
54278
65084
61558
105204
85349
45778
61078
83650
41793
41143
109346
85802
57931
85760
108795
81986
96705
41042
80188
102420
64199
98212
53611
53254
110044
34391
56091
106739
102594
81903
100582
110962
40316
92957
55007
72685
64415
61887
89343
62931
53850
47143
69182
79108
104165
56122
70949
26114
79998
51394
44394
38917
73092
83562
32738
67637
89611
56485
111748
78831
58393
111797
40513
65701
106823
69366
46774
79419
98894
81023
40638
113057
74125
60812
84053
53211
100699
76336
57436
113368
63813
52939
108709
63088
42864
110220
63109
103130
76440
105032
57294
71618
95711
91215
98752
111766
50981
107337
95859
99638
46708
33687
93282
82834
37195
56052
55369
77516
44680
25108
67605
56525
45630
103801
78338
48650
74991
102064
94325
89293
86957
103664
112250
48095
34184
53626
90401
103867
30385
82913
94431
104715
58631
83069
90032
65354
90396
81807
44703
58367
100939
45269
109129
86536
53607
48244
101169
81919
58262
87788
80060
60987
53872
68630
70826
90613
53884
76846
83377
109717
102554
54121
82901
61932
53146
52207
50221
61201
111545
95471
58196
86982
46722
78824
40724
60679
55280
32039
109641
109712
96685
99595
113157
95926
79562
25419
81952
38676
56521
36735
30748
101404
37015
37707
65373
30133
94747
54198
89761
67540
75467
45710
65661
65946
72701
109023
104218
101049
69059
68443
76009
36169
98147
50262
68007
56563
111197
45942
59414
30306
96898
35834
76657
112906
85380
103125
99816
110784
61392
35954
95326
