95246
43226
73421
61743
94902
65539
55846
75666
103066
71782
66729
83067
94329
97992
99400
86380
103171
67900
68267
75355
45077
46184
46388
119138
97866
50985
77121
102512
105274
59894
28458
70009
112130
75982
33214
45102
87749
106378
28527
96608
67114
104173
52508
58417
68522
80064
60537
100712
44132
108002
112665
23988
101614
104152
92441
32731
119584
85856
93780
99329
102019
52510
106398
43311
58415
112478
45709
110489
34938
57226
96000
82610
34026
38863
109148
52837
32291
104542
104400
88879
59838
97164
68236
69306
88886
42878
91380
34520
101030
33219
58605
92829
111773
58806
33992
85256
33508
106672
62757
91655
104624
93751
87061
89532
74328
110363
57057
101969
91060
62982
94209
64728
109637
90039
46771
32292
84504
32744
102353
113667
36211
105307
37790
108665
56108
106494
62420
57893
53874
41944
86606
63459
60770
91586
97691
75493
32330
93097
31769
84287
87305
60381
80851
92273
91607
108695
65852
108531
83022
107217
28895
41053
90555
50522
55741
113517
109143
49323
102532
31140
81101
53306
53409
52506
53501
89830
47885
74150
22507
44936
57891
60484
52994
105509
61777
37641
75515
52503
102213
146799
98375
17672
58351
52509
112658
106005
112194
62454
98842
58471
94725
108839
78356
32347
96766
49378
103128
49819
59866
95197
39852
39013
37741
107916
81892
57431
88989
60522
50022
75273
87772
83180
86813
65702
32743
64640
93099
50716
90082
100202
55670
93098
80386
114019
93715
47981
104896
89545
39790
113592
58515
92495
109204
92272
108942
47482
60979
60008
71462
