63984
75102
40077
59348
82952
43012
50517
37198
81091
76098
96837
104985
105355
50731
49653
29240
32016
109179
95737
44342
91535
47119
68217
92084
88602
19979
103667
100581
39164
56394
53402
45173
43678
34750
55302
105962
84525
106154
75333
28592
39167
76611
64766
66117
92302
62287
59288
102013
50841
53410
47751
32172
47817
97617
40192
77559
34555
24676
30254
54750
59552
89291
52771
49136
81357
96646
41393
107644
43078
43964
48865
31060
56053
56673
52925
20723
103744
38862
39629
91396
42175
96361
112823
64806
70531
50724
45498
93566
38211
46244
112167
114085
54005
103457
28325
89839
97772
112040
89609
73747
67337
50930
44492
97080
46103
45008
72693
93936
108635
62596
22272
50869
92067
31051
113335
85500
69757
46452
97264
81110
58955
47436
66066
73302
37052
112077
74081
101504
89870
100428
54388
33668
74628
74583
113956
62830
51435
87443
64875
67033
45517
104748
92764
75350
103502
104210
88136
103176
34607
54895
79446
36267
100955
60842
49168
33873
95870
56315
38912
113170
67917
28597
71831
111265
50664
114065
36531
83483
57105
74430
98138
99114
68112
58523
101048
62450
111034
56392
112041
41067
50912
104452
99587
72228
112563
106666
65813
69809
96389
65259
45327
58674
112092
86036
16959
83911
72671
57426
46476
88329
76512
34417
86620
81041
84948
92496
31763
44291
63152
47120
41342
35965
42148
81532
87035
42987
112504
48736
77660
38860
68548
68628
102605
97257
81602
105082
91847
65191
80783
113064
92300
32885
25300
104441
66242
87916
97151
103072
95210
13762
109765
52655
74798
89299
59428
57815
67317
77036
90429
101864
41906
77976
111306
58543
96772
82954
69229
88125
45333
28164
95118
107876
56596
27866
43243
28168
64697
70932
34362
102867
51165
84277
86675
113023
112757
57005
113325
58052
79286
24730
90207
51170
32141
83720
26971
49167
56094
72534
76556
112180
103099
43232
109123
14418
47067
79316
44762
89888
87409
62099
108920
39898
70113
88106
77715
50419
95994
84448
26564
54012
93054
86008
75297
108672
70899
56569
78589
99156
95198
45361
40365
60071
77502
69417
82014
82361
80092
78285
111307
34307
69359
83655
75006
59721
58160
41038
47744
79361
97211
113970
68400
112855
87883
82592
43063
74663
73094
76572
76003
98411
69304
113929
24859
31040
31812
55156
35750
114372
50715
46059
104576
100745
34838
48121
113749
105128
66341
57178
55802
29501
80592
74146
44559
77588
104953
46386
43481
40389
28217
45360
40183
29181
38493
93387
35234
77077
51721
72268
106188
25458
78594
113343
62572
42199
82055
39163
45515
104411
64810
92231
95892
57395
61676
106618
78539
74478
83693
113689
79679
70034
35510
48447
28651
53278
28241
64901
68896
22597
104467
79403
39894
103792
61633
34145
36114
89745
96852
52852
103857
113284
