49135
77911
76721
51157
64632
58786
80093
80416
90523
34932
70954
41084
35447
58610
94562
24226
87508
73169
80533
35438
72964
87273
31557
63221
58814
97349
109843
104597
83583
47322
57643
33612
93624
102835
31569
111181
108446
80518
72388
93759
49857
35446
53305
32107
48525
94825
20012
55656
73637
101298
52144
85568
63021
32059
136917
60280
64324
42990
47714
95060
87272
36355
83694
64064
24225
31568
73916
54877
103403
50994
57705
52328
102043
71321
100539
59301
65969
48125
84282
44935
86381
55809
76422
85384
79882
61778
91191
104220
26527
108853
69395
39312
70867
47348
51849
85542
90363
70924
81713
69919
30088
103346
60737
102410
94207
92066
92463
67957
86822
113338
44399
55249
73815
38022
111718
154444
95100
79086
74019
55873
98939
107681
104517
105909
61006
80607
88685
32858
94379
86817
82274
63816
112970
81426
88066
104628
97183
103450
48316
95056
88019
85546
95602
82966
36704
88683
110752
103037
41047
69387
78937
97433
103023
111137
83336
28617
93613
101960
111400
56486
97363
57846
109283
28997
110577
97898
67022
67343
36825
32686
56095
66331
66236
31889
35953
103761
71992
77106
73527
84097
72916
84446
80243
136314
35440
77921
37326
27826
39726
36929
75766
56018
64515
58242
77809
89623
69134
110273
112828
68458
49137
114048
99798
110054
88411
50488
49166
113863
32160
52123
103024
108488
83530
111714
108145
36836
103035
76860
76125
107789
92837
71320
75203
66472
101413
87830
112129
103983
111404
67242
47710
113278
106341
113838
105369
107334
33969
50173
41340
103223
100468
51734
92025
33438
33208
68860
110381
46917
109516
61065
111918
62588
104627
100572
112971
61110
102958
73740
79030
39551
62444
70835
35612
39373
104247
94219
91180
53442
57730
36978
102207
41623
72842
87761
53552
73166
31030
60235
43794
27611
78107
58035
59140
90921
28616
77127
82910
38998
83421
48011
55547
54018
97413
37763
84284
79223
100307
85227
70768
46155
60862
109343
106211
82801
62270
76710
85957
54370
2988
45051
103165
88699
47325
39581
48528
10525
90530
37375
28998
60307
102787
43072
46991
74995
47318
26526
57839
37475
52590
70738
109965
377
18022
87795
113467
53672
39081
62589
66098
49170
91032
97242
76433
