60209
112423
89088
38442
50261
72710
91368
72565
113839
111980
113840
78610
36275
91623
98665
113283
60019
42768
35403
48882
103621
64377
110310
90671
37760
46953
32737
77194
94119
110365
55529
42554
34194
73862
92787
38891
70060
81330
51314
102068
73179
105587
56261
94362
51014
38728
81366
91016
94474
62539
40893
85379
86426
92180
92905
58809
114146
97774
100736
95199
91810
33354
67883
111796
60725
58143
99034
99833
100815
71236
59970
79879
48113
66020
57978
79191
58550
66997
84027
42752
41117
84972
31789
98773
88314
92878
55746
33633
85286
58026
40886
38484
70413
60708
57975
35721
69136
79040
66956
49471
23092
109847
71475
93411
108724
76001
111316
100647
112625
67873
38286
68098
70703
74488
84000
102069
90855
46836
67147
30872
98759
47764
44470
78388
27782
59612
90979
110610
33958
42862
99596
72831
30273
100537
41626
59624
106874
95269
77096
32627
109529
81512
90095
88268
89375
38916
48111
105323
42773
50746
82903
91662
34592
33365
70791
61732
45925
63356
99971
87381
32710
101583
38784
45270
31292
78054
73175
90825
111567
76915
89707
46866
102887
68087
76621
36420
42709
77808
113174
45156
81198
70170
80182
57340
94989
35822
106220
75737
105889
100024
72193
75729
39258
101323
32344
106090
55854
69365
97685
92900
99758
29174
47132
32791
27090
80580
41511
90794
83520
57772
25679
100204
62277
81624
103543
92125
90777
59053
104609
60433
73961
99506
48472
96478
20703
32946
37639
90440
83580
74800
66649
60236
58269
73988
74981
112902
108454
55751
85209
53989
80114
104438
92623
103053
82618
82007
69546
103029
88847
69131
81955
26262
39961
113991
97191
91036
40282
89020
49151
89363
71606
76501
73432
96278
70475
104043
55169
29427
40964
69635
80204
36353
75057
92985
112025
31814
99915
71337
102363
77247
68420
65964
101654
107389
102641
91853
102858
55810
95703
36356
96226
57516
101970
89967
49215
51933
44331
97065
57361
45171
114152
74520
40645
64439
96529
85053
54022
68120
35305
61365
110092
82287
50839
43340
99899
113581
64426
59437
43252
35981
104257
51217
45265
59850
56624
66362
53959
104646
74050
44786
77933
91362
52739
97823
51186
56698
48718
65978
92857
47492
84864
92316
110530
55390
80994
100246
77198
55051
83584
54278
65084
84255
61558
105204
85349
45778
61078
29730
83650
41793
34019
113639
41143
109346
69843
85802
57931
85760
108795
84105
95293
72891
81986
96705
41042
80188
102420
64199
98212
67121
97554
53611
53254
110044
34391
56091
106739
102594
81903
100582
110962
40316
55883
92957
55007
72685
82693
64415
61887
89343
62931
53850
47143
69182
79108
83649
104165
33123
56122
70949
26114
79998
47726
71113
41332
63344
51394
44394
38917
61321
109848
73092
83562
32738
67637
89611
56485
111748
68615
78831
35787
113968
58393
111797
108636
40513
46633
65701
106823
69366
111476
72726
46774
79419
98894
81023
40638
113057
74125
108886
70520
60812
84053
53211
56664
31073
100699
108468
73627
76336
57436
113368
96941
63813
52939
108709
63088
40058
42864
143865
110220
82714
63109
103130
80056
76440
105032
57294
71618
95711
91215
98752
93485
84318
111766
50981
107337
95859
99638
46708
76364
33687
58843
93282
107350
12005
82834
86552
37195
56052
69842
78676
28357
95065
63524
41603
55369
56015
77516
44680
25108
91650
67605
56525
45630
103801
49607
78338
48650
77152
27180
74991
77902
102064
94325
31198
89293
86957
103664
112250
64080
48095
34184
53626
90401
59588
103867
30385
82913
94431
104715
58631
83069
90032
65354
90396
81807
44703
59808
58367
100939
45269
109129
86536
53607
48244
91491
101169
81919
58262
87788
80060
60987
53872
73238
68630
70826
90613
53884
76846
83377
109717
102554
54121
59006
82901
50077
61932
81675
53146
52207
98513
50221
45754
61201
111545
95471
58196
86982
46722
78824
82673
40724
42354
91022
60679
55280
32039
109641
67437
109712
96685
99595
76504
113157
74934
95926
79562
107015
25419
41190
81952
38676
56521
49937
36735
30748
101404
92781
45976
37015
37707
65373
30133
94747
80069
54198
41477
89761
67540
75467
73178
45710
65661
65946
64641
30274
23366
51285
26110
72701
109023
104218
101049
69059
31675
109501
68443
76009
36169
98147
98406
50262
92788
41739
106990
68007
56563
111197
90690
97867
47974
45942
62327
59414
30306
27608
91340
96898
35834
85232
76657
110865
112906
109594
85380
54655
103125
99816
110784
85262
61392
60658
35954
64136
95326
