63984
89141
58162
16237
106106
38882
33439
53623
106813
110414
50292
27843
75102
100411
83571
100305
86281
112329
96748
43369
111366
40077
102919
36904
63355
87188
110887
34022
65990
25775
64663
34911
103699
59348
85007
135162
82952
113071
91935
80668
63735
43012
58176
49181
109272
50517
37198
88700
89937
51648
35433
45535
88839
90093
107552
100915
49288
98584
33894
97626
43049
59314
81091
76098
96837
78712
46847
23976
58547
40584
41118
39485
67209
113516
104985
90606
40737
105355
50731
77956
49653
48613
68010
136071
82407
35348
33122
90824
106296
98441
32798
59319
29240
92157
32016
51161
78978
61173
108126
38151
106832
53431
90676
59116
104451
58731
58293
34868
101150
76612
46251
107289
58723
104016
70682
109179
57711
23938
84209
70105
92097
93516
33897
75986
59254
47884
91425
86575
81899
33954
50078
69532
68730
91010
56862
88118
100032
79058
40148
95737
78813
54400
109197
96800
85714
44342
91535
106951
49778
98221
80701
92832
79890
92207
52004
98325
49826
106944
82364
45537
28688
60117
83910
61565
11730
89535
45164
97553
47119
106376
75533
77105
55010
56687
104905
70162
35672
80191
68217
50329
104623
92084
54786
113679
83641
60902
72698
48062
55120
55884
64391
84788
53500
87388
63275
106976
78265
112730
71455
88602
84225
76963
88200
102222
19979
107119
100794
110611
69930
85859
78198
78390
32641
79300
44493
29954
100344
81860
41880
55359
61816
72142
77224
101014
98769
86246
25329
105532
92828
29293
49624
64549
78323
46534
103667
54925
72501
80273
92571
92710
68158
100328
104908
54335
54034
41387
100581
39164
54367
98744
41499
91291
107803
38155
68269
39265
56394
91759
54901
53402
98846
40926
81784
45173
89523
43678
92169
110004
33304
45387
87850
101844
85163
49684
104718
45286
34750
73650
65864
32304
106210
102286
58532
94987
94334
109384
47938
62188
31503
82380
84650
109413
55302
81720
71014
70541
82663
29984
80604
67640
88750
75456
98826
66833
87833
75014
105962
107656
64535
101492
46706
93966
67647
89781
61336
105266
65984
92894
45975
20626
46543
85220
82052
93918
69386
86083
58707
97246
34122
101713
69539
93111
78969
84525
107601
68138
93403
106154
14344
75764
85966
77915
47724
54998
99312
75333
76607
82895
82165
78008
77606
32931
34187
98934
69418
33369
56058
80470
106824
93206
74701
49023
70680
50089
101435
52230
45160
109471
78642
96625
45688
68026
65945
104610
109600
113525
58504
54096
28592
86537
74884
77199
39167
65182
36946
110144
56468
103284
62121
76611
49521
85045
27784
37308
67370
64766
108810
66117
93243
104082
92302
51665
113055
42665
62287
36349
33571
57371
98184
91532
113648
59288
46063
102013
45946
112192
50841
111789
53410
113712
82675
34896
44592
54246
26096
56767
92102
72129
82120
67058
96235
90934
34400
136774
69410
57530
111027
63566
27082
47751
100404
85909
32172
66340
48024
95903
95014
48647
98810
25396
81217
88919
33358
100201
96355
60738
65613
110886
100338
93171
70560
85307
27382
94376
48239
47817
58599
104484
61408
23230
64205
97617
77627
65697
88645
79192
82223
93691
109476
70834
66061
54757
82005
87004
38254
100763
107988
70300
40192
80884
109638
77559
92490
87925
51565
37531
74368
109760
105125
86588
58214
34623
105972
79119
88235
57128
34555
88525
76036
83568
98106
106772
37612
106670
77250
58277
108132
35386
55990
56719
54606
114148
24676
50759
84729
101050
34123
51875
56156
36798
40723
74161
30254
95124
104285
106878
69560
53973
68183
62793
57354
32734
107917
62727
112710
54750
59552
89291
52771
87846
54512
85148
61702
109024
86454
40731
66471
49136
108035
62922
90094
112695
14194
43362
31651
72958
81357
56789
96646
86901
113925
100821
41393
62046
72932
40056
79258
42971
103132
75115
43735
80259
107644
71617
43078
84111
50396
79613
93773
106632
64134
91059
113999
72482
89319
54542
43964
41730
87727
90142
48865
62731
31060
53604
70521
61820
113501
82540
99280
71451
72365
28562
56053
63542
58337
59487
55992
86483
71523
49172
99887
69834
31072
95794
56673
84432
105805
54431
52925
86911
49936
45159
47727
98204
64336
74013
96277
36973
58007
37194
50163
20723
46629
49853
97602
103744
108519
77888
67169
47590
88739
83328
33129
58296
99704
91216
45242
38862
99967
42666
54438
81582
39629
91396
59596
113899
64369
104204
91294
91171
42175
100583
90792
86983
27921
98757
69636
81507
32794
96361
29629
132680
107272
74155
112823
108435
90735
109067
84510
49765
62333
55099
92118
64806
111231
69457
59781
47231
77640
106909
57263
97537
46802
70531
68423
50333
47442
100796
40069
79642
58188
62818
59240
110547
112070
69615
102337
50724
50256
91021
61363
108378
66212
29846
44583
45834
122761
77618
98217
112366
45498
93566
47894
101317
113654
95018
110723
34127
103483
62008
32556
72316
69616
113493
38211
64061
68871
43346
51542
74148
109667
46244
105980
57469
59420
102308
66193
43502
70859
89190
64906
112167
101281
85250
84445
33353
79989
50404
56617
87865
114085
68182
62429
112657
32589
6796
112051
38691
70402
31839
58464
74542
95036
107251
39527
110442
107946
54005
66528
82487
84382
103457
766
99702
97121
54790
95009
28325
66261
89839
63678
53308
83788
140720
88649
64390
91318
103690
47914
81755
107837
53971
41872
20826
111225
104657
98082
49154
63858
97772
71034
68617
28996
112040
103498
89609
40355
73747
40160
67369
26260
67620
73323
67337
93894
31654
99185
32715
50930
103396
49736
49415
44492
30797
72109
100633
89805
64790
48815
94816
96819
94664
28470
103849
66218
30563
78217
97080
47156
103140
46103
78299
45008
58365
94947
99640
108790
57809
45606
72693
110708
81567
93936
92019
108635
80780
101490
99908
86711
59688
97485
39970
71604
62596
22272
57380
50869
61463
36764
42801
58407
101619
110106
98747
75495
104105
75536
50774
73957
77739
53772
92067
53238
75757
29318
44269
52968
31051
99685
96903
113335
45842
96471
57806
45287
92958
85500
97656
90468
50854
32665
69757
33790
81333
93573
110413
34144
35071
108617
45986
32133
76283
83718
68485
90425
20224
27794
100899
45195
58173
46452
96358
34918
45078
37595
84254
69892
97264
68781
136073
53673
82427
81110
108768
40962
79146
113172
55437
108876
58955
55372
56509
96153
66546
67245
46199
47436
79315
25343
61752
108004
69345
66066
110253
54180
62075
70506
52810
52608
68850
30400
51544
73302
109444
103458
81224
90718
86825
88353
108385
73651
37052
18034
86070
73956
81811
57612
30063
107168
76680
60216
49120
62719
55348
74707
60482
106336
72020
110387
112077
109299
52753
99763
74081
111193
68091
36170
111497
61947
101504
14343
99700
68575
80026
34674
59412
105657
33449
39165
71002
97665
86555
80556
70420
43607
83834
35528
92540
38177
67425
43077
89870
101203
35526
79833
111040
100428
54388
84278
74852
51714
33668
37693
97380
98623
74628
26108
81717
55298
87669
25728
91209
94589
90941
74583
61279
138807
34934
114126
86258
113956
94910
102052
102939
91374
66244
77482
35988
63834
62830
103270
98142
96932
68675
71006
62758
75825
68441
109293
83527
99328
77423
61725
84186
53525
43018
115500
59239
111603
56741
68893
42402
40567
54788
79079
51435
79048
61326
50442
49851
87443
64875
55283
65779
79727
98356
33236
99093
106437
91220
64200
104861
6146
51995
67033
32624
76654
66493
64802
44036
107941
100423
63235
45517
34706
104748
28182
39626
52276
92725
40997
92764
75350
98491
103502
70786
51337
31336
50143
34331
104210
31457
88136
18157
60044
103176
95966
88440
96982
102711
106323
1831
81641
97673
93905
62792
112309
107288
34607
65325
87536
6455
54895
100807
73745
60309
27008
85863
84913
109277
114482
110559
97885
66243
79446
44398
94184
114150
36267
86559
104136
99443
51722
30061
100955
107829
75711
49534
31104
64410
56572
60842
49168
61333
74152
33873
94074
36837
63363
87270
55220
38085
32718
63359
94806
89469
71931
113003
93943
14707
33505
70422
88756
86764
93402
48489
88980
37859
95870
53974
56315
69162
103144
38912
52999
54330
78291
46945
100192
108968
85967
43451
113170
32033
44317
31979
80278
94464
34025
88024
64221
103438
105578
88282
90448
49227
44239
93307
84932
48778
94361
78656
112258
92614
96223
91596
67917
93754
71587
96484
86509
28597
46379
75296
46165
94442
73053
94685
46266
99481
26016
71831
64232
93857
51990
75569
86612
58357
76811
100983
69654
101807
79301
106095
98830
36097
43208
91885
39718
88788
100486
40795
93839
108441
82450
100612
112678
84128
66650
52838
76796
93652
41483
66673
111265
65472
53670
100418
112648
50676
42466
34902
73307
62108
105343
44215
109175
81621
50664
114065
45977
100309
76688
36956
89083
36531
107766
35952
69612
108436
83483
104048
78701
39895
57105
94410
26611
87604
74430
98138
38894
70431
99114
49431
76486
66888
64898
33740
66543
90607
37319
72567
80984
68112
19596
104402
29231
68883
65910
93860
65192
88753
50750
103440
69384
58523
101048
62450
45936
75337
85531
111034
107952
72366
14790
77880
56392
112041
50194
58724
52231
109286
61036
93370
57349
88935
61780
102232
68445
70058
99513
70205
28863
34587
97929
41067
113498
101002
83576
50912
73371
30395
34873
93320
85264
40804
104452
100833
36071
106360
106986
99587
51268
100632
72228
64284
112563
98054
88071
74235
50003
61585
54436
106666
58861
45011
76074
33688
111089
101333
71133
93653
67634
17832
110700
31656
38437
82317
47026
24432
70455
68141
78816
66776
65813
36824
72661
69809
96389
95647
27179
112004
65259
112785
29429
33206
40727
41336
45327
45473
105464
56412
88921
76685
38790
80776
64531
58674
56441
87681
77148
60740
100829
52757
55287
130085
69173
21527
112092
83407
37385
37017
31726
86036
106457
16959
149920
50613
83911
111981
68889
2512
65471
104885
28567
78106
72671
93128
47031
57426
96275
109845
51125
79494
46476
77436
41556
73787
59807
101901
27404
84219
44752
53985
70740
88329
90373
106920
33570
61432
42063
97473
24503
105291
65821
18953
78003
14036
41736
94176
89417
76512
89689
58510
55996
34417
113852
81335
83253
94135
103344
96247
86620
77041
42147
33174
53633
88732
110897
88493
82038
81041
49330
109069
33787
84948
106556
81570
75721
76457
46668
86477
101017
83548
92496
79750
76297
72345
52851
65622
36924
71504
79343
35251
31763
84990
106189
141697
44312
44291
93649
83461
87742
70000
93343
60694
39540
69127
31992
32452
113276
37214
106903
49940
103460
28791
57665
63152
41791
60637
76340
93558
61211
47120
92630
76005
79416
96802
61132
96360
25989
78595
35788
55626
61973
107819
107872
67464
30631
112834
37362
106881
39975
90577
104724
107785
112176
54657
93853
57429
109158
78887
41342
89787
45476
24430
35965
71005
64292
100521
59450
42148
74475
33637
35320
54709
32221
91065
81532
66306
98361
81723
73168
45179
33077
87548
84507
78533
72952
26920
54960
57352
87035
81859
42987
87509
102215
92206
70267
96670
40234
92004
112504
48736
49608
37941
43359
56147
72704
89940
87218
74135
97419
77660
38860
86976
28354
43972
54075
86985
81040
60810
39518
111930
86523
89087
22768
80143
68548
62009
94083
68628
62867
56234
54533
62631
79075
37329
111303
62185
59183
102605
41321
71711
80187
41404
99741
44395
73537
37315
48523
72431
117272
47435
109827
97257
90249
89849
70370
54254
59350
57616
82739
88140
55160
58174
81309
64202
113237
45466
85498
14930
97716
85255
86236
95690
37371
81602
108084
93301
63543
92494
81061
95855
78402
84489
105082
94809
53756
69189
84978
109290
76429
102731
91847
49394
112054
124486
65705
65191
110461
41171
84819
41090
80783
111335
97262
104547
113064
96530
60445
94776
60909
77441
70693
81581
66887
78109
42537
88738
47170
80309
31646
39026
68901
55469
101457
33660
77277
103260
52932
110919
52108
32063
91554
49068
51190
110557
69118
92693
94831
113394
71154
49547
105570
34703
112483
99996
26466
92300
75980
69970
100447
61872
32885
53984
99592
69841
25300
104441
86235
90581
100333
59505
82381
64367
72305
113081
67055
70101
45987
40646
72947
66242
57345
33909
88774
87916
41993
110411
68364
54214
31350
99183
112482
73910
85121
37489
39697
112937
48912
47036
75440
107475
105575
109852
63539
97151
79342
101893
111100
103072
22958
86995
88647
111520
112295
111568
75445
61272
95210
28708
13762
61154
51684
75962
55242
26832
90831
40754
85457
88923
85853
71927
62992
53960
68527
46294
47309
92633
56296
109765
54334
71755
78298
87951
98514
50112
87812
63009
58530
108590
66773
45859
85409
99966
102264
104471
60144
80156
52655
57067
58230
112062
41968
41502
58121
76781
38018
33121
82727
92376
74798
109715
100765
29667
89299
93640
77907
86277
96509
75714
21950
87726
113659
102916
66201
62447
48908
56739
40362
105102
84220
32405
58437
94715
73748
97629
110450
48602
109976
85497
61700
78155
71042
51897
91151
28660
59428
26148
73177
109952
55438
105333
81209
23093
108620
28324
80941
57815
105324
67317
43590
70561
71917
30184
49586
77036
97241
48609
112544
105035
87097
63780
73548
54020
81068
60968
90429
101864
41906
105742
76975
78977
86977
101922
112760
105233
91552
48222
80047
93339
77976
68898
111306
85058
31348
98662
58543
100453
110692
72873
112688
98390
55269
110852
96772
82954
104652
104991
60792
41869
58171
108023
69229
28821
52131
38167
103545
111004
73090
53788
88125
95824
42558
56746
14195
64405
78703
55442
71130
47177
58514
41322
107604
48837
82396
96527
70655
110645
7054
48013
55777
59649
61085
72003
45333
56527
96248
37234
91297
86047
46570
59364
80539
91226
28164
86890
106713
68196
103045
24128
63185
53505
70003
67069
58011
32864
57353
77213
76354
35550
95118
33699
107876
31308
56596
63705
95343
101679
42957
73244
101196
27866
92124
87606
36161
87504
77988
48747
56872
55473
86095
43243
30813
65143
31643
32555
102979
97359
108088
73751
51650
64822
84836
28168
25842
93341
84007
62988
60224
85383
63794
90213
77028
74310
86262
59106
72355
64697
77889
94768
3505
60754
70932
84656
34912
34362
107222
65850
43708
78759
60674
64449
102867
30335
32264
78974
102883
51165
19420
52130
25404
58446
84277
58747
86675
113023
66265
100527
119964
56952
104164
60543
39408
97180
66847
112757
46582
25990
59038
67619
113041
52853
46405
41400
72625
65634
88991
112820
57005
106759
101980
64826
47233
67176
56840
65611
86256
69778
113325
60252
58052
80503
113573
61355
48018
100160
33856
79286
70171
57230
24730
90207
27217
83273
51170
47892
71329
110395
101589
32141
112675
113502
105143
112728
54049
101843
96469
83720
110125
74544
40832
34166
69648
104015
26971
90726
6670
75561
88825
113006
78765
93625
95997
35524
110050
92298
34492
49167
40899
87840
80201
84117
91305
57397
72758
20455
91240
15525
70391
100128
54791
78385
97192
56853
767
55071
86656
95845
46357
73057
93784
75546
40572
27790
37655
96273
55766
38161
73817
26458
83997
73760
135463
71605
5506
52969
56094
94705
50919
76252
101470
94968
107420
65672
72534
50848
106919
29746
87597
76556
111790
70984
71581
70178
35754
70161
92513
105103
33442
104917
72057
79922
112180
79516
72102
71012
93508
77917
65141
79246
54605
70432
113524
53170
71011
84202
58216
104116
79838
111671
99987
103099
98996
50916
112496
103856
50492
110724
43232
62013
78130
89080
109123
78456
105882
64190
106375
95074
14418
57282
82046
69789
53588
93130
75259
96274
42188
54650
104328
98888
45992
79996
37945
47067
67673
106720
59540
32861
38494
79316
114127
44762
89888
69191
73270
87409
85719
87190
50021
62099
76906
81221
111952
77303
36702
72017
91043
43639
85336
111403
62585
107186
108920
111771
37885
44599
111817
39898
71518
99749
59323
33855
70113
112769
88106
66489
43009
28780
62551
87503
38861
77715
68088
40749
102649
80878
45075
50419
95994
82955
31546
66587
75646
91483
46438
84448
51283
26564
38913
102942
109087
86508
38079
99911
54012
88693
58258
94760
113365
93054
86008
41497
75297
120357
59524
104313
111050
30380
29820
112444
80290
45820
92627
113582
108672
36088
71791
60574
99080
70899
61721
92255
56569
67512
97379
99515
87650
110419
41083
98009
94111
64510
42088
78589
42712
99156
95198
31023
88940
113987
23267
48763
63290
101324
103137
76081
45361
99041
75769
73840
91774
102266
72622
95121
54212
40365
45757
88166
91015
37022
104962
73771
34173
100417
105290
109163
109592
61720
114018
31375
57959
99446
64446
38179
63874
50393
92141
113403
60071
109891
77502
29626
33522
110407
71672
81786
95178
69417
63632
34910
66083
38888
91934
78087
56522
111820
98703
41804
111681
112242
82014
65434
57525
84279
101077
43559
46889
60013
82361
80092
76970
72211
52486
78285
62141
44741
65233
103902
72136
86020
32558
111307
97694
151608
68204
42555
29992
53156
73146
66089
20457
95637
58517
63461
35219
90057
91668
112492
84177
34307
100250
42796
8475
53815
51554
60351
69359
58840
35992
105637
60260
69478
94469
51188
83655
104648
34536
95765
75006
93836
65706
104309
41139
56868
61281
88804
81637
93922
107448
59666
59721
15900
74231
102993
60673
97547
55942
79349
102386
76889
56290
93504
89851
66914
97928
58160
96020
113266
41038
90087
58882
90018
63492
47744
79361
40833
52157
103017
112209
97211
84032
77563
68142
106712
111319
111313
99392
98679
113970
68400
112855
76623
97822
70758
93701
87883
76802
67808
96477
109738
93724
106676
20010
93129
91959
108367
54579
4510
105971
101838
82592
40705
40896
76420
92099
68307
105092
43063
62566
56523
74663
55262
73094
97887
34480
105608
52911
63003
32040
44792
59940
112702
81232
88387
109213
88698
82430
66021
20749
107016
50749
75512
78885
67438
65707
87070
13869
56050
76572
68422
52874
38872
111389
76003
62545
58832
66562
67237
111754
43309
98411
83779
62036
45547
60830
83472
35552
87452
85288
69304
113669
42502
109270
99731
108328
113929
102851
31455
87747
71787
38647
62175
78029
24859
64233
31040
105269
54843
108347
80190
62288
64899
92953
15882
57823
78055
12323
113312
92966
31812
84213
32792
60976
55850
71112
84343
62338
84949
55156
55011
56636
101103
9568
35750
102194
109666
89537
39523
51647
95635
88523
101282
114372
107388
111247
39022
64732
73673
44808
37030
81880
84345
73089
93970
47465
64428
109821
112925
50715
92359
48486
41792
53341
21443
62574
106417
74028
104971
93925
64645
44433
64540
97478
113482
28382
86974
94824
61781
46059
93380
104576
33809
105849
63057
52754
30367
100745
98410
64541
80287
34838
64634
80944
48121
91154
55635
33301
55683
53218
35462
80704
58615
113749
59422
71108
77787
63294
43497
41403
104703
105128
66341
57178
60494
28484
126761
75182
55802
29501
65370
96218
39976
99154
50857
88755
82598
83654
56652
99168
100088
32203
80592
32625
59400
74146
44559
55574
86090
77588
103491
54043
80094
54761
102065
105415
60460
104953
94965
46538
112950
70404
108693
46386
72662
80708
65967
34442
43481
30137
58008
68848
109490
40357
101131
82051
47063
69948
88491
3584
96120
112298
38994
29226
91311
82536
87466
61435
81508
39981
78647
40389
28217
48669
107646
94192
104013
30253
71506
47696
60872
45360
112672
77879
68674
66373
55290
30483
55867
103319
79595
40183
35210
55941
72364
50845
48301
90008
111378
42187
59448
102378
38519
91053
31042
80502
93666
60735
41399
104875
25700
65674
72725
96947
78964
29181
73558
54884
79551
80271
79396
89534
113864
38493
80396
53225
89397
52634
74377
46537
41827
94834
113791
93387
51607
31739
39395
88318
50677
83771
52156
66632
17032
77139
77734
101318
96357
35234
55631
64539
89196
45390
53988
68902
52697
100822
68872
77077
66865
67881
92254
77257
99042
51721
44631
104496
88266
103508
72268
41883
106188
95127
32936
67409
93648
70553
104419
40311
86914
25458
32789
78594
91543
112050
74975
59434
46200
104232
100771
99044
93906
45283
104174
45534
96193
64317
68318
81572
113343
81846
50144
66019
70692
85373
75550
57082
62572
109109
83553
42360
47226
84051
47641
48015
101684
106449
42199
41873
97842
58958
101738
82055
99027
97341
60918
39163
45515
111111
46666
104411
105234
84621
38077
86576
44044
7568
31458
36303
85841
72370
64810
53477
80102
60722
32664
28216
68945
57972
92231
67749
105748
108311
53147
99495
73088
38194
98932
95892
107143
57395
68677
28681
36155
98354
78117
53620
106822
65700
39941
79707
82535
107271
61676
101937
98080
80410
79435
78476
90391
106618
32164
113453
78539
90216
91742
91052
97417
74478
55824
94855
93582
97430
54076
99043
83693
56700
111269
34550
93347
85284
76375
69745
113689
41494
35830
80509
79679
34142
108129
41622
72325
56653
85358
59330
45978
48707
36708
45383
107787
87156
55135
70034
52461
66862
86589
35510
34121
55881
52756
78313
54520
28343
48051
63998
102114
70730
42180
48447
78834
28651
113936
88652
72348
77537
105031
43349
107307
107250
94462
74129
57676
85783
65322
100154
107978
53278
41309
86950
40650
42189
60534
58951
52962
85145
65136
28241
44178
54253
96344
54513
106555
64901
98183
88323
103018
61286
105856
48109
103317
110234
100254
68896
22597
49757
90206
91038
32235
84317
104467
79403
59749
54406
73606
80144
84501
102393
109474
33554
113535
39894
111109
66835
92880
99548
43203
97101
98043
48026
38789
103792
97086
57760
52993
105807
65332
59919
105054
95295
38885
65836
23328
70239
101755
61633
50372
34145
43326
36114
53743
88615
123175
107045
60980
41529
67053
61175
94904
89745
55940
83238
32705
96852
99270
45947
51666
102869
41388
40493
65840
98683
107945
65723
80407
56503
52852
69321
79400
36299
113725
98421
107040
49067
100408
41189
39978
82575
66492
79596
38302
66443
112810
38867
38791
34176
81914
49744
97286
36911
47185
104649
46303
78976
58396
31358
89019
73686
90141
56535
92954
44212
93349
107097
66957
98153
102224
30467
109347
68685
42030
103857
65786
104196
65525
94571
90867
53725
40392
68068
105480
53849
113284
72341
79290
106597
80603
