40153
93501
72456
41828
136920
86475
47434
88801
40977
26283
51973
92903
55555
82006
82698
57401
43585
108516
108462
111753
52008
76577
34901
97696
58767
52850
102416
81878
68651
92456
63486
45016
78387
41229
43079
78040
66902
89683
61699
60835
68301
78166
42252
102328
89468
70046
33853
67423
92551
28105
100303
46401
105444
80997
113826
82178
107963
31456
71537
111160
43711
110506
111880
108656
35985
61631
33043
109870
57445
96501
41216
47363
27738
85492
43616
105361
102720
79186
71338
54316
105033
86743
39390
65366
66599
59279
99326
105288
89191
49195
50174
75685
99794
48019
61730
54653
44453
43518
44302
108254
64504
108091
92493
42799
105005
82959
54099
57467
106945
29615
78545
38908
100159
74280
101385
111227
113812
105091
41484
32490
102197
63062
104171
113788
105501
60790
89213
72344
100089
56720
50216
75902
86390
101763
102870
55686
93941
63549
71001
57776
58185
43323
96900
56131
107530
79155
24259
37213
106649
79815
87132
76670
53049
87937
75281
51646
93514
84005
21075
47035
29562
32268
36411
45268
80540
78423
57379
37317
67880
111451
95143
58151
113902
86503
70483
35912
82567
88229
75532
43863
96187
43071
87457
36871
97704
75746
65331
31296
86778
22845
108737
76971
64081
60576
32727
101180
97474
47593
80797
80192
47634
54032
58584
107498
77738
106538
68717
111696
57394
101101
107593
56794
91749
54040
101525
65612
39669
49444
106173
113832
58622
76900
55322
106780
95435
57731
45732
91846
81129
53213
104706
85718
45423
105474
77916
94837
51475
58207
36903
60548
66416
113366
73884
90579
62305
67099
49256
80149
107958
88597
54090
103073
69811
28315
95697
91064
92142
105469
91177
80809
84578
86919
69973
67894
58604
99163
78963
72483
25822
83464
30477
64034
106010
107790
83518
67836
52801
50355
67879
79116
31607
65637
48275
70107
100862
69602
34814
68716
97353
69472
46604
89169
71142
32547
92375
110720
54889
51416
78528
85446
105493
103672
43498
70225
52452
76840
78218
43819
79499
87931
94020
105990
113851
82333
42616
105646
53621
87065
98805
48645
73413
88381
44501
111399
77440
39187
68784
47886
51699
69975
75700
82394
91514
63635
98262
58812
46407
62146
93969
45289
64006
69377
14424
34914
101938
35631
98890
75795
101605
43604
71439
26512
83578
50113
62939
32423
65598
71576
98107
69646
50398
31182
48329
38881
58702
59445
47754
83564
94430
54672
62607
60305
106295
108423
102912
89584
80678
59559
109562
69328
85781
59224
90869
81231
58360
106979
100029
32560
20516
89818
69279
58169
76004
29312
113282
82009
81558
92961
36263
33978
49009
114132
58353
88317
111502
108687
63828
86307
111968
70883
36089
92801
113856
106006
46881
85278
44174
84018
100386
53625
104159
56031
42551
82276
56641
40382
104121
87390
55185
58802
91003
89763
83246
104045
55885
51999
82268
113181
103059
38644
44325
102265
90749
59349
59451
86944
84480
107085
112514
48959
50084
78879
62057
66507
57247
97418
39359
100339
99315
86842
46600
61782
46617
83941
93689
66457
109599
41401
110500
90357
101126
81222
95264
61269
80925
44154
56065
75810
95406
59449
35076
32161
34124
72401
33664
109549
62441
64909
109517
74021
47622
64411
42247
33065
57305
67067
103347
95399
85570
30234
100816
79749
53227
103969
96328
65176
33130
57988
63601
45103
102917
48868
56157
40961
38270
57409
98103
50898
65421
81646
111646
96221
59114
38521
109660
67896
31650
39569
66056
59628
73655
58828
36606
74055
35389
95964
29336
50721
68719
46434
48483
74832
45602
49146
41688
28887
79369
106854
41135
84586
31367
88356
98621
72971
90062
30729
85778
61728
40397
92557
49984
35847
28746
33374
93379
33102
64517
32159
54445
62024
108887
108460
44356
38334
33614
54352
76443
62052
72531
95603
85476
76327
72682
97860
84718
108742
108252
57974
52604
82953
98520
66475
32669
27081
27126
111984
74029
41854
78968
61881
87233
111102
41879
39361
93338
112071
34870
56483
12376
78088
84218
99684
102481
62163
55243
76881
83731
53447
74033
60036
62236
33702
46076
92471
83155
100148
26594
39252
43061
54802
81693
85717
97682
107048
89527
64801
98987
97768
101432
70535
92763
34675
66339
57126
58539
28719
68715
44078
84502
82384
43398
61111
108422
57063
86548
113808
89993
56283
82949
50668
70254
101961
80098
89430
35258
108170
89673
100700
88689
93388
37649
38078
36410
58474
93569
70482
101483
100448
85851
37423
56618
102638
71524
49568
75321
55436
67859
49535
49733
29704
64950
109124
63494
56004
92967
75299
68606
112370
69010
45056
102489
52462
83185
88122
66679
102789
65624
41670
26821
65995
46323
48676
58487
74650
65413
36982
34416
54517
30630
108453
92350
89780
39554
100425
65756
73351
51582
98224
79599
79469
75786
113730
79949
87507
44232
107258
110269
71959
37472
73660
48667
91748
44910
58075
