54231
70659
67603
57496
39023
52546
59797
113080
27399
6803
96271
41918
51643
53977
60006
97404
105876
112532
45705
50027
60963
39477
44581
88139
35216
81740
72069
88068
94003
100364
34361
68983
77564
67479
108659
39072
72966
32451
106357
81430
7311
64695
77565
104413
77195
77821
49451
82123
94807
86823
26693
57929
111821
46054
103354
60440
107962
62866
92574
112914
60827
33323
85311
47066
72438
43712
38614
75808
64383
98494
98322
90379
88370
66467
35228
1431
42179
56119
51745
90086
103478
40834
77876
77669
107165
30675
79524
92216
107649
48443
47303
24266
28219
85629
110715
17363
77981
25620
98490
103495
79039
91189
30587
35007
98210
109089
108036
60099
33351
95308
110474
104448
116214
75179
86878
45536
83532
106238
56474
79454
78857
68623
102833
49013
82001
76368
96664
62418
62351
86610
97435
69591
106429
41904
60947
98060
97051
82079
58158
32412
40271
100238
63759
30182
56544
24782
33200
58993
33391
95784
100114
36630
92834
113076
39387
94295
67506
47609
67229
72104
78203
82912
78973
112661
50957
99842
43849
58291
62875
69777
91365
53404
37470
100382
106032
55393
47964
56793
68838
36875
106405
101035
108201
82854
62754
111465
42215
66930
38178
60769
29332
95017
44664
32615
36053
108867
111230
59471
31574
45838
95167
95396
29274
44590
36720
97154
56564
33207
90756
39826
109565
74408
70753
46713
73614
69752
106925
108266
44326
42765
37640
50964
86333
45755
73619
53664
55727
72511
100040
101761
38120
103374
68448
80346
102841
75016
73412
89795
58430
68210
51614
70077
48177
39746
79490
51027
92817
37434
45148
72306
53827
30993
41395
113601
28176
53023
84477
54110
41624
31892
54532
66976
79995
64857
96622
33810
84649
101552
52700
63897
30220
12146
73069
99266
40726
62210
87790
86637
110689
57070
40518
75753
72430
93232
103138
99729
92544
61815
108685
113038
84523
62298
57990
61741
88312
45151
105638
48466
98242
57505
59329
75001
34170
71834
86557
19343
104258
36988
99177
79859
48727
71470
112133
83944
42512
34735
37300
31684
30455
86018
70516
81037
28295
47145
33288
33661
72123
66669
56669
53856
27671
56320
33662
90209
57077
37935
30275
57495
90518
40583
69030
97429
17033
105695
89147
28366
112770
108688
63869
56104
109477
97436
30294
95518
98706
76782
44983
95394
68894
113942
112696
113658
105905
47864
65725
65778
63939
63055
35860
104871
102897
87529
102473
53417
64192
40571
49877
101161
112767
17404
91184
89936
44264
113932
104205
40411
40512
79591
98564
36617
59418
84365
80918
55266
74900
48226
37323
26019
97830
66345
88526
57473
27774
98891
35052
112347
33604
98349
52475
98299
63103
38082
97592
72549
59890
98838
112367
113158
33786
100831
83587
66504
67076
66324
46411
52103
44320
72324
102810
32433
113793
50895
66610
66160
102587
30076
108327
55474
70828
65719
98835
62440
35512
50926
93703
74486
56737
105137
112420
87196
61701
102529
97618
84215
59553
81640
56017
42913
106899
40850
68855
58535
63006
78474
88592
46801
52609
46646
48007
62302
102955
50310
62506
77429
78005
93299
64238
39277
97510
83642
99827
104866
63086
71919
56873
37486
98794
53618
38146
65085
56216
113690
76751
53888
43715
72953
75727
26651
94113
90826
80785
81718
79848
50431
73174
91055
49160
109388
13891
75777
112554
87686
63836
46265
84244
39400
103401
59584
81750
83201
33738
37007
100793
100034
53461
82431
45870
52234
29294
101769
61600
97245
113941
97844
32093
114135
48761
94424
111467
55294
43663
110977
81877
35616
88658
48173
66867
70368
47472
25595
64183
54488
42877
87909
78178
97927
88830
41718
94838
105192
48606
108766
80928
99532
77689
69578
73376
50995
38500
106818
96131
90208
69479
57435
47659
33628
87907
103931
31579
55781
97826
72299
80845
41836
108289
35654
80302
27246
66834
95777
60730
47581
45528
104906
113590
61039
99470
64578
58333
90430
48128
86524
33178
42368
109292
38847
113747
67617
95338
109909
34007
95244
86550
58483
102306
90068
94994
46018
99092
33719
107122
101018
61082
64601
69568
107511
82228
42806
32992
111920
74174
60772
45703
58854
60463
88938
42756
91063
38086
74859
66982
78541
85811
55541
63745
44899
91387
98914
106532
70264
100683
59916
63654
56023
105946
91550
52070
69590
28282
65884
32162
90227
96347
61113
69604
82290
94966
89852
109323
50425
107564
79189
23599
76259
35761
54995
73392
103133
77685
110486
106495
63197
45314
32106
70018
29889
30938
58220
102628
82148
91187
91924
113077
91568
93010
63051
56518
98479
76684
48368
66300
75247
97539
72509
113979
64288
81698
64974
78966
62304
33368
59714
85231
93275
62807
56191
81030
96396
47815
83311
97044
62352
42682
72242
65975
42089
77736
113830
46213
94897
65887
71445
37364
89727
84174
94711
67804
91594
38101
