113247
55032
66980
39546
88711
74130
101081
59506
112139
99573
109619
36291
70840
68627
52126
38267
95806
60970
82295
102062
100251
75709
107302
104495
103838
62952
46319
84447
100056
60500
47089
113878
98567
61084
103141
30252
65839
112257
44798
109825
105555
36289
31652
83172
109334
70992
101693
58628
75695
107595
99387
91578
60910
98518
68566
102899
108358
67608
58307
37884
98803
76142
91531
69301
66157
67958
112553
92755
111438
30751
62043
113424
90077
54499
44327
101689
74106
88655
92797
77586
98256
111163
59729
64731
94606
32733
110185
74376
92487
114066
71761
77256
46586
78933
97410
60222
108092
85787
69458
97229
109326
95005
54582
45589
48512
55729
110005
87831
108740
56099
105492
109060
60834
83804
59217
70964
40388
72838
61908
46965
113824
108458
76367
94622
66323
61675
55324
75171
87841
93269
72713
55506
112819
106855
103631
105634
97611
96305
55326
59205
104414
52552
75731
76813
13156
77414
75271
43500
60271
69754
100458
59405
73620
91088
93920
45400
