32676
90561
26309
98892
56842
78512
96051
100948
112872
79104
100042
99050
85124
112689
100131
81928
48867
88127
66229
41087
123353
46252
62211
65504
108559
84974
97307
96249
70829
80647
94926
89129
32989
67284
98239
52502
82709
83945
101482
64046
51727
58705
64044
78234
84313
82972
60805
85249
49396
75258
96234
18919
94175
36090
91447
43539
96462
112723
72539
108420
74978
107421
44479
60383
78523
110523
53507
80263
100766
46380
83666
97442
70735
102430
48754
67403
31293
113706
60718
113240
88484
114143
85408
26391
57644
34944
19689
105186
34877
67108
17877
99134
96539
91503
36238
101959
68379
70419
73649
86429
101480
83848
61359
35673
55170
73723
95674
62297
38439
50751
113137
109084
23338
96516
100694
107033
82968
94088
42337
54216
82795
104808
51581
61434
80609
66409
44753
100118
92145
26558
96537
91236
100813
60327
45228
49692
109839
66228
16722
98889
46084
17664
77865
113133
105184
70869
65358
111345
78508
88471
87973
46981
44369
56421
59149
89257
108274
88586
107651
32860
26576
30080
61436
107910
86862
49142
107247
98144
58027
65996
106633
75457
33711
85944
57538
93830
83033
33606
99437
41085
57578
74847
93994
36423
65914
92547
42879
52794
42921
75118
89429
66227
28520
68849
33376
44591
43206
113123
88134
95104
101957
88639
35640
50169
51229
46514
79433
76103
70879
71660
111499
75643
81254
35449
76428
37702
92552
42984
65367
83699
113072
76247
100950
49108
36395
60347
82969
104395
99853
112895
71985
60577
103484
63107
35445
61877
76753
106918
28059
100379
19294
74244
73354
31575
45619
78818
91444
88313
76254
45254
85403
59169
105344
85406
73085
91588
80564
109992
76638
76706
27002
47278
85248
21844
42787
109534
46809
41587
19296
57647
27127
113142
64885
79937
97149
89258
108748
80784
101870
80264
61448
86337
20956
42861
44368
86383
86224
19295
31791
72134
111829
103719
63519
54936
79195
72634
82697
99497
111026
61433
47766
103296
110874
