63984
75102
82952
43012
81091
96837
105355
49653
29240
32016
109179
95737
47119
92084
88602
19979
100581
53402
45173
34750
84525
106154
75333
28592
39167
64766
62287
59288
102013
50841
53410
32172
47817
97617
40192
77559
34555
24676
30254
89291
52771
81357
107644
43078
43964
48865
56053
20723
42175
96361
70531
50724
45498
38211
46244
112167
54005
89839
67337
44492
97080
46103
72693
93936
108635
62596
50869
31051
113335
85500
69757
97264
81110
58955
47436
73302
112077
74081
89870
100428
33668
74583
62830
51435
64875
104748
75350
103502
88136
103176
34607
79446
36267
100955
60842
33873
95870
38912
113170
67917
28597
111265
114065
83483
57105
98138
99114
101048
111034
41067
50912
104452
99587
72228
112563
65813
65259
45327
86036
16959
57426
46476
88329
76512
34417
86620
81041
63152
47120
35965
42148
87035
112504
48736
77660
38860
102605
97257
81602
32885
25300
104441
66242
87916
13762
109765
52655
74798
89299
59428
67317
77976
82954
28164
107876
43243
28168
64697
70932
34362
84277
86675
112757
58052
24730
90207
51170
72534
76556
43232
14418
47067
79316
44762
108920
39898
70113
50419
95994
84448
26564
86008
78589
95198
45361
60071
69417
82361
80092
78285
83655
75006
59721
47744
79361
87883
82592
43063
73094
76572
69304
113929
24859
31812
55156
35750
114372
100745
34838
48121
113749
105128
66341
80592
77588
46386
43481
28217
45360
40183
93387
35234
77077
51721
72268
106188
25458
78594
113343
62572
42199
82055
104411
92231
95892
57395
61676
106618
78539
74478
83693
113689
70034
35510
48447
28651
53278
22597
61633
34145
36114
89745
96852
52852
113284
