63984
77396
89141
58162
16237
29295
87236
106106
32676
52742
38882
33439
32097
53623
106813
29504
110414
50292
27843
42069
75102
100411
83571
100305
102350
86281
112329
96748
43369
111366
71963
40077
49135
91199
102919
77911
36904
95246
90427
49682
63355
87188
110887
104504
34022
82186
73065
67453
65990
25775
64663
34911
98793
111741
80988
103699
59348
60682
74653
104732
85007
135162
29268
90561
26309
82952
113071
91935
80668
113247
80703
63735
98892
43012
58176
59810
76721
49181
51157
109272
41347
43226
50517
808
90779
37198
88700
98372
56842
78512
51087
93233
96051
72381
89937
51648
35433
45535
88839
90093
113640
107552
55511
41535
100915
73421
49288
98584
33894
97626
100948
43049
61743
112872
85015
59314
81091
64632
79104
107219
76098
96837
99069
78712
46847
46686
82564
68179
58786
103861
80093
23976
58547
40584
81137
41118
39485
67209
58481
100042
99050
79689
113516
111151
104985
53124
58138
48790
110490
85054
80416
90606
36477
40737
103987
112090
84276
52603
102297
30779
30650
82967
105355
50731
77956
90523
55032
66980
60270
49653
48613
68010
36624
136071
82407
35348
33122
72570
75987
85124
44424
90824
106296
94902
98441
57210
112689
46957
90922
99675
73375
32798
50207
100131
34932
59319
56546
29240
70954
103331
92157
32016
45328
51161
78978
61173
108126
38151
106832
53431
30991
90676
59116
104451
87216
58731
58293
34868
77849
98264
39546
80706
41084
65539
35447
101150
55846
76612
109964
46251
107289
30224
58723
104016
75666
70682
103430
58610
97816
94844
109179
57711
62084
103066
23938
84209
94562
61000
70105
71782
52584
72233
83364
28862
92097
93516
33897
75986
76640
59254
79217
78108
47884
51750
112282
97496
69617
91425
86575
81899
33954
87730
50078
69532
68730
91010
71547
56862
46483
95182
88118
94572
108589
100032
88711
82467
81928
79058
24226
66729
40148
95737
87508
40851
81133
74130
78813
54400
109197
69895
109118
101081
96800
41044
85714
44342
91535
48867
30393
73169
106951
52682
96887
49778
98221
80701
38889
59506
80533
62425
92832
79890
92525
92207
37299
88127
52004
98325
70781
49826
106944
82364
47769
104592
45537
96445
28688
60117
35438
51671
39628
112139
83067
99781
72964
83910
61565
11730
99573
55552
64222
89535
45164
87273
60033
97553
47119
106376
67131
75533
66229
77105
100752
55010
27049
56687
104905
58611
64591
31557
76041
70162
68421
35672
80191
95289
109619
73041
36291
95955
68217
50329
104623
92084
54786
113679
83641
60902
72698
41087
48062
55120
55884
64391
144325
70840
85011
84788
53500
30992
87388
63221
63275
123353
106976
78265
112730
71455
23968
88602
46252
98694
48690
84225
76963
88200
102222
19979
107119
85927
71916
91830
57718
38117
100794
62211
83615
110611
69930
85859
78198
78390
58814
68095
68750
32641
79300
44493
29954
58507
100344
81860
41880
108392
55359
71835
61816
72142
77224
101014
98769
55804
86246
97349
25329
105532
94329
92828
29293
41803
49624
85729
80260
68627
65504
83652
90235
78455
70411
101367
64549
78323
91267
46534
103667
52126
111215
39371
107055
67610
93548
71573
109572
102816
54925
72501
76608
31642
80273
108559
92571
92710
70244
68158
100328
104908
54335
47853
32668
98261
52197
30237
54034
84974
41387
37556
100581
39164
109843
95141
107049
38267
121135
48380
63050
54367
110446
98744
110313
41499
112650
97307
91291
107803
38155
96249
27906
68269
62892
59879
79894
107873
39265
66744
42090
72454
56394
70829
91759
54901
53402
40757
98846
69775
85600
113660
40926
86276
80647
58827
81784
97992
55118
45173
64431
44586
62864
89523
43678
92169
67406
60043
56981
110004
66473
33304
97205
45387
89994
104597
87850
101844
73294
85163
91649
49684
104718
45286
83583
34750
73650
65864
32304
75411
106210
102286
58532
110554
94987
94334
109384
94926
47938
62188
26574
66890
59226
68386
31503
82380
47322
100203
80773
84650
107705
109933
74993
107641
76102
30944
109413
95806
62743
33704
55302
81720
61873
71014
50670
52814
82352
89129
70541
99400
57643
91754
85596
82663
83647
29984
86380
84397
49837
94112
80604
67640
33612
105193
63739
32989
94574
62789
54217
88750
58037
75456
98826
49386
66833
87833
75014
105962
60481
67284
107656
104112
64535
101492
83399
51639
60970
78019
112026
46706
110102
82295
91963
95852
98239
93966
93624
102835
67647
96441
89781
61336
108591
95012
105266
65984
92894
45975
20626
65021
46543
85220
82052
9993
52502
93918
69386
86083
58707
77417
57894
97246
34122
101713
69639
69539
93111
100252
47549
82709
78969
84525
107601
68138
93403
106154
14344
113463
75764
108879
85966
77915
47724
76779
54998
99312
75333
76607
82895
82165
78008
31569
80255
52830
77606
62053
72507
97230
111181
32931
80793
112302
34187
98934
69418
73272
33369
56058
80470
106824
30203
75178
78581
93206
83945
28237
74701
102273
108446
63308
49023
80518
70680
72388
50089
59138
101482
81027
34304
29428
107857
91559
101435
52230
64046
28391
45160
81706
53613
109471
78642
47679
46621
96625
112324
45688
68026
92886
65945
90674
51727
104610
109600
50674
97498
73962
113525
113245
58504
70555
54096
28592
86254
54961
86537
74884
93759
83189
58705
97090
77199
56955
39167
65182
36946
110144
56468
103284
62121
76611
64044
29702
49521
107868
85045
78234
84313
63001
27784
64299
87968
37308
82972
68629
41049
74465
44550
96545
103171
67370
64766
49857
60805
108810
43619
66117
106559
93243
100782
104082
92302
98297
51665
73221
104695
113055
85249
42665
62287
68371
77027
36349
113604
58100
74881
35446
55362
83648
51794
33571
53305
105506
57371
44761
112721
67900
32107
90108
52027
98184
27483
91532
48525
94825
113648
77608
33251
103727
34711
111166
49396
75258
92758
91443
59288
46063
102013
45946
88347
27085
92096
47249
98439
45183
20012
112192
96234
50841
111789
29500
50658
53410
113712
73852
82675
68907
86471
34896
75854
102062
44592
81605
55656
81419
54246
18919
91971
69244
26096
87767
68267
60102
56767
50686
84203
92102
72129
91984
100251
78532
82120
67058
90758
96235
90934
34400
94175
14781
72225
107366
136774
69410
57530
111027
32030
63566
48438
27082
47751
100404
85909
75901
32172
75355
106397
66340
48024
96567
31414
77733
95903
95014
69984
48647
39624
98810
25396
81217
88919
33358
45077
100201
74176
48704
53248
71815
96355
98762
66770
60738
75709
38089
65613
79237
102662
46184
40901
105973
92753
58144
109465
46711
110886
69382
73637
77154
113515
108585
100338
93525
41482
93171
70560
100609
36090
85307
27382
94376
103551
48508
71122
101298
107302
48239
52144
104495
42813
57510
47817
58599
104484
65086
61408
72760
91447
73124
78211
85568
69372
23230
64205
88585
96575
25917
97617
77627
73104
65697
107215
88645
79192
96747
82223
64184
93691
109476
63644
70834
50432
53112
66061
54757
101319
82005
87004
38254
100763
107988
70300
94006
113401
40192
58613
80884
32751
109638
77559
92490
46388
29353
87925
51565
37531
74368
63021
119138
109760
105125
60310
86588
58214
34623
43539
107354
50330
105972
97399
97866
32059
58406
79119
88235
96462
90691
57128
69221
106588
34555
109779
88525
50985
76036
83568
98106
136917
67078
106772
64550
68289
58982
37612
93158
50858
112723
42122
106670
77250
58277
108132
67051
35386
55990
104854
71785
70305
56719
54606
114148
59626
77973
24676
50759
72539
89193
84729
101050
34123
81302
59867
108420
51875
64051
106281
81577
107703
56156
37580
36798
44799
40723
74978
36479
54844
94436
77121
102512
74161
30254
60280
95124
104285
106878
80205
107421
69560
53973
68183
82796
30941
105274
62793
50900
112821
57354
32548
40101
32734
84205
107917
44479
90323
56174
62727
98702
76339
79519
112710
64324
54750
61977
59552
89291
101046
52771
87846
54512
45593
67715
96370
72394
85148
78357
61702
61009
24160
109024
86454
87406
40731
30558
66471
49136
108035
62922
90094
96671
112695
105708
65517
82612
14194
43362
83891
31651
98624
103838
72958
81357
56789
60383
96646
94708
75174
69835
86901
113925
110222
100821
62952
41393
62046
106492
42990
72932
40056
41490
76066
79258
80403
85210
21596
78523
42971
47714
103132
75115
43735
80259
82876
27149
96399
54389
50079
35299
107644
71617
94277
43078
84111
50396
93938
46319
85151
82742
47153
95060
79613
87272
36355
110523
93773
106632
90845
44231
68620
84447
64134
35304
61204
91059
79464
74907
100056
64164
69023
42463
113999
72482
53507
89319
84933
54542
43964
41730
87727
90142
48865
102862
62731
94359
80263
98599
31060
53604
76537
107575
70521
61820
113501
100766
38148
59894
81612
74833
82540
111785
99280
79042
71451
72365
28562
66654
56053
63542
58337
45152
59487
55992
94357
86483
83694
42711
90283
71523
64321
94783
40363
28458
49172
60500
67074
100667
84107
99887
84004
50690
75061
67746
69834
31072
68295
95794
56673
84432
46380
74699
105805
54431
96143
52833
52925
37934
64064
86911
49936
45159
84201
82597
47727
83666
107866
37433
98204
64336
74013
96277
55815
36973
58007
37194
67767
82814
24225
32603
68695
50163
62703
20723
12003
41599
58300
66486
46629
27372
50665
49853
97602
103744
43925
30600
31568
108519
40982
57437
47089
113878
77888
67169
47590
79235
50835
88739
83328
80121
33129
58296
99704
91216
45242
73916
70009
97442
38862
64347
99967
42666
34969
78613
77378
75573
54438
49830
81582
111961
70323
39629
54877
91396
59596
110095
76633
96350
112130
113899
64369
112813
70735
104204
91294
91171
23820
75982
103403
42175
102430
74830
103212
100583
90792
64672
61959
86983
27921
33214
56594
98757
69636
81507
32794
96089
96361
29629
48754
43367
105472
113746
132680
95277
107272
74155
112823
108435
90735
109067
84510
50994
61972
54460
49765
98567
62333
61084
55099
92118
52941
64806
36980
111231
113520
103141
67311
69457
59781
30252
48225
49193
58359
59554
57705
47231
77640
53393
75697
84813
60796
106909
57263
65839
97537
60831
79462
29676
74761
76378
46802
61798
70531
105815
90564
77686
106800
52328
55743
108990
102043
68423
50333
67403
47442
57636
52129
107457
87746
100796
31293
111498
39764
113706
71321
40069
79642
58188
100542
45102
83339
111122
60718
32255
62818
59240
110547
112070
111606
69615
107822
95779
63462
102337
80266
50724
50256
58560
91021
34673
61363
108378
46110
33216
94901
105625
66212
64638
99307
49555
60346
80910
29846
113240
57213
82551
112938
48041
113398
88484
44583
45834
122761
77618
51608
114143
105428
98217
88460
112366
100539
45498
93566
47894
101317
34852
38961
50217
72669
113654
95018
110723
34127
87749
73540
103483
110923
62008
59301
33862
32556
52099
72316
69616
113493
106378
65969
17224
38211
64061
68871
85408
43346
85612
41343
48125
84282
110580
106002
51542
74148
52525
109667
32790
86960
46244
105980
111791
57469
91669
26391
59420
72794
44935
102308
96563
57644
86381
66193
43502
70859
28527
106038
89190
95772
64906
112167
101281
85250
70476
68721
104895
60040
84445
109514
33353
34944
83156
79989
50404
19689
56617
96608
87865
114085
55809
68182
90993
62429
98733
61837
54557
112657
67114
32589
6796
112051
64239
38691
76422
70402
60115
97793
59086
31839
58464
74542
76584
82429
87842
104844
75190
57503
95036
102696
104173
107251
85384
49341
105186
26570
39527
75243
110442
107946
54005
37109
66528
112257
82487
84382
79993
34877
34050
103457
766
52508
46834
99702
44798
91148
67108
97121
54790
72303
95009
28325
66261
24845
89839
88478
63678
53308
83788
140720
86463
88649
64390
91318
83901
103690
88650
82745
47914
79882
66214
81755
87941
107837
53971
53594
17877
41872
20826
59696
70917
30947
105250
109825
88219
78677
111225
104657
98082
49154
63858
16556
97772
61531
71034
68617
61304
112826
28996
112040
86311
103498
57604
89609
40355
54970
73747
40160
57347
96438
72841
67369
99134
81410
26260
96539
96952
91536
67620
107358
73323
67337
113215
66334
93894
31654
91503
103669
99185
46594
28435
32715
24781
50930
61778
105555
103396
41795
91191
49736
36289
49415
44492
30797
72109
100633
89805
36238
64790
48815
58417
99290
22559
104220
84026
93376
101959
52587
55724
31652
26527
94816
61661
96819
93626
94664
83965
108853
28470
93678
67891
45083
69395
103849
62971
39312
66218
52326
30563
68522
26310
82690
78217
70867
42094
80064
97080
47156
103140
109291
60537
46103
78299
45008
7380
109737
47802
78967
85459
78746
68379
77536
47348
61623
58365
94947
99640
108790
57809
100712
45606
72693
44132
111601
34999
110708
81567
93936
29363
92019
51849
108635
58039
80780
101490
99908
86711
59688
107497
97485
70419
39970
85542
71604
33406
50683
62596
22272
113787
90363
45711
78791
57380
50869
61463
36764
42801
58407
104450
101619
110106
98747
75495
104367
91949
72578
104105
75536
49606
50774
73957
32083
77739
73649
53772
92067
53238
86429
70727
75757
108002
29318
117378
104070
44269
90113
71230
101480
69634
53945
40681
52968
31051
112665
70924
83160
101803
99685
96903
113335
53997
45842
74704
100163
42935
81713
96471
37383
57806
45287
36796
92958
83172
69969
90830
96184
41865
85500
82175
23988
99142
90054
83848
101614
69919
103289
109334
30088
97656
103346
99030
71327
90468
99484
50854
75785
37209
113831
60737
100130
32665
69757
33790
81333
55176
93573
59396
110413
105789
72923
34144
35071
79521
93431
108617
45986
45696
77754
108712
32133
106466
76283
78147
65513
83718
73743
95895
102410
83480
109512
42840
68485
90425
61359
20224
94207
110056
27794
100899
45195
89082
58173
46452
104152
96358
34918
58330
45078
37595
105151
84254
69892
97264
68781
39447
136073
53673
77141
82427
92066
81110
113845
108768
40962
35977
79146
92441
52601
92463
113172
77487
32731
44256
56098
53397
55437
57663
108876
58955
98145
36894
95084
45308
55372
56509
34038
96153
106477
101682
66546
67245
71802
111760
106114
46199
34982
107308
80772
47436
79315
25343
61752
108004
69345
66066
110253
54180
62075
111884
44952
70506
70992
62770
52810
37081
39932
85184
52608
68850
106346
114072
70868
109915
30400
101693
51544
58628
73302
62842
109444
103458
81224
90718
86825
107614
88353
108385
73651
49334
112113
113834
37052
18034
86070
73956
67454
81811
57612
30063
98078
107168
76680
36541
60216
49120
95865
91142
119584
67957
62719
98258
55348
35673
112052
74707
60482
96404
106336
72020
110387
86822
55320
44130
113338
83220
44399
112077
70054
109299
52753
72420
69569
83403
99763
85856
79479
74081
112441
63677
111193
68091
36170
58881
55249
75695
55170
111497
79310
63128
61947
101504
63091
88816
36186
14343
50024
60701
95151
99700
87036
96964
49260
32436
68575
80026
58754
111705
89850
73723
34674
75079
93780
13295
95674
73843
107595
58128
78487
41250
30683
59412
105657
33449
39165
71002
97665
60212
27627
9022
46111
86555
80556
70420
43607
44411
62297
8856
83834
110025
35528
92540
38177
9552
67425
105811
43077
89870
101203
61158
35526
79910
79833
111040
38439
100428
54388
99329
113503
107249
102019
84278
99387
50751
74852
54467
30561
52510
51714
33668
87082
37693
103496
73815
52806
96804
106398
113137
97380
51529
98623
92022
74628
36699
46606
43952
109084
67375
26108
95058
81717
55298
77162
105639
44413
38022
87669
91578
83427
60910
70423
18543
43311
25728
91209
58415
94589
90941
23338
111718
55187
74583
109303
96516
95142
61279
138807
34934
114126
86258
113956
111264
100694
70349
72319
94910
98518
68566
102052
111935
53639
102939
91374
66244
112478
77482
107033
35988
63834
112456
62830
110560
103270
45709
106677
98142
96932
68675
40384
71006
62758
75825
80071
81024
68441
81970
40074
109293
83527
76835
53855
82968
99328
45557
113575
54809
77423
99540
61725
73798
84186
100618
53525
42600
110489
43018
82798
39572
115500
84506
71816
86448
59239
111603
56741
68893
86991
42402
37913
79994
94088
40567
97775
54788
79079
154444
34938
51435
42826
79048
61326
97591
50442
49851
87443
64875
55283
84310
29955
90549
65779
79727
42337
98356
108651
33236
92424
99093
106437
57226
91220
45470
50614
95100
102899
64200
64413
51790
104672
104861
58203
114477
6146
88767
42762
51995
67033
32624
76654
87135
66493
64802
52065
76530
37490
55391
44036
81160
107941
100423
63235
79086
47412
45517
96000
34706
74019
47647
104748
55873
28182
42988
39626
52276
98939
92725
40997
92764
75350
98491
46673
95801
66918
57205
103502
70786
107681
51337
54097
36897
104517
31336
105272
50143
105909
38306
34331
89569
104210
31457
61006
88136
53155
54216
79874
108358
67608
88867
18157
98820
60044
80623
88762
103176
95966
88440
86736
53598
96982
102711
99878
82610
123330
105443
106323
34026
73338
1831
43762
81641
47494
77407
55721
60568
78060
97673
93905
38863
85458
22874
66675
80607
65721
82795
62792
137950
104808
88685
39486
24587
109148
112309
107288
60692
34607
65325
54290
104600
87536
54328
40918
83575
69927
6455
83560
74156
54895
86123
100807
73745
98620
60309
45988
58307
101597
112487
27008
85863
84913
109277
114482
110559
97885
73046
33446
66243
79446
44398
94184
79056
102894
114150
90220
41251
36267
86559
32858
104136
99443
51722
30061
100955
107829
52837
94379
93967
42948
75711
86817
67404
76831
27656
49534
51581
31104
64410
56572
113522
95893
60842
49168
82274
32291
61333
74152
59747
110109
33873
94074
63816
69013
36837
112970
63363
81426
87270
43361
37884
103446
65542
64729
55220
38085
73652
59372
32718
98803
114011
61434
63359
94806
91301
78681
76142
30384
104542
103323
109100
89469
71931
107394
64803
113003
93943
64621
91638
14707
33505
70422
97897
88756
102059
86764
93402
94921
48489
65857
108542
88980
37859
83559
95870
53974
77574
104400
48786
35054
105530
94535
79204
56315
88879
80609
69162
69414
58009
96914
103144
38912
97502
52999
54330
78291
66409
59838
46945
41352
100192
101178
108968
88066
85967
74690
86715
44753
43451
113170
32033
63940
44317
31979
80278
50239
55068
94464
34025
88024
100118
64221
47091
77914
103438
32413
105578
64835
97164
50563
88282
90448
49227
113623
44239
93307
91531
84932
48778
94361
68236
113637
59662
113045
69306
92145
111365
78656
71626
112258
92614
93964
26558
96223
96537
88886
91596
106861
104628
97461
67917
91236
93754
71587
96484
86509
67960
29747
28597
46379
75296
58447
46165
94442
42878
70524
73053
77222
91380
94685
70373
46266
99481
47667
97183
100813
34520
26016
101030
83308
96429
71831
105697
64232
93857
69301
33219
106249
51990
75569
86612
95686
66157
43876
72500
58357
92440
90315
103450
76811
100983
105890
69654
101807
79301
34941
56889
106095
46599
97124
98830
36097
43208
91885
47934
58605
92829
39718
88788
85745
67958
100486
40795
62801
93839
108441
60327
48316
82450
29453
100612
112678
84128
95056
107379
45228
66650
52838
76796
93652
51662
70628
41483
111773
66673
68544
111265
65472
70857
56473
43204
88019
60183
44022
57434
53812
49692
89675
53670
44698
100418
112648
50676
42466
58999
98681
34902
73307
62108
71197
44074
105711
105343
44215
109175
57465
81621
109839
50664
114065
79105
82656
45977
100309
76688
85546
33674
36956
89083
36531
38251
107766
35952
69612
108436
83483
49509
104048
78701
50145
39895
57105
51036
94410
91708
95602
26611
75408
87604
74430
90402
98138
38894
59403
98647
70431
66228
54768
99114
49431
33597
82966
97313
90197
107647
76486
66888
64898
80570
108866
33740
112553
16722
65665
66543
91056
46501
36704
35996
90607
37319
81679
72567
42753
80984
88167
92514
68112
57790
19596
104402
37004
94823
75248
86953
29231
88683
68883
58806
65910
93860
67705
112433
82775
56504
65192
88753
50750
103440
69384
92755
28436
33793
105833
77676
58523
101048
62450
36223
45936
64453
75337
67355
42556
85531
111034
40753
107952
28235
72366
110752
124419
14790
90166
46300
77880
56392
103037
112041
50194
58724
86703
98889
52231
109286
61036
93370
27397
57349
60165
88935
61780
102232
68445
70058
46084
71211
99513
70205
28863
57911
34587
55682
68875
97929
41067
113402
77353
113498
70948
101002
94769
41047
33992
55636
83576
77843
70322
50912
73371
43126
110647
30395
69387
34873
66661
76672
93320
85264
40804
58822
104452
28528
100833
108386
62284
81425
108179
79068
36071
111438
30751
17664
58768
153248
99873
77713
106360
106986
85256
78937
46645
103840
93381
99587
51268
100632
72228
64284
67184
38773
100039
112563
98054
88071
55026
77865
108134
89106
41825
74235
33508
62043
97433
50003
33234
106672
113133
69596
103023
61585
81344
86211
54436
106666
58861
45011
76074
33688
30498
110427
62757
111089
101333
71133
93653
57714
67634
48751
105184
91777
17832
70869
110700
31656
38437
74508
82317
50831
113424
92437
65358
44306
47026
26801
24432
91655
70455
90995
65508
94964
68141
75755
78816
109597
108130
92295
111137
66776
99436
112174
65813
36824
104624
83336
60752
97766
86538
72661
69809
96389
93751
112321
95647
47299
27179
112004
83386
65259
78139
47376
82011
112785
29429
90077
45285
36021
28617
33206
93613
40727
41336
45327
62858
52526
45473
70590
99303
105464
56412
88921
83715
87061
76685
38790
80776
78661
64531
58674
98693
56441
87681
111345
77148
58235
81517
60740
100829
101960
104858
52757
55287
113534
89532
130085
69173
21527
73070
67870
74328
112092
83407
28860
37385
54499
37017
31726
86036
111400
106457
16959
149920
50613
101305
78508
83911
111981
68889
2512
65471
83850
42798
44327
104885
28567
78106
75549
72671
93128
53544
110363
71456
47031
71182
57426
57057
104031
96275
76667
109845
51125
79494
46476
54247
72391
69226
88471
56486
77436
41556
97363
73787
59807
40414
111725
101901
27404
87973
77764
100257
86609
84219
62946
44752
53985
94284
70740
88329
72576
26975
90373
109509
101969
100387
45316
57846
86741
78789
57356
45357
91051
91060
106920
78182
33570
61432
51301
42063
97473
24503
38528
46981
44369
100914
105291
29431
101678
65821
18953
38435
78003
71980
109283
14036
41736
62886
94176
89417
76512
92912
62982
101689
62097
42503
74106
60300
33599
68092
100981
89689
58510
39886
47597
55996
34417
113852
56128
35058
81335
94209
28123
83253
56783
94135
103344
96247
86620
77041
42147
108037
110804
33174
64728
53633
139626
35051
88732
85938
110897
82015
88493
34225
41459
28997
82038
81041
56421
49330
62299
109069
33787
84948
93246
106556
89091
110577
81570
75721
76457
38605
34112
97898
78524
33305
44933
92101
38218
46668
32543
102132
86477
101017
83548
61574
62190
104018
92496
79750
76297
45756
62392
81763
72345
52851
91259
59149
65622
89257
67022
39271
36924
102454
71504
79343
80374
35251
31763
84990
7379
38534
106189
141697
44312
113136
44291
95267
51502
93649
108274
83461
109637
76408
87742
41172
88655
92797
70000
93343
72756
86147
60694
91864
39540
64534
88586
90039
69127
42657
98753
81213
67343
36825
53263
31992
32452
113276
37214
77586
107651
71448
38868
78257
106903
98256
63728
44596
49940
32860
32686
77158
103460
28791
56095
57665
63152
41791
60637
112076
46771
76340
78819
93558
61211
47120
92630
90720
82411
62507
52643
64572
76005
90329
111289
79416
66331
32292
96802
61132
35411
111163
96360
77317
25989
78595
35788
87386
41933
55626
61973
59834
107819
107872
84504
67464
59671
32744
87195
30631
94172
112834
37362
106881
66236
39975
90577
104724
59729
107785
112176
54657
64731
93853
31889
57429
101824
86085
109158
35659
78887
31435
110358
41342
35953
94606
77861
54260
89787
45476
45288
24430
35965
71005
103761
64292
100521
59450
42148
59023
24131
71992
42295
86713
57069
26576
74475
50743
33637
35320
78057
102353
54709
32221
91065
81532
64113
66306
77106
98361
81723
92243
110337
73168
105277
45179
33077
46053
79982
113978
87548
30080
51602
84507
59361
35132
73527
78533
97273
37830
72952
46789
100314
26920
84097
113667
54960
57352
87035
50966
81859
42987
32733
87509
42684
41086
102215
92206
45161
70267
36211
96670
40234
55514
38220
92004
112504
48736
49608
54387
89724
37941
110917
53179
43359
50832
56147
72704
89940
87218
74135
101147
72916
61436
59024
56762
110956
63282
97419
73589
38727
106551
91875
84446
107869
77660
96409
38860
86976
106928
28354
103173
43972
54075
86985
81040
107910
86862
60810
72393
49142
39518
111930
86523
62000
80243
89087
106941
66014
22768
80143
68548
62009
67393
94083
68628
62867
56234
62428
80209
107247
54533
136314
62631
79075
37329
111303
90975
62185
35440
79432
59183
98144
33758
58027
102605
41321
65996
34858
71711
105307
80187
41404
99741
44395
61871
50523
73537
39089
37315
48523
106668
89111
31657
37790
41569
106633
76764
77921
84787
75457
110185
72431
101368
117272
47435
109827
97257
90249
89849
30859
60462
70370
54254
66894
59350
55059
57616
82739
88140
157291
55160
58174
96196
75206
81309
82350
61431
33711
85944
37836
64202
113237
45466
102360
85370
37326
84289
31433
108665
39739
85498
101581
14930
74376
97716
85255
86236
95690
74739
44034
56108
70202
27826
37371
81602
39726
92487
57538
111823
29559
67148
90199
93830
108084
93301
32842
113969
63543
92494
96440
81061
95855
36929
75766
78402
84489
105082
94809
53756
69189
83033
33606
84978
109290
56018
76429
102731
91847
49394
112054
76908
124486
64515
80569
65705
106494
99275
110186
51871
36067
113796
99437
39734
65191
110461
50655
105315
41171
62420
76873
84819
93219
41090
104501
80783
111335
97262
71567
104547
50444
113064
71813
96530
90521
60445
94776
60909
77441
32539
70693
81581
86563
41085
66887
41548
78109
42537
105989
88738
47170
57893
80786
80309
41821
82587
88775
31646
76466
77014
39026
68901
58242
53874
55469
63606
113468
87148
34783
101457
39393
33660
105671
56217
77277
103260
52932
95294
110919
44014
52108
32063
114066
56286
91554
87463
57578
71761
87620
49068
82627
85896
51190
110557
69118
77809
72582
50424
92693
94831
74847
67050
113394
71154
103063
41944
84165
49547
84938
105570
55149
51682
83903
77442
34703
112483
89623
99996
53115
67441
63357
26466
66034
92300
75980
69970
62616
35134
100447
61872
32885
93994
53984
77256
46182
69134
99592
36423
69841
91388
25300
104441
105797
86235
101847
90581
100333
59505
108424
82381
64367
72305
92728
111985
113081
82964
65309
67055
47698
51507
54555
110273
65914
71830
86606
112828
44294
70101
56718
45987
40646
72947
66242
102255
59299
57345
33909
88774
87916
41993
66977
110411
87998
68364
54214
31350
99183
112482
73910
54628
85121
64605
79388
37489
39697
56901
92547
68458
42879
112937
52794
46586
48912
47036
75440
49137
107949
42921
76624
107475
107638
63459
106099
114048
49611
75469
90381
99798
89829
105575
75118
107955
109852
63539
97151
79342
110054
49828
72005
86916
101893
82232
111100
46448
88411
86652
60770
103072
78933
22958
86995
103538
88647
111520
112295
111568
75445
89429
61272
51638
72645
70398
95210
28708
13762
93552
61154
51684
75962
55242
55621
26832
66227
90831
40754
45874
37706
85457
88923
102951
91586
52545
85853
41394
71927
88410
77312
62992
69396
54479
53960
68527
63871
46294
80714
47309
92633
56296
28520
97691
109765
54334
40803
71755
78298
98961
97410
87951
50488
98514
50112
88436
105926
87812
99572
68849
89142
63009
75728
41218
32494
58530
108590
75493
47228
66773
45859
78757
85409
99966
102264
104471
93662
64280
60144
80156
55418
59693
96334
105737
52655
57067
109924
45392
90612
58230
112062
101277
32330
41968
41502
66310
58121
76781
50365
38018
33121
82727
45136
104694
45787
92376
74798
109715
100765
29667
54019
80032
89299
93640
93097
77907
31769
85676
86277
96509
65681
83085
80710
49166
75714
37609
63362
21950
87726
113659
102916
66201
84108
107875
93908
74483
62447
48908
86531
56739
40362
113863
105102
84220
101811
32405
40269
60222
33376
58437
94715
46473
73748
111907
97629
110450
129657
42992
101825
53733
48602
109976
85497
32160
52123
83917
84576
61700
78155
71042
101062
51897
103024
80481
84287
91151
28660
60396
59428
108092
44591
26148
73177
61825
109952
78098
55438
87305
60381
85804
105333
113955
106936
108488
81209
43206
23093
108620
86061
28324
80941
57815
105324
24224
67317
23226
81960
62072
43590
80851
88927
83530
113123
70561
73902
71917
30184
49586
60079
77036
97241
48609
74378
112544
111714
73647
105035
57366
87097
75300
93859
108145
63780
73548
54020
90615
81068
109983
36836
88134
49643
95008
60968
90429
101864
41906
105742
29706
28618
76975
95104
78977
85787
101957
92273
86977
103035
101922
112760
33366
105692
69458
88639
83077
105233
113392
91552
48222
76860
80047
93339
77976
68898
111306
35640
85058
31348
98662
102840
76125
58543
55105
71205
97229
100453
49558
84424
110692
91607
72873
112688
98390
30943
55269
99906
111719
110852
82904
96772
61332
107789
64162
35408
82954
108695
85885
109326
104652
104991
60792
50169
76941
41869
79437
96658
58171
103040
108023
89378
94559
69229
92837
28821
52131
95005
38167
103545
111004
40314
110333
73090
101278
71320
51229
53788
109080
88125
35075
106411
95824
42558
104231
46514
56746
14195
65852
34163
64405
78703
33372
55442
43615
93547
71130
75203
110968
47177
79433
76103
58514
89124
41322
107604
110449
48837
82396
96527
70879
41033
70655
110645
92068
113399
66472
7054
71660
48013
101765
55777
52075
111499
62212
54582
58254
108531
59649
61085
72003
45333
93758
56527
103145
96248
37234
91297
86047
74186
46570
59364
80539
91226
36335
28164
82325
67387
102375
86890
83022
49593
106713
68196
103180
64902
103045
24128
63185
53505
70003
60214
75643
67069
107217
80578
90565
51845
62041
18518
69124
73894
58011
81254
101747
39620
32864
35449
57353
102794
77213
76354
63934
69751
45197
35550
95118
101588
38839
90176
33699
81194
107876
81770
112716
31308
56596
63705
95343
109890
101679
42957
73244
101196
111923
27866
108645
41260
52540
101413
76428
92124
45589
87606
47044
36161
87830
88766
34111
37702
48512
108391
87504
77988
32306
48747
81576
28895
56872
55473
112765
86095
55729
48626
111031
69298
43243
30813
37082
79538
65143
41053
31643
92552
32555
46015
102979
52741
97359
108088
73751
88684
106054
51650
78316
64822
84836
112129
28168
76423
113100
79831
25842
93341
84007
103983
62988
22255
48564
46038
60224
85383
27219
110005
79632
68014
63794
78192
90213
112289
112747
77028
45846
94850
74310
86262
59106
77789
87831
42874
43282
54382
72355
64697
90555
77889
94768
74951
3505
53260
103494
60754
70932
105745
84656
33249
34912
34362
107222
42984
111947
65850
111404
43708
68425
78759
110646
65367
60674
64449
106797
102867
30335
67242
77649
32264
78974
102883
97469
51165
19420
47710
96856
52130
25404
58446
84277
78056
110555
113278
99012
58747
86675
113023
66265
100527
119964
56952
50522
86124
111187
104164
60543
39408
97180
62385
60046
44540
111870
48328
92211
78708
66847
78788
62698
112757
110939
46582
81682
25990
59038
43468
101258
33120
61067
85078
67619
106980
74908
110691
113041
52853
32728
108740
44526
46405
101526
70515
41400
72625
65634
38844
88991
112820
57005
106759
101980
64826
47233
72861
56099
67176
86809
112692
56840
40533
65611
86256
69778
35720
102305
33795
55741
113325
70557
60252
58052
112200
80503
71128
113573
61355
89737
31502
113517
58585
48018
64714
67405
100160
33856
79286
70171
57230
24730
70015
90207
105492
27217
60992
33030
83273
53174
51170
83699
109143
113072
109060
64969
106341
76247
47892
71329
110395
101589
32141
106665
112675
43558
105482
84309
113838
83873
113502
105143
105369
112728
87534
100337
49323
54049
64434
101843
102532
96469
83720
73246
110125
99601
103113
88987
74544
96088
44466
47953
40832
47937
34166
101700
69648
77266
104015
28607
67809
26971
90726
76543
71474
100950
60834
93451
6670
75561
88825
113006
77798
76913
98486
78765
96884
93625
95997
35524
110050
92298
34492
90114
49167
74374
31140
40899
87840
49108
111278
80201
84117
112195
50318
81101
91305
107334
83804
59217
33969
57397
32174
72758
20455
91240
15525
70391
100128
54791
78385
97192
137743
56853
767
107918
55071
86656
95845
46357
68361
36395
73057
99045
93784
78734
34650
84505
75546
75598
85879
40572
66790
27790
50173
37655
96273
93168
105809
102809
55766
38161
86458
83734
73817
66361
26458
83997
89685
73760
135463
71605
63271
5506
53306
60347
52969
53409
56094
60378
47893
94705
80519
82969
50919
89127
37428
76252
101470
94968
52322
77688
107420
105463
65672
72534
50848
24644
75422
52506
70964
53501
75308
109733
40388
106919
29746
55119
87597
69585
76556
109762
111790
89830
70522
58069
47885
70984
71581
72838
70178
89426
35754
74150
70161
92513
41340
89384
105103
33442
104917
73832
113152
72057
60615
79922
112180
104395
61908
79516
72102
100268
46607
61838
109569
71012
106325
103223
93508
77917
65141
82155
79246
67171
50222
54605
70432
99853
112895
113524
100468
53170
51734
49875
75916
46965
71011
84202
92025
58216
71985
110485
104116
110918
79838
52239
111671
99987
73907
103099
77712
98996
50916
112496
112151
103856
50492
22507
110724
74705
43232
33438
38672
85791
62013
60558
78130
89080
86015
113797
109123
91739
60577
39236
84862
78456
105882
64190
106375
92776
95074
86562
33208
14418
57282
39372
70676
37738
79755
82046
56999
61298
69789
112021
49054
75691
44936
62483
81329
53588
93130
75259
78090
96274
81950
68860
43614
60593
42188
28859
54650
104328
98888
45992
79996
103484
37945
47067
67673
100675
57891
106720
59540
32861
38494
79316
114127
47487
44234
44762
89888
79128
69191
110381
73270
32938
82275
63107
62791
27282
35445
52028
113349
49069
87409
43683
71389
132310
85719
75841
82852
87190
57168
46917
50021
62099
76906
34305
61877
81221
111952
69145
77303
95668
60484
30948
68803
107657
83864
43581
91845
81895
70759
36702
72017
91043
43639
57932
85336
111403
82674
62585
107186
108920
5288
111771
37885
44599
111817
76753
60254
81199
68616
85020
39898
65576
109516
53595
95346
71518
99749
59323
52994
86309
33855
104726
57614
100278
29727
70113
112769
113407
88106
101163
85736
66489
47199
43525
39837
43009
28780
62551
87503
38861
64575
91478
85317
56672
77715
68088
40749
75208
77019
102649
78803
105509
80878
45075
61777
113824
50419
95994
37641
82955
38871
31546
33657
66587
75646
108458
91483
46438
84448
49737
36239
51283
26564
83245
92506
38913
61065
98580
102942
109087
76367
86508
86024
38079
99911
54012
75515
88693
58258
54315
94760
113365
111049
52503
93054
80573
86008
41497
75297
120357
111918
66999
113241
66415
59524
104313
106918
111050
62588
30380
29820
104760
81303
112444
102213
88630
33235
64440
80290
45820
92627
113582
68859
108672
84995
36088
71791
60574
99080
84211
70899
106886
61721
35819
85361
92255
92709
104627
74237
100572
56569
67512
97379
83682
99515
28059
87650
110419
70263
112971
98200
60903
41083
68738
98009
94111
55435
64510
94622
42088
146799
78589
100379
42712
76948
102228
99156
109297
74665
95198
73684
102623
28849
31023
88940
61110
98375
113987
97000
58405
102958
71111
23267
76783
48763
63290
101324
73740
103137
76081
60654
45361
99041
49006
75769
73840
93214
47306
91774
102266
72622
107927
95121
79030
19294
68625
54212
102369
40365
39551
79878
45757
65628
92349
88166
94889
44147
80062
91015
62342
37022
106426
104962
73771
84157
34173
65023
100417
100205
44478
105290
66248
109163
109592
62444
61720
70835
56731
114018
35612
31375
57959
17672
99446
64446
73139
38179
97637
63874
50393
92141
113403
39373
104247
60071
109891
66323
66889
107208
77502
62721
78525
61571
41601
29626
37755
51730
33522
110407
71672
80504
79789
34930
81786
61128
74370
94219
95178
69417
111858
63632
56206
34910
66083
38888
61675
88751
91934
78087
61327
56522
89077
42338
91180
111820
98703
74244
112493
41804
111681
112242
110048
77987
88529
58351
82014
99905
65434
61178
57525
62325
41458
39020
113600
66206
84279
101077
43559
73354
46889
77944
103172
51637
60013
82361
99202
80092
31575
68853
52509
53442
57749
49609
57730
55330
76970
72211
36978
104394
102207
35655
41623
32796
72842
112658
53136
52486
85876
52232
78285
80130
114142
78690
62141
87761
44741
65233
45619
86088
103902
72136
45687
86020
32558
111307
30078
87510
97694
151608
67706
68204
53552
42555
73166
106005
40936
29992
53156
55115
73146
71082
66089
101433
78818
65787
20457
31030
95637
58517
80771
63461
105979
80712
55324
34712
35219
90057
112194
91668
112492
84177
29495
84851
34307
100250
30268
42796
8475
91444
33221
103839
97206
98235
53815
51554
60351
88313
69359
58840
35992
91093
105637
94925
43115
32443
37142
83577
60260
62454
69478
94469
79992
60235
51188
66152
76254
83655
111627
44785
104648
34536
95765
75006
95304
105568
57150
93836
97068
98842
75171
72335
100637
104612
87841
66379
107576
65706
54518
104309
41139
56868
61281
109014
88804
81637
93922
45254
107448
59666
102446
59721
84210
15900
93269
71450
43794
47194
74231
86544
31390
86816
74925
84039
102993
60673
86654
97547
55942
93757
79349
102386
103808
27611
92500
76889
56290
98083
93504
29729
89851
80311
66914
43674
58471
46967
72713
97928
58160
96020
113266
99561
52411
41038
90087
71401
58882
90018
63492
47744
53727
78107
79361
40833
52157
31820
34051
54094
103017
112209
91218
97211
84032
77563
68142
106712
107784
59494
72504
46185
111319
51697
55506
111313
99392
98679
113970
94725
68400
58035
85403
59140
111085
41756
98337
55715
112855
76623
97822
70758
93701
59169
87883
76802
67808
96477
112819
109738
93724
72013
106855
108839
106676
20010
93129
44973
111874
91959
41950
62311
70445
108367
41204
54579
78356
4510
92537
32347
77887
105971
90921
96766
101838
82592
40705
40896
76420
92099
68307
29269
101228
105092
43063
62566
56523
81150
74663
45241
55262
28616
73094
97887
34480
94007
77127
31346
105608
52911
81186
63003
32040
105344
113820
44792
59940
96926
66238
68288
69581
103631
112702
85406
81232
88387
109213
74753
88698
59732
82430
66021
20749
46030
107016
50749
33003
102889
75512
82910
78885
38998
47919
49378
67438
65707
87070
42460
83421
68225
60398
78718
48011
13869
56050
89009
76572
55547
27652
55744
68422
52874
54018
38872
98678
106354
111389
76003
78535
80084
73085
105634
97413
37763
103128
111605
62545
58832
66562
67237
111754
49819
97611
43309
98411
78883
83779
62036
45547
112453
60830
83472
35552
69388
87452
85288
69304
113669
95043
42502
109270
12516
99731
91588
31823
49532
80564
108328
113929
36700
33210
102851
84284
31455
66086
87747
71787
38647
62175
94570
80822
78029
24859
64233
31040
105269
54843
47118
108347
79223
100307
61898
79735
80190
62288
64899
92953
98425
15882
52594
57823
78055
12323
99782
99644
113312
82324
68137
102822
113765
77092
92966
31812
84213
51775
81450
85227
109992
32792
60976
78710
111758
116691
55850
76638
71112
84343
62338
84949
55156
55011
56636
59866
33375
76706
101103
93395
9568
35750
58545
102194
84723
109666
101621
109851
76844
89537
39523
51647
95635
88523
52143
27002
47278
101282
108461
114372
85248
107388
96525
77009
78965
54787
111247
39022
64732
73673
99822
44808
56353
21844
37030
81880
42787
802
78287
70768
84345
104158
25605
73089
93970
79442
46155
95197
47465
84444
64428
109821
60862
112434
98050
112925
50715
92359
48486
41792
53341
21443
90022
62574
112962
106417
74028
104971
93925
66079
64645
96305
110298
109534
44433
64540
57196
56769
97478
76380
113482
76583
28382
86974
98667
109343
94824
61781
46059
46809
74652
93380
104576
80095
33809
105849
63057
52754
30367
100745
41587
36304
109456
98410
64541
110147
24925
80287
34838
64634
80944
48121
91154
85048
55635
36417
33301
86102
55683
90745
48826
142535
53218
35462
80704
58615
113749
110057
55550
59422
71108
77787
63294
43497
41403
62115
19296
71029
57642
104703
55326
54035
105128
111030
66341
67359
57178
60494
61404
28484
126761
61863
57446
75182
33359
106211
38344
55802
29501
65370
9191
96218
109429
73803
39976
99154
50857
88755
82598
83654
98076
56652
97791
98714
8013
98658
99168
100088
91208
87252
59304
80025
59205
54435
105668
32203
112197
36050
80592
61615
82801
57647
32625
36623
59400
89471
74146
44559
55574
89621
91317
91639
69813
86090
77588
103491
54043
62270
80094
44128
54761
31888
102065
105415
27127
60460
91807
92369
85886
113883
104953
76710
94965
104151
80995
46538
113142
112950
70404
108693
46386
69610
43546
97179
64885
72662
68847
80708
65967
34442
39852
47966
43481
59648
109046
108680
88612
30137
60409
58008
39013
45167
68848
109490
40357
86244
54404
90135
65304
101131
82051
88223
47063
41817
70032
69948
88491
3584
96120
61441
67672
112298
40117
111712
104414
85957
38994
29226
91311
37741
51733
97454
82536
107916
87466
71353
100565
69653
61435
86932
58977
81508
54103
39981
78647
80838
100685
40389
28217
110527
96970
48669
107355
81502
107646
94192
83446
104013
46609
52552
30253
71506
81892
77098
99757
83408
47696
60872
54370
45360
67087
112672
108615
77879
68674
108893
66373
93833
37050
45175
55290
30483
55867
47488
64713
57431
66039
103319
79595
40183
38774
79937
35210
55941
93592
88989
97149
72364
112703
100461
79386
84524
2988
50845
112556
48301
72960
90008
111378
42187
59448
102378
38519
91053
57868
31042
108852
2180
80502
93666
107410
34339
45051
96217
90189
60735
41399
95704
47834
83569
65505
75731
104875
25700
60522
65674
55735
61968
89258
72725
96947
78964
29181
108748
50022
70925
103165
73558
88699
76813
75273
30866
88137
54884
79551
90659
80271
36900
79396
95800
58239
89534
103242
113864
38493
80396
57580
64763
53225
87772
89397
102555
40766
83865
52634
74377
46537
89803
41827
28258
55439
88495
83180
65679
35921
79008
94834
113791
93387
51607
100226
88439
31739
92505
80784
78682
104047
39395
29499
101870
73617
65933
41424
54362
88318
51836
50677
95032
83771
52156
86813
66632
17032
77139
77734
83733
101318
51308
96357
65704
35234
51049
47325
55631
39581
59173
64539
89196
61970
73789
45390
53988
48528
85319
68902
52697
100822
68872
107333
77077
66865
55482
67881
62032
92254
93524
41890
104914
77257
80264
47445
99570
99042
51721
45356
69344
65702
79345
87517
44631
101274
104496
108450
88266
113744
58146
103508
63523
72268
41883
106188
95127
86166
32936
67409
93648
71114
45994
70553
104419
40311
10525
90530
37375
86914
56438
25458
32789
39034
78594
91543
112050
74975
13156
59434
46200
108579
104232
100771
58241
99044
93906
45283
34372
104174
56657
45534
61448
96193
64317
68318
83043
67465
81572
69295
28998
113343
93551
73066
32743
81846
50144
66019
70692
97514
85373
75550
57082
60804
62572
109109
86337
83553
64640
91296
108068
42360
105862
47226
84051
47641
30233
48015
42408
113400
90531
87696
101264
101684
60307
69123
97636
90045
106449
78272
102787
80555
47915
88757
42199
41873
107028
32091
97842
58958
101738
82055
43072
99027
97341
60918
39163
45515
111111
46666
104411
105838
105234
84621
93099
42024
56334
111381
59621
38077
99085
86576
44044
92727
110218
7568
31458
36303
85841
72370
64810
20956
78138
53477
80102
61605
60722
32664
46991
74995
28216
47318
68945
50830
57972
92231
67749
105748
80775
108311
46245
51642
53147
99495
73088
38194
98932
95892
39570
107143
57395
101512
42861
93126
81407
68677
28681
77864
83255
36155
28434
50716
98354
78117
77414
32926
53620
62944
106822
26526
65700
79985
44203
39941
79707
82535
107271
61676
99058
101937
87014
108739
79702
66148
98080
105190
111580
80410
79435
78476
42249
90391
106618
38664
72158
32164
113453
109829
50653
81993
78539
44368
90216
54624
92245
91742
91052
103469
97417
74478
55824
47017
94855
56629
69470
70842
93582
135951
57977
89055
62991
97430
36269
57839
54076
99043
83693
56700
111269
32318
34550
93347
90082
85284
101289
66880
100202
76375
28455
79772
69745
113689
55670
41494
35830
107516
80509
79679
37475
34142
75271
96387
52590
110959
108129
41622
72325
56653
61580
85358
53256
59330
79431
93098
35137
45978
71116
48707
51317
36708
70738
45383
107787
87156
55135
73536
70034
109965
52461
66862
86589
80386
96331
97100
35510
63840
34121
55881
76671
69953
52756
78313
97398
100283
36877
54520
28343
112686
48051
63998
56683
101084
102114
70730
90657
42180
86999
114019
95774
1832
48447
93715
78834
28651
113936
88652
86383
72348
76794
77537
105031
99556
98396
93880
43349
109975
47981
24902
107307
107250
44543
92835
84122
94462
74129
99026
33071
45074
86125
57676
18423
85783
65322
100154
377
70760
60416
107978
53278
78773
104896
80105
102414
86224
41309
86950
40650
42189
60534
52338
58951
82482
52962
89816
85145
62448
65136
111822
103697
28241
44178
54253
19295
91515
43500
96344
54513
106555
64901
34371
98183
82691
88323
103018
61286
65759
105856
101906
48109
77500
93303
105001
103317
110234
100254
68896
22597
49757
90206
103258
91038
73909
32235
84317
104467
38250
37020
31791
94290
79403
89545
59749
54406
73606
45993
36358
80144
80869
47289
84501
102393
39515
73702
47165
77979
109474
33554
113535
96384
39790
39894
111109
108699
18022
66835
29413
92880
62071
107743
81920
72134
51876
35972
86255
56381
113592
69692
66686
99019
111829
45026
99548
43203
97101
43941
66141
30809
101613
98043
48026
35736
38789
114114
34680
103792
84857
97086
57760
43556
29821
36478
95790
52536
38348
58515
52993
105807
16590
65332
59919
105054
36175
64379
103719
95295
87795
38885
60271
65836
113467
23328
70239
69754
101755
61633
50372
82939
77210
106379
34145
43326
59650
36114
63519
95718
53743
73542
88615
42365
36121
94151
123175
107045
60980
52823
53672
112614
41529
33512
67053
91383
61175
94904
89745
55940
83238
39081
32705
96852
99270
113052
113035
30792
54936
92100
92495
45947
51666
93995
49335
102869
62589
63065
41388
40493
65840
98683
107945
65723
109204
80407
56503
52852
69321
87524
79400
36299
92272
113725
88814
98421
112530
80185
107040
49067
75080
108942
100408
83561
34151
51022
79195
61984
64468
41536
41189
39978
82575
66492
66098
79596
72634
94288
38302
100522
66443
112810
38867
76182
77816
50876
38791
107524
34176
81914
100458
49744
97286
36911
47185
54213
82697
99435
46391
73268
104649
46303
41069
59405
78976
58396
64155
99667
31358
105860
89019
73686
99497
47482
58420
53247
90141
30386
56535
31752
44133
54543
49170
54439
73620
41262
60979
60008
65915
92954
44212
93349
91088
44674
111026
107097
71462
66957
32968
57376
106978
98153
61433
102224
91032
30467
97242
104679
93920
46585
109347
112437
76433
68685
67443
42030
103857
65786
55111
49620
47766
45400
104196
65525
94571
84517
90867
53725
59155
40392
68068
105480
53849
94188
113284
99147
103296
72341
110874
79290
106597
92209
80603
34359
48518
