108434
42564
97614
12556
52742
32097
70659
29504
50292
27843
100411
114074
92131
85823
77911
95246
49682
110887
73065
60682
85007
29268
26309
82006
53200
808
78512
93233
49198
111753
35433
55511
33894
76577
83213
58767
57229
52850
49852
47000
68179
99050
39845
112780
56740
111151
110490
81764
43235
74302
50129
74605
84276
112156
30779
82407
113173
102328
31758
75987
64532
57210
46957
50207
34932
100547
70954
45328
104044
77849
35447
92625
97816
109179
103066
113117
71782
73778
56319
55991
72317
97496
46483
69933
82467
24226
66729
87508
100286
54568
80533
92525
45943
96445
28688
35438
39628
99781
69936
53163
49195
66229
27049
87060
70060
95289
73041
104623
92084
83641
41087
85011
95221
53405
102222
107119
68521
73197
108163
49690
105532
80260
61199
108496
91267
103667
107055
76608
70244
104908
52197
39670
37556
85335
45176
121135
110313
41499
112650
43680
42090
104171
25938
86276
68983
57119
44948
56981
97205
104597
91479
35949
43930
49684
73650
47322
100736
39072
89952
107641
71001
50670
82352
57643
105761
49837
47291
87833
84038
67284
83399
110102
96441
61336
75922
85220
52502
57894
62593
53049
68138
106154
113463
108879
50701
80255
47753
59970
41608
32931
60325
34187
73272
28237
63308
80540
49023
86823
29428
88864
47679
96625
51727
97498
109632
70555
56955
66997
84027
43863
107403
62773
36871
60805
93243
69432
104082
84972
85249
62287
51729
113604
58100
35446
84746
51794
105435
44761
32107
88314
73275
80807
75258
53671
76174
73852
111696
55656
91971
72129
72225
136774
27082
51445
69984
98810
71815
79040
109675
69382
95220
41482
103551
57731
91846
47817
104484
96777
78211
85568
105997
54259
101319
92642
109638
37531
63021
119138
60310
50330
97866
34555
79524
80149
60619
50985
136917
94676
28496
77250
55990
70305
81302
59867
28219
56156
82704
94436
102512
74281
106878
53973
111205
50900
44479
56174
98702
70266
112710
47699
75410
78357
86454
96649
39974
96671
100437
81357
60383
68282
42990
76066
21596
47714
75115
80259
107644
69602
36355
90845
68620
108036
79464
46604
70408
100056
69023
53507
110720
102862
98599
105844
58576
70521
100766
81612
70389
111891
28562
84811
55992
101944
112418
34943
56474
52452
75061
68295
84432
82130
81512
68623
113851
96143
96277
24225
56942
78310
97692
83328
84633
45242
75573
54438
108536
70791
75700
68987
66223
33214
48754
112823
50994
61972
48225
46298
32412
64006
51496
90564
107457
113706
106367
108734
45102
83339
48053
35631
87637
80266
67934
105404
108378
90553
33216
105625
99307
80910
61688
60986
42092
38961
50217
72669
95018
72316
113493
66878
89707
105980
11735
57644
85444
68087
104895
46178
109514
73769
103328
71576
52268
96608
98733
36630
111210
60115
92465
92844
76584
104844
82744
42396
112257
52508
32722
91148
137245
53308
86463
58702
13183
80445
47914
66214
66817
93199
98082
61304
112826
28996
101052
103498
96438
67369
34131
32492
71426
73140
39258
31654
28435
58480
58417
99290
104220
55724
38915
45301
26527
93626
108853
40984
39312
71792
7380
94947
113757
111601
104445
41540
99908
50683
42801
58407
91949
104105
96843
49606
50774
111152
44269
90113
40337
101480
22818
53945
31051
101803
51736
53997
74704
33978
42935
116030
96184
23988
83848
93748
30088
97656
50854
32665
69757
110413
93431
82860
15386
38574
49306
45696
65234
108712
78147
79278
90425
94207
110056
100899
46452
92160
104152
97264
39447
53673
90777
34822
79146
39685
59053
85278
53397
92558
44174
100386
88537
71802
111760
46199
54180
48472
62075
111884
44952
91827
109565
112113
37052
37430
119584
109984
83220
72420
35726
37640
94421
87036
96964
58754
34674
93780
95674
43746
51213
70420
88020
79910
99329
102019
52510
104403
33668
30754
46606
39961
43311
97709
113181
38234
111935
38030
51341
40282
68441
121575
86944
61725
42600
82798
79490
84506
71816
45981
68893
37913
93433
29955
90549
112514
57226
45470
95100
53827
52065
84477
66873
30092
104517
38306
88867
103176
82610
123330
52812
77407
38863
66675
80828
42802
104600
99315
54895
27008
73046
98918
32291
61333
101552
69013
112970
92985
65542
55220
59372
71337
91638
88980
77574
105530
65964
79204
44154
80278
88024
100118
80254
84292
91853
90929
95245
40726
113623
105514
106861
104628
46379
680
77222
91380
24429
98537
66575
34520
101030
96429
81393
106249
86612
95686
72621
56889
46599
97124
91885
48316
45228
52838
76796
70628
64259
68544
88019
53812
53670
47622
100418
62230
66730
85546
33674
43644
33065
91708
75408
74430
98647
100616
97313
107647
76486
108866
112553
16722
46501
103579
45151
92514
105430
65910
69384
28436
58523
42556
66078
77880
49909
103037
106838
33992
83576
73371
43126
110647
28528
93241
72796
79068
113710
101609
48727
89106
103023
110427
57714
67112
48751
46955
88544
24432
97962
93751
67380
78139
112785
55051
41336
62858
70590
99303
56412
56157
98693
75331
28295
73070
149920
101305
78508
85349
104358
110363
68897
57057
109845
51125
69226
88471
52198
26975
90373
85802
45316
29891
100800
42458
109660
62886
39886
55996
64728
113977
59269
103479
57283
31504
81570
38218
32543
76406
101017
65957
30090
81763
91259
59149
55752
71504
74011
7379
51502
38255
76408
80455
53254
70000
29336
90039
74192
36825
34391
38868
32860
113294
57665
46771
76340
47120
30294
81903
95518
81112
79416
66331
32292
77317
84504
86257
40316
57429
110358
68894
77861
112696
89787
42295
102353
78919
92243
41224
84507
58248
65747
97273
46789
43404
42684
36211
106854
53179
43359
87218
61436
88057
22821
96409
103173
54075
104992
89343
49142
22768
110145
94083
37329
53063
90975
35440
64192
33758
58027
72218
65996
96032
79108
50523
108407
37315
37790
40043
108448
87908
47435
89849
88302
61431
85944
37836
102267
84289
98915
56108
57538
32842
81061
102230
59157
91847
83594
51394
110186
50655
93219
79591
38917
22765
32539
41085
57893
41821
71259
76466
85424
58242
33374
53874
54368
63606
87620
85896
57829
77809
69531
55149
101320
77442
89623
62616
89255
56485
84394
51507
65475
54555
71830
86606
35978
102255
41993
87998
38759
79388
98854
48912
46393
107638
89829
98715
110054
60770
59890
46494
61154
55242
90831
91586
54479
92633
28520
40803
97139
68849
75493
93662
32330
41968
38018
94710
93097
28384
72514
71420
48908
69874
90928
40269
101338
48000
83917
103024
100699
85804
43206
98520
103312
89894
62072
88927
70561
65232
14908
82334
57895
81068
90429
82642
95104
92273
96663
103035
44794
80047
77976
111306
35640
85058
31348
55105
67788
98835
91607
55269
107712
96772
61332
52939
50169
112773
92837
80350
40314
53788
24413
46514
65852
75203
31563
90320
76778
96527
48013
41879
37234
74186
80539
80229
82325
53505
30221
107217
51845
67325
63006
63934
101534
99684
81770
112716
47617
101679
111923
110521
102476
47044
58742
77988
81576
28895
48626
92552
46015
99773
37596
78316
111766
60657
61865
79831
104154
63794
112289
112747
3505
34362
50928
68425
99827
105643
47710
113278
86675
113023
48033
111187
97180
60046
111870
29929
81682
58821
72625
37195
106637
60836
42192
101980
109911
70557
112200
41005
113517
113690
53019
37331
90207
33030
113502
112728
49323
60613
111278
73219
20455
43977
68361
55766
83997
77165
50919
37428
76252
101470
52506
89426
74150
113152
93019
46607
85547
83201
103664
51734
49875
113425
89547
55554
86948
22507
33438
38672
78456
94014
91926
82106
34169
61298
49054
103870
78090
81950
60593
104328
103484
47067
57891
114127
69191
113605
35445
50021
62099
37045
27736
22764
55294
39898
81877
100278
112769
38062
47199
43525
38861
105509
61777
113824
95994
54012
86082
52503
86008
66999
113241
66415
58492
104313
62588
30380
73363
112444
102213
106886
104627
36474
112971
98200
41083
68738
34897
146799
99156
109297
74665
88689
80928
58405
49006
93214
100381
92349
88166
44235
98427
62444
56731
35612
17672
63404
104247
107208
60560
68336
71672
150887
43452
61327
61665
74197
44837
112242
113600
66206
84279
101077
77944
103172
68853
39831
52509
98593
111307
73166
106005
40936
55115
20457
108289
48831
55768
103839
35654
91093
32443
105568
57150
87841
35852
30020
104309
78891
61281
111196
47194
66951
74925
76889
56290
54121
72713
47744
40833
52157
107784
51697
14335
84624
55436
58035
59140
41756
58333
16724
47075
111874
111900
108367
54579
78356
105971
96766
76420
109292
10305
70847
81150
55262
38289
89031
108277
47200
55489
69581
102655
88387
85638
44563
63174
49378
83421
90068
55744
52874
54018
111389
78535
73085
103128
58832
45547
35552
66604
80822
43363
95750
31040
47118
79223
79735
62288
106068
31812
110017
62338
95568
59866
105656
73673
99822
802
67097
28356
79442
46155
95197
60862
112925
75008
72691
81079
33301
110057
59422
79562
70880
40478
33837
85608
57446
59304
112197
81952
57647
39304
89471
74146
88891
34718
104151
113142
88612
92391
82116
62940
37741
61435
110527
48669
28282
83446
46609
77098
67087
43046
37050
64713
79937
112703
101220
50992
45051
60522
55735
29181
75273
30866
91156
90659
38493
109323
90434
89803
41827
28258
101318
65704
27996
51049
53988
55482
58788
80264
51721
101274
108725
113744
72268
54166
53584
90530
29889
108579
37459
54828
56657
67465
28998
53705
73066
64726
91924
91568
105862
42408
101264
97636
42157
78858
75779
86439
93099
38077
99085
73351
78138
46991
47318
81407
77864
28434
50716
26526
72509
99058
110034
111580
38664
72158
92245
74478
55824
47017
56629
93582
22822
41739
96345
97430
58557
57839
90082
66880
100202
93098
48707
70034
78507
86589
80386
35510
55881
105500
104870
58191
90657
52133
114019
30709
93715
28651
89440
99556
65789
74129
71631
85783
113971
67980
104896
74048
52962
103697
44010
79504
105856
68896
90206
47815
25943
89545
109474
111109
108699
18022
107743
75317
35972
99019
101613
35736
61916
103792
65332
64312
77210
42841
83095
36121
52823
106088
53672
112614
91383
113035
25036
49335
92272
103087
72634
100522
50876
59405
58396
105860
99497
58420
43327
31752
54543
60979
61433
71832
55111
106673
92209
48518
