103110
89474
97626
81878
113840
92261
99975
52603
92269
55846
109964
76640
61631
94119
84788
44493
56261
84638
32925
86426
76141
108659
87220
84650
71014
102835
72863
93111
72507
28391
53613
66020
37321
49521
92897
63680
104495
107113
71570
38796
113401
74488
69560
76099
62046
105781
63542
105493
91662
15342
83376
81507
80450
87802
73540
110976
109825
73747
89805
58365
57809
81252
29318
50423
82175
108294
107308
103458
55185
89726
63758
101504
32436
35988
51995
111079
78879
92725
40997
53430
63196
64306
63359
61269
88282
96529
38894
103347
70205
76074
101333
72661
112004
39315
40961
32308
44752
60999
30631
35953
54260
67036
47864
93301
99437
93379
89611
68364
31350
63459
49611
90381
105575
61272
99572
85409
65948
41502
56739
106936
77036
26296
71320
105137
102529
64902
60322
78088
93282
112744
112675
85717
76543
108573
93784
75422
48510
88747
94140
84283
86562
79082
73368
61111
81895
86309
102623
74476
41804
97694
33221
89064
83655
41950
69840
105092
26314
112597
107388
111247
53218
43497
96218
60802
82598
70264
77129
80396
86883
82024
74975
78272
48368
73088
103022
36877
101084
97867
106379
98549
102170
66443
65636
76681
65915
69873
