40077
90779
105229
64632
39485
40220
28318
32798
93497
37760
44581
94967
61565
75533
100344
45520
87258
105587
54367
113812
27080
103227
74387
113901
67334
63800
78441
58584
60102
69220
39624
45077
42179
77154
112306
92490
107958
68289
87846
61009
102281
65748
87492
85210
52924
48080
80263
86878
67746
90095
55815
73916
34969
84637
39764
45834
68871
32790
104657
81692
25017
61778
69395
51779
108790
85542
94522
111465
90054
91566
95084
34982
25343
33207
86379
113834
79479
35528
103053
108799
88847
91036
111975
53396
76654
86736
80607
68881
92265
59778
73745
109277
95893
36353
34927
94074
91301
101126
65857
64221
86637
69301
69654
60183
43652
42466
54385
57305
40753
68445
113402
94769
36071
96328
91777
75596
99313
38270
62117
83650
73787
57931
90518
40510
98256
63728
67464
102674
35659
74135
28354
44499
70370
55160
89490
41171
111335
86563
60171
35134
105797
82964
86616
33786
46294
97410
64837
99966
48914
78314
52103
40362
34206
81209
48973
97229
62440
36191
42864
47177
103130
113399
67636
59553
103983
78192
107337
64238
83642
75603
67675
44526
112820
103201
89737
53123
72953
95065
104015
44680
75561
112195
99045
78769
35997
53406
95074
39372
32861
63107
107657
57932
84740
57614
76367
109505
61721
80098
102958
66248
50393
61571
58262
49383
81690
42796
91219
54329
100637
60730
94725
111295
109738
96685
104576
55326
39013
54103
95209
80502
83569
88699
80784
59966
68872
67881
99570
69344
106188
32223
58220
108953
91187
57082
80555
92727
93126
70842
62799
60416
97275
76836
34371
82707
77157
107945
87524
46303
78976
31358
30386
91032
