95792
88839
72565
61173
54316
59506
79843
37979
112998
42799
92180
73295
34122
45688
72584
113702
90758
89398
70134
70703
42122
71785
104946
78963
40731
91189
67879
70107
104117
45200
39331
107550
58188
94901
30271
45766
69116
102992
111791
75243
57340
75737
41560
34999
110708
96471
45287
106925
58881
33449
40497
54467
55187
109303
49151
84480
55283
37884
103446
93211
55643
50324
81621
53744
60069
58235
85046
29730
25525
28123
49892
58782
106189
32686
47097
66124
113251
62009
39726
76873
107690
29214
52794
38082
78757
69429
105333
33366
41854
70003
69645
112129
68845
41400
105975
96469
57996
70391
95845
38161
63271
96269
70537
99748
112496
60577
37648
62865
86152
87909
36791
57435
81748
58251
72335
41139
38431
55715
93724
92537
58483
50610
76706
80798
98410
80944
67359
85811
103356
93579
65967
96217
94966
57580
54995
66632
108450
81846
79435
75271
93560
66641
85145
109918
23328
36567
