40153
69343
16237
33439
53623
106813
110414
100305
39870
113938
25775
80668
108516
107552
73421
43049
63358
76098
72710
89683
68010
106296
98441
97365
104451
28340
113826
88654
82638
113975
50078
85714
102720
40230
73348
65814
72964
99573
45164
77248
60902
70840
63221
106976
76963
71916
100794
108091
78390
28806
65762
41880
108587
55359
29293
105005
54099
83726
109478
54335
59452
94409
54034
48380
91878
70829
53402
25649
56720
47062
108246
93941
71131
74993
32451
52814
104112
39162
108591
68870
77195
113552
41378
77915
54998
73326
52830
72597
93206
64342
80518
50089
57929
47092
90674
70483
113525
58286
61397
110144
78234
66774
67370
95636
42752
97704
66117
109563
55860
108309
92758
107461
80192
44592
33957
26096
56767
57530
111027
62238
106173
35228
113105
58622
55322
56914
48239
65697
88645
85718
48726
106948
34623
89415
88235
67078
92216
54090
69811
24266
72539
65989
101050
60280
111911
110715
59552
77981
96370
106010
72958
72932
80403
103132
42202
84111
93938
98210
44231
41349
107326
66716
106693
96521
85446
60500
99167
56673
78857
90450
102833
37934
103489
107866
38916
41032
62351
58296
71471
83174
111642
69975
74830
91514
61794
27921
85743
32794
58484
109067
103141
79462
32710
106800
73605
112070
91021
67090
44414
94527
97054
90331
46244
102887
67567
34944
114085
58464
39345
46834
72059
95009
63678
53971
46020
59696
111225
71034
102912
91536
72109
76272
101323
94816
96819
37470
90869
72088
78217
36950
80274
58039
59688
33406
50996
68838
107724
36875
52968
112665
82854
99142
100204
109334
110587
60769
93573
108617
77754
105433
109512
82427
35977
98145
36298
55372
56509
96478
56564
71232
67454
57612
98258
108266
112077
99763
36186
99700
104045
74899
75079
59412
71002
100040
43607
92540
79819
91209
68865
138807
68675
99328
45052
59239
102899
88767
99347
111276
31892
82784
76345
53598
34607
79995
33526
58307
66457
94507
36837
63363
61434
14707
68420
103144
96902
66409
85967
73069
75810
58358
87790
109079
95703
79775
45158
93857
66157
56567
101807
64909
109517
74021
88550
112648
46223
34902
67927
100309
45769
50145
62298
99114
90197
57990
72567
75689
19596
29326
36223
67355
28235
53959
56392
70058
28863
34406
35065
104647
30434
90354
72228
33508
69596
86211
100619
65978
65176
47492
57988
110700
101784
34735
47026
67458
29429
90077
93613
64531
52757
69173
74328
50264
39137
42798
41793
32154
90459
100257
88329
69242
36893
53159
78003
76267
84118
94135
106353
53633
73655
109069
33305
86477
79343
60670
86526
104634
94172
106881
95394
59007
92957
54709
105905
87548
41086
89724
110917
97419
69845
47519
86658
83486
84787
98621
82739
56427
84349
91184
89259
78402
109290
49394
105315
98564
70693
81773
32168
71761
67527
74847
67050
93390
105570
34703
67637
99996
75980
25300
101847
72305
110273
40646
66977
54214
60747
80498
107955
79342
78702
111568
100831
79419
98514
81611
64059
113057
57067
102440
93640
32433
96509
46867
113793
113659
66610
86531
51944
31020
55830
108145
102840
66920
82954
108695
60792
30800
71130
65635
70879
66472
111499
61701
103180
63185
57353
102794
95118
81699
42957
62163
94840
45589
87504
63889
105826
56539
100578
46198
84836
59818
80839
77028
74310
77789
87831
93299
72355
39277
97510
76364
43708
53120
77649
100527
54432
104164
31790
62385
44540
70882
70515
86552
113325
71663
58052
100160
33856
106665
59346
90854
40899
109388
83804
32174
72758
78385
75598
40572
48650
113944
111790
71581
62774
102471
74705
43959
89080
64032
109123
69789
44762
59588
76906
30385
93612
76985
60254
98566
113407
101508
108422
68088
75208
37641
92506
45531
111049
120357
50668
91886
67512
94838
81807
55435
108766
73376
50088
109129
34173
47659
48244
76606
60071
111820
111681
42553
60987
73354
56419
36978
112658
53136
72136
34307
100250
53815
51554
111627
80302
95777
31390
45528
97547
104906
45137
66914
90018
89687
106712
99077
36932
56533
112855
50221
85101
62244
92099
68307
113747
27678
74753
78885
49819
91588
101018
71112
55280
100501
55798
34364
90022
64540
86377
41587
64541
91154
65370
98658
61615
31645
102065
104953
108693
97179
106659
66478
40579
109963
35989
96120
51733
71353
94192
103574
57423
90227
35210
100461
41238
32672
50022
77641
67202
53225
102555
46537
83180
73392
41424
77139
104161
103508
46200
58241
69295
68491
49246
42978
63051
113406
80487
64810
53477
60722
89725
99495
62944
45104
61676
103142
62422
56700
69745
72325
85358
33368
97100
54520
36152
28343
86125
28667
86950
112833
103129
96344
96396
39467
33554
39894
62071
99548
99605
84857
89301
52993
99031
69754
72242
73660
60980
51666
62589
85430
108942
97996
95129
62771
91748
38867
112840
107110
84174
73686
97598
73119
98153
102224
103857
77006
