87188
55555
59810
49181
44427
78610
33532
39546
78813
39390
95298
32551
53603
61816
58827
104713
86938
67837
58185
84397
51561
82295
14344
76607
54096
70359
86778
98143
91443
53410
113712
67058
74176
97550
96355
54760
112625
94006
106670
103073
71498
48275
109089
106874
84103
56258
32627
79042
105990
82333
44501
70009
99967
36980
103114
58359
85038
101938
50724
61363
66212
51608
84929
48125
40890
96536
79882
53594
105250
26260
41795
45598
60537
75757
111273
68781
44590
78632
105026
79310
50024
36366
61677
109084
80346
51435
64875
94538
70223
113601
79086
55873
105272
81641
109459
86817
65072
49168
88066
113045
79726
103481
58605
112678
98231
45265
111034
34873
76672
55026
40727
101960
76667
65421
62946
78717
34225
28366
95267
107018
77586
99918
102594
66959
51097
81723
78533
92296
71567
77277
26019
78831
72947
97860
52591
72324
102810
65681
63362
66160
85860
96811
64162
35075
74486
41322
91297
26113
95343
71618
101413
66031
55729
48007
43282
60754
105745
111404
88991
65611
113072
49133
49108
84117
73760
76426
61908
64080
61600
75841
103867
111952
59323
90168
82955
79088
34930
65631
77987
108207
102207
88313
69359
66335
109717
84210
35227
65327
97822
107371
73626
83476
81552
72301
105298
111064
69640
47465
109821
50715
82948
60463
60494
91208
28500
36623
109046
81508
97411
91053
45710
50430
32193
95032
53610
104419
10525
104174
41873
86063
43072
60229
77414
106822
108739
79772
41494
62304
34121
43556
73623
88615
77736
49067
79195
71452
64155
61023
