74987
51035
88679
29498
40148
63275
93892
62211
51014
105235
44547
65808
58167
61030
97466
57371
75901
49956
65613
109847
105581
56979
58214
79119
57128
47303
24133
102039
59035
96283
38166
88739
77797
104678
113746
57263
112700
85408
92715
52525
62350
91186
66334
49557
58360
79387
103140
113335
92958
99030
61752
68850
30400
109299
30561
60910
106677
113575
112852
100618
39031
59662
107095
96484
26016
74520
37267
103780
47949
37017
34019
38521
33662
81335
82225
33556
98223
83548
63869
92206
72704
72431
62025
66034
86235
40159
103178
36836
29706
43319
69960
76891
99141
83731
52482
106248
80785
107048
85879
36264
94968
97441
39139
94325
45654
91043
45820
93388
78469
33522
89077
36246
64488
62141
71082
29495
65714
26109
69478
86544
68117
32040
80292
94994
111754
104158
93925
64645
38086
99154
88755
95788
27127
48126
104414
89992
65884
69604
95800
80366
35804
106946
59133
82372
42360
39163
68880
54624
36269
75517
81559
54936
92495
93920
64136
