108434
42564
97614
12556
52742
32097
63514
70659
29504
50292
27843
47434
100411
102350
114074
92131
85823
77911
95246
49682
110887
93355
82186
73065
89088
86775
49423
60682
74653
85007
29268
26309
82006
53200
57401
808
56842
108462
78512
59797
93233
49198
111753
51648
35433
81795
33717
55511
56782
33894
76577
98900
83213
58767
100907
57229
44263
52850
49852
47000
68179
61695
51759
23976
43524
67209
44451
99050
39845
112780
56740
89596
111151
109113
110490
81764
43235
74302
50129
74605
112090
84276
112156
30779
60270
79630
82407
113173
102328
31758
35348
72570
75987
92551
90824
64532
57210
60006
46957
99675
50207
100131
34932
100547
70954
45328
51161
106832
53431
79401
58293
104044
77849
41084
65539
107963
35447
79629
92625
58723
75666
111160
49245
43711
97816
94844
109179
62084
103066
113117
71782
73778
52584
83364
28862
93516
33897
56319
55991
47884
72317
97496
69617
46953
91425
63511
46483
41590
69933
41216
88711
82467
81928
24226
66729
95737
87508
41044
34194
43616
44342
100286
48867
71338
54568
49778
79150
80701
80533
45785
65366
92525
98325
106944
45943
96445
28688
42037
35438
39628
88521
99781
11730
69936
64222
53163
49195
66229
27049
87060
64591
70060
76041
50174
95289
73041
104623
35316
92084
83641
41087
55884
144325
85011
81330
30992
111960
95221
123353
112042
112730
53405
101771
23968
88200
102222
107119
85927
68521
97784
92493
58814
68095
136739
51314
58507
81860
73197
108163
49690
105532
80260
90235
61199
101367
64549
108496
91267
103667
107055
93548
76608
80273
70244
68158
41862
104908
52197
39670
41387
37556
85335
38267
45176
121135
50829
54384
110313
41499
112650
97307
64149
31477
43680
107873
42090
104171
54901
25938
110399
86276
68983
57119
44948
62864
111251
67406
56981
97205
30851
50216
104597
91479
35949
101844
73294
43930
49684
96547
83583
73650
80626
97303
110554
94926
31800
39356
62188
47322
100736
39072
107705
89952
107641
30944
58824
81720
71001
72966
50670
82352
89129
57643
105761
82663
48692
29984
86380
49837
94112
47291
49386
87833
64571
84038
67284
83399
51639
110102
57363
95852
106649
93624
67647
96441
61336
75922
65984
82844
85220
9993
52502
104413
100815
87132
57894
62593
53049
61319
107601
68138
93403
106154
113463
108879
99312
50701
89172
80255
47753
59970
97230
41608
32931
60325
139465
34187
73272
56058
33623
28237
63308
80540
49023
37317
101482
86823
29428
88864
101435
36020
90871
47679
96625
68026
113207
51727
109600
72470
97498
109332
73962
109632
58550
70555
108402
77199
56955
66997
84027
68410
43863
29702
62627
107403
63001
62773
85395
36871
60805
31809
108810
93243
69432
104082
47066
73221
84972
113055
85249
42665
83586
62287
31789
51729
36349
113604
58100
92657
35446
49452
84302
84746
101899
51794
105435
44761
32107
88314
73020
73275
27483
113648
77608
49210
75808
80807
75258
102013
88347
58026
27085
40886
20012
96234
53671
76174
107498
73852
82675
86471
83274
111696
55656
101101
91971
50686
86012
72129
34589
96235
56794
34400
54040
72225
136774
65612
27082
104849
75319
51445
85909
75355
106397
95903
95014
69984
98810
35721
100201
71815
34378
98762
79040
18530
79237
109675
46711
69382
95220
88234
41482
103551
57731
91846
81129
47817
104484
96777
72760
78211
111316
85568
88585
25917
70913
105997
54259
100401
87221
105474
106181
101319
84470
104281
92642
58613
32751
109638
37531
63021
119138
60310
50330
79078
97866
67099
83229
34555
49256
79524
80149
60619
50985
47480
136917
94676
64550
28496
93158
61442
77250
108132
55990
70305
54606
98759
77973
81302
59867
106281
28219
56156
82704
37580
94436
77121
102512
74281
104285
106878
53973
110013
111205
30941
50900
82382
65868
69973
50703
44479
56174
62727
98702
70266
112710
61977
101046
47699
75410
78357
96132
24160
86454
96649
30558
39974
96671
30477
105708
98490
100437
65517
103515
54871
81357
71632
74027
60383
94708
38841
42862
99477
47379
79039
68282
42990
41490
76066
21596
47714
109096
75115
80259
96399
107644
71617
47721
82742
59624
95060
102376
87272
69602
36355
34125
90845
68620
97353
108036
79464
46604
70408
67888
100056
64164
69023
92375
113999
53507
90142
110720
102862
62731
98599
105844
58576
70521
108598
100766
81612
70389
82540
102445
111891
88754
116214
28562
84811
113699
59487
55992
101944
106238
112418
34943
56474
52452
99887
75061
68295
90687
84432
82130
105805
54431
81512
68623
113851
96143
86911
43692
96277
24225
98805
56942
86165
41599
48645
78310
30600
31568
47089
105113
97692
67169
79235
83328
80121
93999
84633
45242
82903
97442
42666
75573
54438
100245
111961
108536
54877
69591
76633
33365
109787
70791
76366
75700
68987
90792
66223
33214
48754
51033
132680
77255
112823
114067
50994
61972
46335
109195
67311
48225
46298
32412
64006
84813
97537
51496
90564
77686
52129
107457
31293
113706
106367
61988
100542
108734
45102
83339
111122
48053
102374
107999
35631
45270
83555
87637
80266
67934
104719
105404
108378
40054
90553
33216
90393
105625
99307
80910
82551
61688
122761
45856
60986
105428
42092
98217
103572
101317
38961
50217
72669
95018
58993
72568
72316
113493
47683
66878
84282
51542
89707
105980
26391
46866
62303
11735
57644
85444
72520
101281
68087
104895
60040
46178
84445
109514
73769
103328
71576
52268
42709
56617
96608
70078
98733
36630
111210
76422
60115
92465
92844
31839
76584
104844
81198
105186
82744
42396
66528
112257
59800
52508
32722
91148
67108
137245
53308
86463
82900
74866
58702
13183
80445
47914
66214
61933
66817
17877
44292
41872
93199
30947
72611
48546
98082
61304
112826
28996
101052
101162
86311
103498
57604
50957
96438
67369
99134
34131
32492
71426
73140
39258
69777
31654
99185
28435
103396
58480
58417
99290
104220
55724
38915
45301
26527
93626
113393
108853
93678
87137
40984
92964
45083
39312
68522
82690
70867
90465
71792
7380
78967
39255
94947
57762
32560
113757
46049
111601
108635
80780
104445
41540
99908
29174
60493
67503
70419
94429
50683
22272
113787
90363
58169
42801
58407
87113
75495
91949
104105
96843
49606
90356
50774
111152
86429
117378
84204
44269
90113
40337
101480
22818
53945
31051
85593
58638
76419
101803
51736
96903
53997
74704
33978
49009
42935
81713
116030
69969
25679
96184
41865
42215
23988
83848
93748
94736
30088
97656
90468
50854
60737
100130
70883
32665
69757
110413
93431
82860
15386
38574
49306
45696
65234
108712
78147
79278
113856
90425
20224
94207
110056
100899
89082
94511
46452
92160
104152
103543
37595
57966
97264
39447
53673
98044
90777
40962
34822
79146
113172
39685
59053
32731
85278
53397
55437
95494
92558
58955
44174
100386
95396
88537
34038
104609
71802
111760
61985
46199
69345
54180
48472
62075
111884
20703
44952
91827
62770
70868
71893
71446
83580
109565
112113
37052
86070
37430
119584
73614
62719
109984
35673
96195
66649
83220
72420
35726
80829
26549
55249
37640
111497
94421
83246
87036
96964
49260
78369
73619
95000
58754
111705
89850
34674
93780
95674
107595
41250
43746
51213
83966
9022
53989
86555
70420
80114
88020
90490
79910
100428
99329
69546
102019
111268
84278
50751
66194
84856
52510
104403
33668
73815
96804
113137
30754
46606
67375
95058
81717
39961
43311
97709
113181
38234
23338
111718
74583
68210
114126
111935
106464
38030
107033
70077
51341
110560
40282
95534
81024
32736
68441
121575
89020
86944
54809
61725
84123
53525
42600
110489
61501
82798
79490
84506
34152
71816
45981
68893
37913
97775
79079
154444
33956
93433
61326
45148
36265
84310
29955
90549
65779
112514
57226
45470
50614
95100
48959
53827
114477
62722
52065
74019
104748
84477
66873
30092
95801
54097
85035
104043
104517
105909
38306
31457
61006
88867
103176
97418
52765
82610
123330
52812
77407
55721
93905
38863
27353
66675
29427
82795
80828
42802
104600
54328
99315
54895
98620
40964
27008
80844
61782
73046
33446
90220
69635
104136
94379
67404
64410
98918
60842
67875
32291
61333
74152
101552
69013
112970
81426
92985
65542
64729
55220
73652
59372
94806
30384
78598
109100
89469
107394
71337
64621
91638
48489
88980
95870
77574
102363
50913
105530
65964
79204
69162
101654
52999
44154
80278
88024
100118
70047
77914
80254
56065
31413
84292
91853
90929
95245
40726
113623
47605
93307
105514
102858
69306
61900
95952
106861
104628
84200
86509
67960
28597
46379
680
42878
77222
91380
46266
96226
24429
100813
32161
98537
66575
34520
101030
96429
81393
64232
106249
51990
143973
86612
95686
72621
66631
99729
27182
56889
67305
46599
97124
98830
91885
92829
88788
61815
93839
45171
48316
95056
45228
66650
52838
76796
70628
64259
68544
65472
88019
53812
79091
39484
89675
53670
47622
100418
62230
105121
98681
66730
66085
85546
33674
43644
89083
36531
33065
35952
112215
91708
75408
87604
74430
59403
98647
100616
97313
107647
76486
66888
108866
112553
16722
61741
46501
35996
103579
81679
42753
45151
88167
92514
68112
62601
57790
105430
88683
106691
65910
112433
120814
69384
28436
33793
87906
58523
42556
66078
56624
14790
77880
49909
103037
98889
27397
46084
106838
57911
97929
77353
62604
33992
83576
73371
43126
110647
84280
104811
104452
28528
93241
72796
26094
79068
78692
99873
85256
113710
101609
48727
91362
74711
67184
88071
108134
89106
56698
97433
50003
113133
103023
106666
57577
45011
110427
111089
92857
57714
67634
67112
48751
46955
105184
70869
75513
88544
89194
24432
90995
54654
37300
108130
92295
97962
83336
86538
93751
95647
47299
67380
46958
78139
112785
55051
36021
41336
62858
52526
70590
99303
56412
85872
108399
56157
98693
75331
28295
113534
89532
44643
21527
73070
38506
86036
58366
149920
50613
101305
78508
111981
85349
104358
91640
110363
68897
57426
57057
109845
51125
69226
88471
41556
86609
40728
52198
26975
90373
85802
38113
45316
78789
106920
29891
55028
42063
24503
46981
65821
56320
100800
109283
42458
109660
90463
62886
68092
16677
58510
39886
47597
55996
113852
56128
89230
67896
87547
31650
95335
64728
39289
139626
35051
37935
113977
72891
91104
59269
28997
85918
103479
57283
106556
31504
81570
78524
92101
38218
32543
76406
101017
65957
62190
76297
30090
81763
91259
95964
59149
55752
71504
80374
74011
7379
141697
51502
38255
109637
76408
80455
87742
39738
53254
88655
92797
70000
29336
90039
74192
36825
113276
37214
34391
38868
78257
32860
113294
61527
57665
47876
46771
76340
53537
47120
30294
90720
81903
95518
81112
79416
66331
32292
77317
76782
84504
37362
66236
74832
90577
86257
93853
40316
57429
33181
81696
86085
31435
110358
68894
47454
75400
77861
112696
89787
45288
64292
71992
42295
57069
102353
78919
81532
92243
41224
74333
113978
94900
51602
84507
42567
58248
41688
65747
97273
37830
46789
113667
43404
50966
87509
42684
70267
36211
96670
106854
55514
82693
53179
43359
56147
112067
89940
87218
93583
61436
73589
106551
88057
82945
22821
96409
103173
54075
104992
27086
89343
49142
66014
22768
68548
110145
67393
35428
94083
27664
37329
53063
90975
62185
35440
59183
64192
33758
58027
72218
65996
96032
41404
79108
50523
108407
37315
37790
112761
77921
40043
75457
108448
110185
87908
47435
89849
30859
101161
88302
80397
33123
75206
100887
81309
61431
85944
37836
102360
102267
84289
31433
98915
74739
56108
27826
57538
111823
108084
32842
113969
81061
73546
44264
102230
84854
83033
77024
59157
76429
102731
91847
83594
51394
110186
65191
50655
93219
68910
38088
79591
49984
50444
38917
22765
32539
41085
23740
42537
57893
80786
41821
71259
72080
76466
77014
85424
58242
33374
53874
54368
86228
63606
85240
56217
87463
87620
49068
82627
85896
57829
74059
110557
77809
69531
92693
113394
103063
58537
55149
109669
101320
83903
77442
89623
63357
26466
78709
62616
89255
61872
90360
56485
88526
36423
36321
57473
99496
82381
84394
27774
51507
65475
54555
71830
58393
86606
35978
94573
102255
57345
33909
88774
41993
87998
38759
63826
79388
98854
56901
48912
75440
46393
86549
107638
89829
75118
98715
97592
110054
86916
29210
79793
88411
60770
22958
96136
111520
59890
51638
20746
46494
28708
61154
113158
99308
27943
55242
55621
90831
40754
37706
34422
91586
52545
41998
85853
88410
62992
69396
54479
92633
28520
54334
40803
97139
71755
78298
50488
50112
79958
51960
31159
68849
62052
63009
75728
58530
81023
75493
93662
76327
55418
105737
36164
112062
24786
32330
41968
29019
66105
76781
38018
94710
33121
60812
45787
114147
109715
93097
31769
64147
28384
72514
50895
93908
71420
48908
105102
69874
90928
40269
101338
48000
97629
129657
48602
32160
83917
71042
103024
59428
100699
60381
85804
43206
98520
109782
76336
103312
57815
109568
30076
89894
81960
93412
62072
43590
88927
70561
70828
65232
111714
14908
16405
82334
57895
73548
81068
88134
95008
90429
82642
95104
101957
92273
96663
49610
103035
60913
88639
44794
80047
77976
111306
35640
85058
31348
55105
67788
98835
91607
30943
55269
99906
111719
107712
96772
61332
52939
81874
104991
50169
41869
112773
92837
52131
90828
80350
40314
73090
53788
24413
93703
35702
46514
65852
78703
55442
75203
31563
90320
52930
82396
76778
96527
48641
112420
110645
71660
87196
48013
41879
39361
65082
55777
52075
98904
39651
54355
37234
74186
80539
80229
84215
82325
102375
83022
108909
53505
30221
40850
107217
80578
51845
69124
67325
35449
63587
71278
63006
63934
101588
101534
56846
99684
81770
112716
47617
101679
111923
110521
102476
64129
52540
76428
47044
87830
37702
58742
77988
48747
81576
28895
46646
48626
92552
93485
46015
102979
72322
52741
108088
99773
37596
78316
111766
60657
61865
79831
93341
62236
22255
48564
104154
79632
63794
33702
77886
112289
112747
84635
59106
74951
3505
34362
42984
83155
43838
87058
65850
50928
68425
99827
102883
105643
47710
71919
25404
113278
86675
113023
48033
72258
112368
50522
48947
39252
111187
97180
60046
97157
111870
99697
29929
78708
66847
78788
112757
81682
59038
33120
98395
58821
72625
37195
106637
60836
42192
106759
101980
67176
57729
102305
55741
109911
70557
112200
71128
41005
113517
58585
113690
53019
37331
105278
70015
90207
33030
109060
83873
113502
105369
112728
100337
49323
90826
99601
88987
40832
34166
101700
77266
6670
93625
37236
60613
111278
111698
73219
56525
57397
20455
43977
65146
137743
68361
36395
49607
102809
55766
86458
73817
83997
83484
77165
32862
56094
98987
80519
73249
31033
89614
50919
93404
37428
76252
101470
24644
52506
106919
89830
58069
89426
85548
74150
39400
31198
104917
113152
93019
100158
79516
46607
109569
85547
81176
54196
112895
83201
103664
51734
49875
61130
84202
113425
89547
92025
55554
86948
77712
22507
75518
33438
38672
60558
113797
91739
39236
44078
78456
100793
94014
91926
82106
33208
79755
34169
29171
56999
61298
49054
19688
103870
78090
96274
81950
68860
60593
104328
103484
59215
47067
57891
29294
102191
114127
89888
113941
69191
113605
82275
27282
35445
132310
50021
62099
34305
37045
30948
35602
43639
85336
27736
22764
55294
96354
76753
39898
15339
56795
81877
100278
112769
38062
47199
43525
39837
87503
38861
56672
78803
105509
61777
113824
95994
38871
20409
101653
78521
109087
59212
45782
54012
75515
86082
58258
94760
83069
52503
86008
66999
113241
90629
66415
46989
58492
104707
78178
88155
104313
62588
30380
73363
28769
112444
102213
33235
68859
99080
106886
74904
71008
104627
28457
36474
112971
98200
41083
68738
34897
94111
146799
99156
109297
74665
73684
28849
89307
88940
88689
82578
80928
58405
107147
23367
99041
49006
73840
93214
38500
100381
47503
107042
37649
106818
68625
58612
45757
92349
88166
94889
44235
45269
98427
106426
109163
35452
50485
62444
56731
35612
17672
63404
38179
104247
66323
107208
62721
60560
68336
41601
71672
150887
79789
36786
98310
45278
43452
60414
56206
78087
61327
61665
80060
74197
44837
112493
112242
40652
58351
113508
82014
113600
66206
84279
101077
46889
77944
103172
51637
80092
68853
39831
52509
49609
68630
72211
52486
103864
98593
101483
111307
30078
73166
106005
40936
29992
55115
66089
78818
65787
20457
80771
63461
51205
91668
108289
48831
55768
103839
35654
73563
91093
32443
76254
64894
105568
57150
79628
104612
57487
87841
35852
65706
30020
104309
78891
61281
88804
83377
111196
107448
47194
66951
74925
84039
62213
76889
56290
79220
29729
80311
106116
54121
43674
72713
96020
47744
50077
40833
52157
106391
107784
59494
49568
51697
14335
84624
55436
58035
59140
41756
93701
58333
112106
16724
47075
95331
20010
111874
64558
91959
62311
111900
108367
54579
78356
105971
96766
76420
42368
109292
10305
70847
81150
55262
38289
66482
89031
108277
34480
47200
105608
81186
94907
105344
55489
44792
69581
102655
88387
85638
109213
44563
107016
33003
63174
63817
102365
49378
65707
42460
83421
90068
78718
55744
52874
32939
54018
111389
78535
73085
103128
62545
58832
78883
105683
45547
46722
35552
69388
87452
66604
80564
84284
66086
38647
94570
80822
43363
95750
64233
31040
47118
42354
79223
79735
80190
62288
106068
98425
60679
57823
31812
53892
32792
110017
42806
58937
62338
95568
56636
59866
55409
101103
84723
89537
105656
88523
85248
96525
72630
73673
99822
37030
42787
802
67097
73089
28356
79442
46155
95197
109840
60862
112434
112925
75008
48486
90953
100806
95155
72691
81079
66079
76380
76504
87184
109343
61781
42934
33301
90745
142535
35462
110057
59422
79562
70880
40478
43068
57642
33837
85608
49071
57446
53197
78541
59304
112197
81952
47124
57647
39304
89471
40447
74146
44559
88891
89621
34718
69813
99778
111332
81429
94582
60447
60460
76710
104151
113142
63654
39852
108680
88612
60409
58008
92391
82116
112360
117893
68848
45976
70032
88491
85957
62940
37741
97454
82536
61435
52070
86932
110527
48669
101840
52412
28282
81502
83446
104013
46609
50967
77098
97340
105254
32162
67087
43046
37050
30483
64713
34720
96347
90025
79937
112703
50845
61113
101220
38519
50992
108852
45051
60735
60522
55735
29181
108748
75273
30866
91156
79551
90659
40177
36900
79396
89534
38493
109323
103031
64641
90434
89803
41827
28258
69405
95821
45256
94834
30274
77253
64460
29499
54362
77734
101318
65704
27996
51049
58487
53988
100822
55482
58788
80264
51721
101274
108725
88266
113744
33861
72268
54166
53584
70553
90530
86914
39034
29889
81522
108579
37459
54828
34372
56657
52415
75823
67465
32165
28998
53705
73066
66019
97514
64726
60804
62572
91924
91568
83553
91296
105862
48015
35558
42408
54071
93788
113400
90531
101264
97636
42157
107028
78858
75779
97341
86439
93099
38077
99085
8207
44044
29525
73351
78138
46991
47318
76009
55633
34420
66300
38194
98147
101512
81407
95540
77864
36155
28434
50716
31356
26526
72509
79985
82535
99058
110034
111580
78476
92698
38664
71665
72158
32164
81993
81698
92245
74478
55824
47017
56629
93582
22822
41739
62991
96345
97430
58557
57839
54076
90082
66880
100202
55670
108129
93098
99491
45978
71116
71922
48707
51317
87156
70034
78507
86589
80386
35510
55881
105500
69953
97398
104870
48051
58191
40748
90657
52133
114019
30709
90690
48447
93715
28651
89440
99556
65789
74129
71631
85783
113971
67980
104896
74048
52962
62327
65136
103697
44010
106555
64901
79504
87507
103018
105856
91399
68896
22597
90206
47815
25943
84317
89545
73606
47289
110269
109474
111109
108699
18022
107743
75317
35972
86255
99019
101613
35736
61916
34680
103792
109152
36478
52536
65332
64312
79149
103068
38885
77210
42841
41780
83095
36121
94151
107045
52823
106088
53672
112614
76962
41529
91383
39081
99270
113035
30792
25036
49335
41388
69321
92272
103087
71445
37324
41189
72634
100522
77816
50876
107524
70091
36911
42914
47060
59405
58396
105860
99497
58420
43327
31752
44133
54543
54439
67804
60979
110784
107097
12942
71462
85262
61433
71832
96541
64380
76433
67443
41917
61392
55111
47766
60658
106673
55025
113284
103296
83612
92209
48518
