111366
74020
65990
51157
92456
60835
105355
32016
101164
101150
46251
107289
90671
51750
81899
56862
91535
106951
88127
105288
83067
35301
44931
109251
44302
46252
83652
46534
57467
55465
68269
60121
81784
55329
98993
104718
58532
81032
88750
76670
75532
107190
98773
55746
59288
113832
109465
95970
57510
79192
67873
63184
102069
78884
79519
54512
49136
31651
30273
89169
53604
76840
84004
88268
82001
37194
76368
26357
43367
113520
93969
88759
31292
73175
98901
32196
81609
113950
73601
89839
29350
91191
69279
45986
62815
66546
80772
106346
93382
73383
83834
38177
40041
74628
44413
83427
89795
80676
70349
45709
87443
91868
39626
80996
67608
45988
93484
54442
93754
106095
40645
111773
66445
58806
82775
45180
104624
77436
111725
44933
111429
78819
25153
85785
78595
45602
78887
65778
92004
69182
52881
68779
97716
37371
105989
55266
81607
96812
101633
92300
104441
59505
45987
98349
41589
106099
86652
112295
51684
60144
45392
87512
53211
69932
79523
96658
48163
60225
61190
57294
91215
26038
99638
107222
65085
67405
56015
45995
33969
27180
63836
70984
86957
50916
76284
103497
108662
45992
87190
51283
93054
64440
100572
48606
73146
58517
35618
60775
94506
69945
58882
98679
40896
38998
26230
112453
78055
58545
95438
84345
57178
66982
73803
87252
63283
100685
30541
66373
79595
72364
61622
89258
51607
86813
110486
45390
74650
45994
109023
82197
91543
30630
47641
89780
39554
42024
68443
60486
98224
79431
45383
55135
31558
47274
33370
94290
73078
32346
94904
109204
36299
47185
83838
44212
90867
