40153
69343
16237
33439
53623
106813
110414
100305
39870
113938
25775
80668
108516
43049
63358
89683
98441
104451
82638
113975
50078
102720
40230
65814
72964
99573
45164
77248
60902
70840
63221
106976
76963
71916
100794
108091
41880
54099
109478
54335
59452
54034
48380
70829
53402
25649
56720
47062
108246
93941
71131
74993
52814
104112
39162
108591
68870
77195
41378
73326
52830
64342
50089
57929
47092
90674
70483
113525
58286
61397
110144
67370
66117
109563
55860
108309
107461
44592
26096
56767
57530
111027
106173
35228
58622
56914
65697
88645
85718
106948
34623
88235
92216
24266
72539
101050
111911
110715
59552
106010
72958
72932
103132
42202
84111
93938
41349
66716
106693
60500
99167
56673
102833
103489
107866
38916
58296
71471
69975
61794
85743
32794
58484
103141
79462
32710
106800
73605
112070
91021
67090
44414
90331
46244
34944
114085
46834
72059
95009
63678
53971
111225
71034
102912
91536
72109
76272
101323
96819
37470
90869
72088
36950
80274
59688
33406
50996
68838
36875
52968
112665
99142
100204
109334
60769
93573
77754
109512
98145
36298
56509
96478
56564
57612
98258
112077
99763
36186
99700
104045
74899
75079
59412
100040
92540
68675
45052
59239
82784
76345
53598
34607
79995
33526
66457
94507
36837
63363
103144
96902
66409
85967
73069
75810
58358
109079
95703
79775
45158
93857
66157
56567
109517
74021
88550
112648
46223
34902
67927
100309
45769
50145
90197
57990
72567
75689
36223
67355
28235
53959
70058
28863
34406
35065
104647
30434
90354
72228
33508
69596
86211
100619
65978
47492
57988
110700
101784
47026
67458
93613
64531
52757
74328
50264
42798
32154
100257
88329
69242
36893
53159
78003
76267
84118
94135
106353
73655
109069
60670
104634
94172
106881
95394
59007
92957
54709
105905
41086
89724
110917
97419
69845
47519
86658
83486
84787
98621
82739
84349
91184
78402
109290
49394
105315
98564
67527
67050
105570
67637
99996
25300
101847
72305
110273
40646
66977
80498
78702
79419
98514
81611
64059
113057
57067
102440
93640
32433
96509
46867
113659
86531
51944
55830
102840
66920
82954
60792
30800
71130
65635
70879
66472
61701
103180
63185
102794
95118
81699
42957
62163
94840
45589
87504
63889
56539
59818
80839
77028
74310
77789
87831
93299
72355
97510
43708
53120
54432
104164
62385
44540
86552
71663
58052
100160
59346
40899
32174
72758
75598
40572
113944
71581
102471
74705
89080
64032
109123
69789
44762
59588
30385
93612
60254
98566
113407
101508
108422
68088
75208
92506
120357
50668
91886
67512
94838
108766
50088
109129
34173
48244
76606
60071
111820
60987
73354
112658
53136
72136
34307
100250
53815
51554
80302
95777
31390
45528
97547
104906
45137
66914
90018
99077
50221
85101
62244
68307
113747
27678
74753
78885
49819
91588
71112
100501
55798
34364
90022
41587
64541
65370
61615
31645
104953
40579
109963
103574
57423
90227
100461
41238
32672
102555
46537
83180
73392
41424
77139
104161
103508
46200
58241
69295
49246
42978
113406
64810
53477
60722
99495
61676
103142
62422
56700
69745
72325
85358
33368
54520
36152
86125
28667
86950
112833
96396
39467
33554
62071
99548
84857
89301
99031
69754
72242
60980
51666
62589
108942
97996
95129
62771
91748
112840
107110
84174
97598
73119
98153
103857
77006
