86281
24234
80703
58176
103905
77956
60019
87216
80706
81133
109197
101081
96002
55412
50329
53171
89204
42078
108392
67476
101385
92905
80901
100203
80773
60970
91963
83195
95012
58707
51646
38229
26693
111821
104610
52803
83189
36946
105267
43712
92878
52144
73124
100647
70834
68098
86919
66471
112695
81394
103672
69834
40535
87749
112657
110442
81410
103669
42094
59396
65336
55727
50076
107528
27753
71606
76501
110274
70985
36897
60309
44317
61038
47091
112388
98220
38251
113581
51217
86557
102232
69387
108179
33611
113728
79841
83850
100387
89689
89091
46668
72345
57535
41791
112076
62872
90329
59834
103005
79982
70219
54387
107869
103077
85370
99389
73092
62704
105671
61998
69970
111985
65914
99183
61010
63871
87726
52123
32768
44591
55438
80941
50241
89802
48222
71571
50564
93758
88592
65143
106054
84318
32437
86656
84505
77688
61838
77917
45262
44234
52028
80698
55046
81303
43116
63874
94542
82191
98703
57730
45687
86020
30268
81637
56618
68400
105943
45241
66021
111605
87212
92953
77092
92966
64732
78287
97478
94824
74652
98076
80592
32625
86090
29366
30133
47834
73178
96105
88318
63523
13156
80398
111111
28941
100502
37475
74309
85231
44543
94462
59414
85115
92100
94288
81045
88326
