40153
89141
69343
58162
16237
103110
112210
93501
87236
89474
61719
79033
38882
33439
72456
53623
106813
93699
113044
96862
110414
136920
74987
104737
75961
83283
100305
86281
36150
96748
43369
111366
71963
73656
40077
49135
39870
102919
113938
24234
87188
74020
99747
65990
25775
29787
80988
103699
60965
59348
94654
81436
78074
135162
45205
30649
92903
80668
113247
80703
63735
55555
82698
58176
95792
59810
49181
44427
51157
43351
43226
50517
44904
90779
108516
105229
50982
98372
51087
113080
72381
89937
107817
76646
45535
70849
88839
113640
52008
79124
107552
100915
40747
73421
98584
34901
97626
27399
43049
6803
77900
63358
85015
59314
114064
34966
81091
64632
79104
107219
76098
71519
102416
103905
51035
81878
92616
72710
80093
92456
64258
58547
40584
81137
60301
41118
39485
107907
72565
46445
113933
100042
57559
113839
113516
96271
41918
113840
92261
48790
85054
99964
99975
40220
89683
90606
28318
105535
61699
41202
103987
94389
78610
52603
60835
30650
105355
50731
77956
90523
66980
49653
68010
36624
82800
136071
74102
33122
85124
44424
33532
106296
94902
98665
113283
98441
53977
60019
97365
83345
90922
32798
92269
59319
56546
32016
101164
105166
78978
61173
32626
108126
30991
90676
104451
87216
28340
112502
99146
113826
34868
98264
104723
39546
80706
88679
97471
28590
101150
55846
109964
46251
31456
107289
30224
71537
104016
70682
64377
56294
58610
88654
110506
111880
41996
23938
93497
84209
61000
70105
82638
90671
91812
72233
92097
75986
51603
76640
49511
35985
79217
78108
51750
112282
37760
110359
32737
81899
113975
33954
61631
50027
87730
50078
69532
57445
71547
110334
56862
96501
95182
88118
94119
108589
39018
100032
37654
44246
29498
40148
94236
81133
74130
78813
54400
109197
69895
101081
108521
85492
85714
105361
44581
91535
30393
102720
40230
23224
106951
67455
54316
96887
73862
39866
73348
38889
59506
39390
62425
92832
79890
59798
94967
96002
92207
37299
88127
52004
110657
95298
49826
104842
45537
105288
73596
32551
60117
65814
79843
83067
100717
72964
61419
83910
61565
99573
55552
35301
33590
89535
43685
45164
87273
55808
97553
106376
53603
59815
44931
75533
77105
100752
55010
109251
56687
58611
38891
55412
70162
68421
77248
75685
80191
109619
99794
48019
36291
95955
68217
32148
50329
61730
77013
113679
60902
39334
55120
106997
64391
70840
108010
108511
84788
37979
53171
53500
64272
87388
63221
72069
63275
57526
106976
72135
44302
110380
58528
105247
89204
30339
46252
98694
84225
76963
67372
19979
93892
71916
57718
108254
38117
112998
100794
62211
108091
85859
78198
78390
42078
68750
28806
94003
36163
42799
79300
65659
65762
44493
100344
41880
108587
108392
55359
61816
72142
38337
45520
77224
101014
98769
55804
110821
102068
97349
107723
34925
94329
29293
87258
105005
49624
85729
100340
68627
65504
83652
105587
54099
78455
56261
90571
67476
104654
46534
52126
111215
57467
67610
71573
64416
97034
94362
51014
106945
38728
54925
55465
83726
108559
92571
109478
100328
91016
54335
78545
47853
59452
94409
100364
54034
44216
100581
38908
95141
107049
101385
111227
48380
63050
54367
110446
98744
84638
91878
113812
64884
107803
38155
27906
41484
68269
105010
62892
102197
39265
50704
60121
56394
70829
26507
53402
58189
69775
107440
105501
40926
80647
58827
77692
81784
97992
83790
100812
25649
64431
72344
32557
89523
72922
32925
56720
60043
105235
110004
66473
33304
104713
86938
55329
98993
86426
45604
92180
35615
79668
75902
87850
92905
67837
77564
80901
47062
58809
91649
108246
104718
45286
63295
106210
102286
58532
55686
68351
94334
81032
93941
27080
67479
76141
26574
108659
68386
82380
100203
87220
102227
80773
71131
88986
84650
59851
92670
114069
74993
44547
74973
76102
109413
40409
95806
62743
55302
61873
71014
73295
32451
52814
55398
78936
99400
58185
105330
64910
109520
51686
83647
43323
106357
84397
33354
96900
65808
38158
80604
59849
56131
33612
63739
32989
107530
105023
62789
79155
54217
105450
88750
58037
75456
24259
98826
71851
66833
7311
75014
105962
35232
60481
90355
107656
104112
64535
111796
101492
51561
60970
112026
46706
82295
91963
37213
50720
39162
89493
38995
93966
83195
102835
103227
89781
108591
95012
79815
106761
99034
37729
105266
20626
46543
82052
70409
93918
74387
69386
86083
58707
68870
99833
72863
76670
97246
34122
107689
77195
113552
84372
101713
69539
93111
100252
82709
84525
41378
14344
77915
47724
54998
58167
75333
76607
92103
51646
82895
82165
70474
78008
31103
73326
61030
47343
52465
84005
52830
77606
76892
62053
78880
72507
108471
111181
49451
38229
29562
49387
98934
48113
69418
33369
80470
45268
94807
72597
75178
93206
64342
102273
62577
80518
50089
29241
81027
34304
51360
111451
94123
52230
26693
55513
28391
57929
53613
78642
111821
27867
46621
47092
112324
45688
66020
86503
65945
90674
104610
57978
107482
79191
46054
77054
70483
99772
113525
37321
52803
113245
54096
35912
82567
86254
54961
74884
93870
58286
93759
83189
97610
58705
97090
65182
82368
36946
70359
61397
110144
88229
56468
75532
45686
62121
76611
49521
107868
85045
78234
86416
43071
66774
105267
95459
92574
55827
112914
37308
72584
60827
97466
41049
33323
84724
87457
96545
94905
103171
67370
95636
42752
45472
49857
97704
91190
66117
106559
113901
63215
92302
109563
98297
51665
113702
104695
86778
52556
92897
68399
108737
107190
67334
68371
43706
85431
93088
105937
83648
111117
32727
43066
53305
45938
57371
43712
45055
55860
52027
40906
98184
97474
98773
63800
108309
92878
91532
55746
80797
98143
94825
33251
78441
103727
111166
92758
91443
59288
46063
90347
107461
92096
98439
45183
112192
82414
80246
75193
80192
98161
111789
54032
29500
58584
64383
53410
113712
34896
98494
75854
102062
44592
81605
57394
98322
81419
18919
33957
70413
26096
51568
87767
68267
60102
56767
84203
92102
60708
100251
78532
47820
67058
90758
107593
88370
90934
66467
101525
69410
57530
111027
32030
91361
69220
57975
100404
49444
75901
62238
32172
28624
62947
106173
49956
96567
35228
63680
77733
48647
39624
47847
45077
74176
48704
53248
78736
97550
96355
69136
113105
64182
42179
60738
56119
38089
66956
113832
51745
65613
105973
92753
58144
109465
58622
46016
61322
90086
110886
109847
35074
73637
77154
76900
108585
71475
93171
100609
55322
36090
85307
27382
94376
56914
71122
101298
40834
48239
52144
104495
100704
95970
57081
57510
108724
58599
52111
65086
61408
54760
37786
73124
77876
107113
53213
23230
100647
71570
96575
65697
107215
88645
42367
79192
85718
105581
111129
113815
112625
109476
58412
70834
38796
50432
53112
54757
89398
48726
94837
33872
82005
70134
87004
38254
100763
112306
106948
52538
74860
70300
94006
113401
76498
65466
95810
92490
46388
107165
67873
87925
66416
113366
90579
68098
111347
109760
56979
105125
86588
70703
58214
34623
62365
105972
89415
97399
86305
32059
58406
109668
79119
88235
57128
69221
74488
109779
107958
63184
84000
102069
88525
83568
79945
28007
90855
67078
92216
46836
50071
68289
94899
50858
112723
42122
106670
107649
48443
35386
104854
78884
71785
47303
54090
103073
69811
56719
66209
44754
114148
24266
30872
70836
24676
50759
72539
65989
98640
84729
101050
113768
34123
28914
44470
24133
55935
107703
29017
36798
74978
91064
89321
36479
30254
60280
95124
111911
80205
78536
105469
69560
91177
82796
54831
71544
62793
112705
86919
112821
36601
76099
54861
32922
32734
78611
84205
60616
29367
104946
67894
75865
76100
110715
79519
64324
54750
73396
59552
27782
78963
71498
72483
87846
54512
77981
25620
81214
96370
77955
72394
85148
59612
61009
102281
65748
109024
40731
95393
87492
66471
49136
94200
90979
112695
106168
64034
106010
77187
107790
83518
14194
31651
98624
72958
50215
67836
103495
99571
75174
69835
86901
87309
52801
32747
110222
98339
26263
99596
62952
41393
62046
81394
106492
76644
107922
72932
40056
79258
80403
85210
91189
67879
108547
78523
42971
52924
42805
103132
72831
43735
42202
54389
35299
89722
65637
30273
48275
98438
102039
47650
43078
95437
70107
30587
84111
50396
93938
85151
100537
90259
88931
38884
79991
34814
98210
109089
40155
93773
44231
59035
41349
106874
84447
44020
69472
84103
60099
48080
95269
89169
86833
74907
58763
60962
104117
89319
84933
77858
112653
52992
41730
92184
87727
106187
94359
80263
91300
53604
76537
107575
56258
59894
32627
74833
57249
107326
96283
54889
105781
111785
88277
66716
95308
83673
87304
110474
100790
45200
99280
106693
79042
96521
71451
72365
48138
66654
77279
85930
39331
85446
63542
75179
58337
86878
45152
105493
45536
83532
103672
42711
43498
79511
90283
64321
94783
40363
28458
70225
60500
67074
103625
99167
84107
76840
109529
78218
38166
50497
79454
43819
84004
108640
67746
69834
107384
95794
56673
87931
94020
78857
105990
57656
90450
55485
107550
90095
102833
33248
52833
52925
37934
88268
103489
82001
45159
84201
44329
82597
35493
82333
89375
107866
37433
38916
54313
89708
80992
55815
36973
58007
37194
76368
42965
105323
82814
62703
42773
41032
58300
66486
113405
46629
103744
43925
108519
57437
113878
77888
62418
62351
56910
47590
78400
50835
88739
86610
100127
40535
88381
58296
99704
71471
44501
47024
42876
50746
73916
82747
70009
83174
38862
97435
99967
111399
34969
91662
111642
77378
81582
15342
67919
91396
77797
106429
110095
96350
112130
113899
64369
41173
68784
112813
70735
39940
91171
23820
75982
51699
87506
69975
104678
41671
82394
83376
45925
74830
91514
61794
100583
26357
80770
61959
27921
85743
56594
98757
69636
81507
32794
63356
79783
96361
29629
43367
105472
58484
113746
33254
95945
107272
34804
70919
75139
62146
109067
60620
49765
62333
55099
52941
64806
101152
36980
111231
113520
103141
61024
69457
30252
103114
94434
62415
49193
58359
93969
57705
45289
47231
75697
60796
106909
57263
58994
76213
60831
79462
32710
76378
61798
69377
41588
33782
106800
52328
60035
92970
80450
102043
67403
85038
47442
57636
87802
84637
88759
87746
39764
44376
97250
68337
40069
79642
58188
73605
101938
32255
73182
62818
54010
42207
37762
109126
112070
69615
63462
91367
50724
91021
31292
61363
30182
56544
39936
94901
78054
66212
49555
60346
51050
113240
103119
104021
73175
57213
98901
44583
45834
30271
88721
90825
71439
77618
51608
100000
26512
101125
112366
100539
45498
32196
47894
79792
69326
67090
113654
45766
60452
110723
87749
73540
81609
103483
62008
44414
59301
69116
52099
58538
50113
69616
76915
65969
102992
112700
68871
94527
85408
43346
84929
54914
85612
97054
107627
48125
92715
56616
74148
52525
70565
32790
90331
46244
111791
91669
59420
72794
44935
80755
48627
102887
66193
72860
43502
70859
106038
89190
62350
70476
113950
67567
45847
34944
33391
91560
40890
95784
50404
98107
113774
73601
114085
68182
109350
77808
62429
38044
54557
112657
32589
6796
92834
112894
113847
70402
97793
113076
59086
58464
45156
82429
87842
50398
57503
95036
39345
94372
91186
49341
26570
96536
39527
75243
110442
107946
31182
79993
59324
39387
34050
94295
97874
70170
103457
5289
46834
99702
72059
106708
95009
89839
88478
63678
83788
47609
67229
57340
72104
50244
88649
110976
64390
77650
68864
94989
100295
88650
75667
35822
82745
79882
107837
53971
46020
53594
59696
70917
105250
109825
88219
78677
111225
112661
104657
83564
75737
49154
63858
16556
97772
71034
44091
68617
54672
60991
89609
40355
54970
73747
81692
57347
25017
32315
72841
106295
28905
81410
108423
99325
102912
26260
96539
96952
91536
67620
99842
51767
58291
75729
107358
73323
67337
54433
62875
66334
71708
103669
77749
69006
50930
61778
41795
29350
91191
49557
36289
56014
49415
30797
72109
80678
100633
89805
36238
58803
76272
101323
104994
84026
93376
69328
31652
41560
101079
94816
85781
96819
83965
53404
37470
77346
112988
100382
106032
90869
67891
50220
72088
58360
69395
103849
62971
30563
51040
111140
78217
42094
79387
113371
103140
45598
36950
69365
109291
60537
78917
80274
97685
78299
45008
109737
47802
61112
51779
85459
68379
77536
61623
58365
108790
57809
100712
45606
55388
44132
34999
95844
105704
110708
81567
99758
92019
51849
58039
101490
86711
59688
107497
34006
85542
71604
89818
33406
69279
46322
81252
45711
96018
61463
76004
101619
98747
27090
29312
95149
50996
73957
113282
88205
92067
94522
70727
80580
75757
100940
68838
107724
29318
36554
109443
74914
82009
71230
36875
50423
52968
112665
53287
106405
113335
45842
82854
62754
96471
58353
45287
92958
88317
90830
84222
111465
82175
99142
90054
100204
66930
38178
62277
96686
101614
103289
111502
109334
110587
103346
99030
60769
86307
42824
36221
27990
29332
37209
113831
111968
39208
33790
95017
81333
65356
63588
93573
111273
59396
105789
81624
51181
79521
32615
61551
108617
69891
108294
45986
93086
77754
45036
32133
60837
87126
65513
83718
105433
73743
95895
83480
109512
42840
71344
68485
52225
108867
76776
96358
34918
111230
58330
84469
45078
91566
105151
69892
68781
92125
82728
77141
82427
92066
113845
31574
108768
35977
61406
83171
92441
52601
77487
101107
56098
75391
108416
98145
36298
84018
95084
53625
45308
55372
56509
62815
104159
56031
42551
106477
101682
66546
67245
111459
44590
34982
110582
107308
80772
25343
61752
108004
71534
99506
110253
97154
96478
70506
70992
32946
39932
56641
85184
68850
106346
56564
33207
86379
37639
56429
109915
30400
101693
58628
103458
90440
90718
86825
90756
71232
108385
73651
74800
49334
34651
113834
78632
87656
73956
67454
81811
65336
57612
98078
46713
49120
73938
100481
92408
67957
72505
57202
103521
98258
69752
66144
112052
96404
106336
106925
93382
72020
102882
83101
105026
44130
108266
44399
112077
55185
44326
109299
73383
83403
99763
79479
74081
58802
63677
111193
58269
89726
68091
95570
36170
58881
73988
79310
63758
101504
63091
88816
36186
50024
95151
103907
50964
99700
91026
104045
45755
32436
55751
68575
74899
94627
80026
95057
24817
75079
73843
85209
72463
78487
55727
59412
105657
33449
71002
97665
40497
83003
46111
72511
80556
100040
55885
43607
62297
8856
83834
35528
92540
38177
112208
43077
89870
101203
103053
82618
79833
111040
82007
36366
113503
107249
106322
99387
74852
79819
108799
54467
30561
51714
90083
101761
60458
85371
40041
87082
82268
88847
43333
106398
61677
103374
97380
98623
92022
49134
74628
69131
50076
109084
113359
77162
107528
105639
44413
38022
68448
80346
102841
87669
113991
91578
83427
60910
70423
25728
93581
27753
91209
91036
80081
91947
103059
55187
73412
89795
109303
44325
36876
80676
68865
58430
94081
95142
58348
138807
70349
72319
98518
92620
102052
102939
96784
91374
66244
60125
112478
111975
77482
96388
35988
90749
45709
106677
49618
96932
29355
68675
40384
75825
80071
105301
40074
59451
76835
99328
45557
113575
110860
67133
112852
49151
89363
100618
84480
39572
45052
35396
86448
59239
71606
92817
111603
37434
56741
89268
86991
53396
79994
94088
54788
104420
51435
42826
99555
90231
97591
87443
64875
55283
72306
96015
112627
75954
94538
79727
98356
70223
33236
92424
76501
91220
102899
28115
51790
104861
88767
30993
51995
41395
91868
70475
108523
32624
76654
87135
64802
37490
113601
28176
102505
43868
79086
111079
104474
96000
34706
78879
55873
52856
110274
77501
42988
39626
70985
52276
92725
40997
73674
92764
73922
68714
41624
75350
95473
46673
99347
103502
70786
66507
111276
107681
51337
31892
36897
105272
50143
82784
76345
34331
28497
80996
88136
53155
54216
79874
108358
67608
98820
60044
56667
80623
95966
88440
96099
94609
98664
94466
86736
101421
53598
99878
59918
105443
80234
100045
34026
73338
1831
81641
47494
35537
53430
97673
85458
22874
80607
62792
68881
24587
112309
107288
60692
34607
87536
40918
66976
83575
6455
100339
83560
74156
92265
74047
79995
86123
59778
109417
73745
60309
45988
33526
58307
93484
101597
112487
109459
109277
114482
46600
96622
136793
53723
63196
66243
78881
94184
102894
114150
83941
86559
32858
86646
100955
33810
52837
93967
84649
42948
75711
86817
76831
99651
86653
31104
30632
66457
56572
95893
94507
87465
65072
54812
49168
82274
101625
36353
94580
34927
59747
52913
33873
94074
63816
36837
75057
63363
87270
37884
103446
112025
41401
64306
32718
99915
93211
48974
61434
63359
43842
43060
91301
55643
110500
52700
104542
44444
90357
58315
113003
14707
101126
81222
36194
88756
106442
102059
86764
63897
93402
94921
65857
108542
37859
95264
61269
53974
50324
68420
104400
48786
35054
94535
30220
56315
80609
58009
103144
38912
54330
96902
66409
59838
46945
100192
108968
53420
88066
85967
62955
44753
32033
79360
44317
73069
31979
61038
50239
55068
94464
34025
64221
47091
38899
39031
75810
105578
64835
99266
58358
38892
95406
88282
59449
90448
49227
113224
98001
55688
113637
59662
113045
107095
62210
92145
55810
111365
78656
71626
112258
87790
92614
54442
93964
92940
96223
96537
109079
79726
31524
95703
91236
86637
93754
96484
76320
102966
29747
46165
94442
70524
103481
57516
97183
110689
26016
79775
40518
34124
75753
107860
45158
71831
105697
101970
93857
69301
72401
75569
33664
66157
43876
56567
58357
106560
72430
103693
76811
100983
105890
76784
69654
101807
79301
112388
106095
44331
64909
98976
36097
54805
109517
74021
77822
58605
67958
43486
57361
92544
100486
40795
62801
88550
74520
29453
36063
100612
112678
88388
107379
108171
93652
40645
51662
41483
111773
70857
56473
60183
43652
44022
97998
44698
112648
46223
64411
42466
58999
88697
65333
34902
73307
62108
66771
96529
54022
71197
44074
60496
105343
31740
109175
81621
37374
67927
45977
100309
76688
37267
98220
45769
38251
69612
49509
54385
50145
82287
39895
61428
51036
84523
98231
90402
78655
113581
66445
38894
62298
64426
77978
99114
49431
90197
59437
103780
57990
64898
102045
80570
107043
33740
67508
57305
43252
66543
59775
90607
37319
93639
35981
111056
72567
88312
80200
104257
109102
51217
45265
75689
105638
79054
19596
104402
37004
94823
86953
68883
57505
58806
93860
67705
29326
82775
56504
56316
88753
50750
92755
87408
105833
45180
77676
47408
62450
36223
33339
45936
103347
67355
85531
111034
41140
40753
107952
28235
72366
124419
71466
53959
90166
46300
56392
56078
63171
86557
104646
52231
109286
93370
57349
60165
88935
61780
102232
68445
70058
99513
49738
70205
28863
92595
113402
70948
34406
94769
41047
53744
104258
75641
77843
35065
30395
69387
34873
76672
104647
70519
93320
67559
58822
74050
44786
109962
108386
62284
79749
108179
71339
36071
89436
111438
30751
107706
153248
30434
106986
79873
78937
46645
103840
93381
99587
90354
51268
49588
52739
100632
72228
97823
100039
112563
98054
55026
112133
77865
41825
74235
94952
33508
62043
76967
52466
53148
89289
33234
69596
47949
81344
86211
54436
94726
100619
48718
96328
65978
65176
33611
76074
33688
30498
60622
101333
93653
65831
47492
84864
91777
72970
109095
75596
57988
110700
31656
110530
50831
99313
60069
101784
34735
92437
65358
43617
47026
65508
94964
68141
75755
78816
109597
63437
31684
84954
99436
104624
63601
67458
87815
60752
97766
113728
70516
72661
69809
96389
112321
111951
27179
112004
30599
41866
73657
47376
82011
29429
90077
83584
102917
28617
33206
93613
40727
39315
58386
84767
45473
88921
38790
80776
78661
64531
78732
61558
56441
87681
58235
81517
101960
40961
52757
55287
98132
38270
130085
69173
74328
50264
99727
39137
37385
33288
54499
37017
111400
79841
54232
65471
83850
36189
42798
110669
62117
66753
28567
78106
93128
53544
65369
46903
56314
71456
85046
71182
61078
29730
104009
104031
96275
83650
78783
76667
98103
79494
41793
72123
46476
34019
25525
113639
32308
75403
72391
65421
77436
32154
97363
73787
59807
90459
111725
101901
27404
47255
109346
77764
100257
84219
62946
44752
78717
53985
94284
96221
88329
69242
72576
33063
109509
38521
36893
100387
56669
86741
53856
57356
45357
69582
91060
57931
53159
79420
78182
90215
33570
61432
97473
100914
109784
105291
29431
101678
78003
71980
16073
35588
94176
76512
92912
101689
62097
33662
100981
89689
108795
112651
76267
101366
81335
28123
83253
56783
66056
84118
94135
42147
106353
108037
110804
33174
49892
95293
53633
67878
63876
110897
30275
85978
77203
88493
59628
34225
41459
58782
73655
86452
56421
109069
96227
82225
33787
33556
93246
89091
41042
110577
90518
40583
38605
76901
40510
98223
97898
33305
44933
46668
69030
86477
97429
83548
61574
50763
102420
96593
37467
74055
60999
71589
92496
35389
62392
72345
65622
89257
54929
36924
102454
79343
64199
73428
98212
67121
76558
28366
106189
44312
113136
112770
95267
75423
111429
83461
53611
60670
41172
46966
108688
93343
86147
60694
63869
56104
64534
69127
98459
98753
81213
67343
53263
99335
31992
107018
109477
38331
110044
50721
77586
57535
107651
63293
106903
98256
61867
63728
44596
41486
32686
86526
99918
77158
103460
29347
28791
56095
63152
41791
60637
112076
97436
75026
78819
93558
25153
87059
85785
102594
63425
62872
62507
42540
85266
107981
52643
104634
64572
76005
90329
109934
111289
91544
96802
61132
111163
96360
25989
78595
35788
41933
55626
61973
59834
107872
67464
32744
30631
94172
54785
106881
110962
78345
102044
104724
59729
107785
64731
102674
95394
25951
66959
101824
35659
45602
73183
78887
113942
41342
35953
54260
49938
45476
113658
40733
35965
106630
100521
59007
59450
42148
24131
67036
51097
26576
50743
92957
35320
78057
54709
32221
47097
91065
64113
66306
105905
81723
72820
110367
110337
103005
73168
45179
46053
79982
87548
44502
67895
51178
77638
64039
78533
47864
66124
70219
72952
100314
26920
84097
81859
55007
72685
65778
28887
41086
102215
79369
92206
110943
40234
57919
92004
112504
79645
54387
89724
37941
110917
113251
41898
72704
77714
84867
63055
74135
101147
72916
110956
35860
97419
69133
60569
104871
38727
109615
103933
84446
77548
111710
107869
41064
77660
106928
28354
86985
102897
60810
72393
58750
61581
39518
111930
62000
87572
75736
44499
89087
106941
108008
58639
69845
111125
103077
62009
69102
56234
62428
107247
47519
62931
54533
78396
136314
34276
79075
86658
52340
53417
67356
86619
21525
98144
69182
102605
41321
74436
109916
40571
34858
88383
80187
99741
104135
83486
61871
73537
89793
89111
52881
31367
84787
77800
68779
78346
66406
72431
101839
63072
98621
70737
60462
70370
54254
77017
66894
59350
31476
63619
87787
104165
68603
82739
157291
55160
58174
96196
72971
36070
51594
113237
85370
62025
56427
70949
108665
84349
39739
54332
85498
31142
14930
74376
97716
83567
85255
86236
95690
91184
92296
89490
70202
85778
89259
37371
39726
92487
90199
93830
89936
40891
65962
93301
26114
63543
92494
84428
113932
75766
110040
78402
84489
71113
94809
69189
99389
102034
109290
61915
29001
56018
49394
112054
76908
80569
65705
40411
99275
113796
99437
39734
110461
40512
105315
41171
76873
84819
95205
41090
43298
80924
80783
111335
71567
104547
28502
44394
98564
112674
72241
79588
96530
90521
94776
113884
77441
61321
70693
86563
97940
78109
66126
49831
105989
88738
33524
52341
80309
73092
75196
31646
83562
53030
89029
55630
62704
80120
49913
95853
66630
55469
68239
93379
33660
105671
59418
97085
77277
103260
84365
29369
81773
52932
32168
71137
95294
44014
32063
114066
56286
32738
55266
91554
71761
92799
81607
74900
96812
101633
35013
51190
67527
69118
50424
48226
107690
74847
67050
37323
26019
60171
71154
105236
61998
93390
105570
51682
34703
67637
99996
53115
67441
66034
92300
89611
75980
69970
35134
97830
87677
93994
53984
46182
96801
99592
69841
25300
104441
33520
105797
86235
101847
78831
90581
100333
59505
64367
49171
72305
108887
92728
111985
82964
65309
67055
96401
110273
98891
65914
107583
35052
44294
99973
58637
70101
56718
45987
40646
56660
30817
29214
72947
111797
59299
87916
66977
90349
98349
81707
110411
68364
54214
31350
99183
112482
73910
54628
85121
64605
37489
39697
41589
86616
52475
112937
52794
64970
47036
98299
49137
60747
112038
40513
76624
107475
63459
80498
108460
59640
60100
106099
114048
49611
75469
90381
105575
107955
38082
109852
63539
40159
97151
79342
49828
72005
52003
65701
106823
86652
72549
102799
103072
78933
86995
78702
112295
111568
61272
87894
95210
98838
93552
112367
51684
60659
66227
61010
85457
109871
88923
90203
53089
33786
77312
53960
63871
86725
37037
46294
80714
56296
97691
46774
100831
79419
83587
98961
97410
76443
66504
98514
81611
66245
105926
87812
67076
99572
73915
86138
98894
41218
32494
64059
64837
87494
40638
104641
22873
66773
45859
50025
78757
85409
113057
99966
69429
42120
104471
64280
60144
80156
98265
48914
66324
65948
30815
57067
78314
109924
45392
90612
46411
41502
108886
50365
67335
52103
70520
97860
52591
84718
102440
45136
104694
84053
92376
74798
54019
89299
93640
110031
72324
102810
74906
85676
86277
32433
96509
65681
96822
46867
80710
49166
113793
37609
63362
87726
87512
113659
53211
102916
71217
84108
105241
66610
100242
107875
108742
74483
62447
86531
56739
40362
49209
51944
109155
113863
31020
108252
84220
101811
57974
49678
32405
66160
60222
85860
76425
52604
33376
94715
111907
47451
110450
42992
101825
53733
109976
87079
52123
34206
61700
78155
32768
94877
104005
101062
51897
102587
108092
55830
44591
73177
84542
61825
55438
82953
105333
113955
106936
81209
36399
75527
33963
28324
80941
50241
48973
24224
96811
27617
23226
80851
55474
113123
57436
103178
77036
97241
74378
69932
82161
112544
113857
33998
105035
46193
89802
93859
108145
51473
90615
96941
36836
89385
39173
60968
105742
29706
28618
76975
78977
69587
28220
85787
67079
86977
65719
101922
112760
33366
61750
83077
105233
113392
42100
48222
76860
93339
106584
68898
63813
26296
102840
76125
58543
32797
66920
71205
97229
100453
49558
84424
62440
110692
83204
36191
72873
112688
55467
98390
106535
71334
79523
43319
110852
34309
64162
63088
82954
108695
109326
60792
80031
76941
96658
40058
58171
42864
46403
94559
28821
48163
94530
103545
111004
90686
110333
71320
109080
143865
88125
35075
39632
106411
69762
30800
42558
74029
104231
34655
56746
60225
71571
41854
34163
64405
33372
43615
74486
78968
71130
61881
47177
46561
61602
103115
35559
89778
50564
96467
40540
76103
58514
89124
41322
64378
65635
69960
86940
107604
103130
110449
48837
56737
87233
33937
70879
105137
72248
40544
37528
92068
76891
113399
66472
7054
110036
101765
138391
111499
62212
61701
58254
108531
59649
102529
85228
72003
76440
105032
93758
56527
53464
61190
112071
91297
31050
51098
46570
67636
99141
67387
86890
26113
59553
49593
81640
106713
38736
57294
103180
64902
103045
63185
70003
42913
106899
68855
38723
60322
75964
62041
90165
73894
78088
58011
109174
84218
7387
81254
39620
32864
106664
57353
102794
77213
76354
78474
36116
69751
88592
45197
35550
95118
78393
81194
102481
81699
56596
63705
95343
68745
42957
71618
62163
95711
101413
94840
91215
45589
87606
36161
88766
34111
26038
32179
108391
52609
66031
87504
25293
32306
63889
98752
105960
56872
55473
86095
69645
67340
55729
113009
107010
111031
76881
30813
48007
65143
41053
62302
83731
107851
102955
32555
105826
109502
56539
100578
53447
73751
48108
73896
88684
69589
82097
106054
84318
60036
51650
64822
46198
50310
84836
112129
76423
25842
84007
59818
77429
59709
56033
103983
92348
80839
46038
60224
110005
71429
68014
78192
107337
90213
95859
76023
78005
77028
45846
86815
94850
74310
86262
77789
87831
93299
42874
64238
43282
72355
108315
90555
77889
42531
39277
57566
97348
99638
97510
53260
60754
105745
33249
107222
76364
83642
111404
43708
78759
53120
60674
64449
102867
77649
26594
108606
70115
81478
97469
104866
51165
63086
52482
58843
96856
58446
93282
98040
78056
56873
110555
100046
99012
100527
54432
37486
56952
70776
107350
104164
39408
31790
72581
75603
62385
44540
82834
92211
61960
46582
107228
101258
93542
61067
85078
67619
106980
110691
113041
67675
52853
108740
44526
68845
46405
70882
43061
70515
41400
65634
38844
86552
88991
112820
57005
112744
47233
72861
109280
64406
73567
56099
86809
112692
56840
65611
69778
35720
113325
58292
71663
60252
58052
65085
105975
80503
70546
103201
61355
89737
71796
48018
41223
69842
64714
67405
100160
33856
70171
57230
76751
53123
104271
105492
53888
27217
60992
70686
105548
83273
51170
83699
72953
109143
113072
56013
28357
64969
76247
47892
26638
95065
30149
95741
101589
93826
58250
106665
112675
41603
67907
106248
105482
84309
114057
87534
59346
44249
55369
94113
54049
64434
30782
101843
102532
85717
80505
96469
73246
106180
31832
80785
56015
81718
74544
96088
44466
47953
47937
79848
32437
104015
54758
67809
26971
90726
90854
76543
44680
71474
73174
91055
60834
105306
60279
63083
93451
43453
75561
88825
113006
35984
76913
108573
98486
78765
45995
96884
35524
110050
69139
34492
95348
49167
59802
74374
49133
40899
87840
49108
107048
67605
80201
84117
57996
112195
107334
109388
83804
59217
33969
55081
32174
72758
70391
100128
78385
13891
56853
107131
86656
95845
103534
46357
52485
73057
75777
99045
45630
93784
78734
84505
75598
109176
85879
40572
112554
37655
96273
93168
105809
38161
26458
48784
89685
48650
73760
135463
71605
63271
53306
88239
52969
27180
29439
74991
60378
47893
36264
94705
113944
78769
101080
89127
42074
94968
77688
107420
54797
97441
69437
50322
76426
75600
50848
75422
53501
75308
96269
109733
69585
63836
109762
70945
39139
111790
46265
70522
70984
71581
72838
102064
42760
70178
101432
48510
70535
84244
89384
94325
70362
105103
84476
33442
88747
26863
73832
79922
104395
60251
89293
61908
81500
86957
100268
61838
71012
103223
35997
77917
65141
103401
79246
100660
59584
62774
67171
40945
64523
54605
99853
46029
109920
91238
70537
113373
46965
71011
58216
53406
110485
104116
110918
79838
98922
39953
111671
99987
94140
47347
112250
102471
99748
50916
112496
112151
103856
31717
76284
33738
45654
74705
43959
50911
85791
62013
78130
64080
89080
64032
86015
109123
60577
84862
37007
111041
100034
94862
82973
105882
64190
32034
26424
106375
84283
84502
100398
103497
95074
89731
86562
57282
102501
39372
82431
108662
82046
69789
53641
75691
44936
62483
93130
40383
52234
43614
63330
28859
83413
45992
79996
67673
34184
100675
53626
56027
32861
48451
45262
61600
79082
97245
43070
73368
47487
44234
44762
107344
72583
79128
107309
110381
73270
32938
63107
62791
32093
52028
87409
43683
61111
90401
59588
85719
75841
48761
87190
57168
46917
103867
76906
58893
81221
111952
94424
69145
95668
30385
93612
76985
67855
107657
37648
43738
111467
62951
53878
80698
83864
81895
70759
72925
36702
55046
91043
44244
57932
63679
111403
108920
5288
111771
37885
44599
111817
60254
84740
53290
98566
69383
109516
93841
95346
99749
59323
52994
86309
33855
61841
104726
94549
57614
77546
62865
113407
101508
101163
108422
85736
103767
86152
28780
64575
91478
85317
48173
77715
68088
77757
40749
66867
70368
75208
19859
77019
103280
66012
79188
90168
109981
47472
37641
82955
35770
31546
75646
53411
91483
46438
94431
86548
36239
51283
92506
38913
63541
58468
62069
76793
98580
102942
38013
104715
54488
76367
86508
76693
45531
42877
58631
86024
99911
109505
79088
111049
93054
80573
47638
41497
75297
120357
46588
111918
87909
70741
50668
109434
91886
59524
111050
97927
37769
29820
81303
88830
65354
64440
45820
92627
113582
36088
71791
60574
99393
84211
70899
61721
35819
90396
85361
92255
80098
92709
91014
100572
67512
89430
94838
99515
90423
81807
44703
110419
70263
65241
94159
59808
77345
100693
60903
98009
42688
55435
64510
50712
56447
42712
76948
105192
36791
102623
48606
108766
31023
61110
98375
113987
102958
99532
77689
43076
74476
71111
73376
100939
50995
63290
103137
76081
100429
75769
93388
91117
91774
102266
93641
72622
107927
53759
78469
37137
104742
19294
65439
54212
102369
40365
69479
68573
75274
65628
107518
50088
109129
91015
86536
37022
104962
73771
84157
34173
57435
100417
100205
94030
105290
66248
109592
38078
47659
53607
43116
61720
70835
69976
48244
57959
99446
64446
76606
73139
97637
63874
50393
113403
81748
60071
94542
109891
81919
66889
77502
98108
61571
29626
87907
58262
109629
111795
49383
83656
33522
110407
50825
92466
34930
81786
61128
74370
94219
103931
111858
63632
34910
66083
61675
113697
56522
89077
42338
82191
111820
104938
98703
41804
65631
111681
110048
77987
42553
99905
61178
54751
59965
41458
60987
107140
53872
35986
103055
43559
73354
70482
56419
55781
82361
99202
108207
56343
36246
53442
72299
57730
55330
36978
98685
102207
95097
89352
99538
32796
72842
112658
53136
85876
52232
78285
80130
114142
64488
62141
87761
99901
44741
90613
86088
56117
103902
113951
72136
45687
86020
100448
32558
62208
87510
109873
97694
58251
73550
81690
67706
68204
53552
42555
69760
73146
39003
71082
95637
58517
33378
13388
105979
80712
55324
34712
90057
112194
88925
29495
34307
100250
30268
42796
94358
99588
91444
61032
33221
65714
97206
89064
53815
51554
44539
60351
88313
69359
108754
105056
26109
94925
91219
37142
83577
62454
98074
69478
106707
94469
64036
66152
112616
42728
90689
83655
111627
54329
40170
44785
95765
80302
93836
97068
98842
86282
72335
100637
35618
95777
84281
68985
107576
54518
107463
76846
48604
41139
60730
66335
81637
93922
45254
59666
109717
84210
35227
90933
44964
60775
71450
43794
66622
74231
86544
31390
86816
94506
78825
102993
60673
45528
86654
72025
97547
102554
79349
102386
104906
45137
93504
59926
89851
66914
128833
58471
56618
46967
62893
58160
69945
78077
113266
77622
90087
71401
102638
71524
82901
58882
90018
63492
65419
78107
89687
61932
38431
112209
99944
97211
106712
93365
99077
72504
46185
111319
99392
98679
36932
113970
94725
68400
65327
64578
65099
111085
98337
98513
105943
113068
56533
55715
88231
112855
76623
97822
70758
111295
67859
50221
67808
96477
112819
109738
93724
86524
107371
106855
108839
106676
85907
44973
73626
41950
112619
41204
33178
92537
85101
32347
77887
74484
90921
62244
49535
101838
40705
40896
92099
56440
68307
62111
38847
68117
101228
69840
105092
62566
56523
61201
74663
45241
28616
83476
36944
81552
29704
103080
113747
94007
77127
31346
52911
72301
67617
63003
32040
113820
59940
66238
95338
109909
112702
99196
85406
52929
81232
27678
42717
74753
88698
80292
59732
66021
86550
89328
58483
30945
46030
50749
75512
103806
58196
78885
38998
84727
50610
102306
67438
86982
68225
32704
60398
103750
94994
13869
56050
55547
38872
98678
76003
80084
40222
105634
104548
97413
78114
37763
111605
67237
111754
26230
105298
49819
72892
97611
83779
99092
45225
112453
92967
60830
83472
63087
32082
113669
95043
42502
109270
12516
99731
26314
91588
31823
49532
33719
82673
77352
107304
36700
61008
33210
102851
31455
87747
62175
40724
105269
101018
87212
78873
45147
100307
61898
50697
64899
92953
15882
52594
78055
99782
113312
77533
82228
113765
77092
92966
51775
85227
48760
78710
112597
111758
116691
71112
55280
84949
91299
55156
32039
100501
109641
55011
32992
33375
76706
67437
93395
34708
9568
58545
73015
107424
102194
101621
111064
76844
59679
39523
52143
55798
108461
114372
107388
71403
63706
77009
78965
54787
111247
34044
90781
64732
95438
83358
78287
84345
34364
104158
69640
60772
88455
47465
84444
109821
98050
50715
96685
92359
40672
41792
82948
99595
53341
21443
90022
62574
112962
106417
74028
104971
74909
93925
64645
110298
44433
64540
57196
97478
92450
102614
112370
98667
94824
80798
63280
86377
46059
85451
74652
93380
104576
80095
60463
88938
52754
100745
41587
36304
98410
64541
110147
80287
80944
48121
91154
85048
98936
69010
55635
72146
98316
91063
95926
86102
55683
48826
47833
53218
80704
58615
55550
71108
69393
63294
43497
62115
19296
38086
26028
74859
55326
105128
107114
111030
66341
67359
57178
60494
107015
40429
75182
33359
106211
38344
56996
29071
55802
29501
65370
66982
96218
109429
73803
39976
99154
50857
60802
88755
82598
98076
97791
98495
98714
78471
98658
99168
100088
91208
87252
28500
80025
50176
54435
85811
55541
32203
88122
95788
80592
61615
73224
82801
103356
87150
32625
31645
36623
59400
63745
36735
55574
55816
86649
85097
86090
103491
44899
93579
80094
44128
54761
59150
102065
27127
91807
92369
85886
113883
104953
98914
94965
70264
80995
46538
91001
30748
96602
112950
70404
108693
100683
43546
97179
106659
64885
72662
80708
66478
65967
56023
94626
84552
47966
48477
59648
65264
48126
109046
30137
103332
39013
103996
65624
77129
102890
109490
40357
86244
40579
82051
47580
88223
41817
109963
35989
69948
37015
96120
111712
91550
63283
104414
38994
51733
37707
107916
87466
71353
100565
41670
16810
73624
88741
77228
81508
54103
89992
39981
100685
30541
96970
104127
107355
107646
94192
29366
103574
52552
30253
71506
65884
83408
57423
45360
112672
108615
68674
108893
90227
66373
92950
46902
45175
55290
55867
47488
57431
50091
66039
53167
79595
40183
95209
38774
97411
35210
93592
97149
72364
100461
32349
79386
65995
30133
112556
72960
90008
111378
59448
102378
61622
69604
91053
57868
2180
80502
66706
82290
96217
90189
41399
95704
47834
83569
65505
94966
103564
65674
41238
41477
32672
61968
89258
89761
72725
96947
50022
83422
67540
77641
73558
88699
35807
73178
60128
88137
46323
39853
88352
50627
45710
96105
80271
67202
95800
50430
58239
65661
103242
113864
80396
57580
53225
102555
40766
83865
46537
50425
41228
66063
83180
86883
65679
32193
79189
35921
48676
63526
51607
94185
54500
70782
80366
80784
54995
100279
104047
39395
79784
73392
103133
41424
88318
51836
50677
41282
95032
83771
110444
35202
59966
43313
35804
86813
110486
66632
77139
106495
106946
35234
47325
55631
82024
64539
89196
61970
53610
45390
93305
68872
107333
41339
66865
81924
67881
104161
86203
51285
36670
104914
77257
47445
99570
80765
99042
105623
45356
69344
65702
79345
65326
87517
46453
60105
74650
104496
108450
56909
58146
103508
63523
32194
41883
106188
86166
32936
67409
32106
71114
45994
90330
104419
31589
40311
97053
10525
72701
109023
37375
82197
56438
70018
53692
32223
32945
91543
30938
112050
74975
58220
54517
102628
108953
92979
13156
59434
46200
104232
100771
58241
82261
99044
91187
45283
104174
45534
61448
97597
64317
32410
30630
81572
69295
93059
113343
59133
98284
32743
81846
68491
70692
82372
30258
85373
75550
57082
57659
49246
104218
101049
42978
64640
108068
93010
42360
84051
47641
30233
45142
53741
51271
49021
80538
111526
104813
108453
17671
30499
27410
80398
89780
87696
45138
63051
56518
60307
69123
39554
69059
78272
102787
80555
36635
42199
41873
86063
58958
43072
99027
100425
60918
39163
111111
105838
105234
113406
42024
60229
111381
67024
85105
85756
92727
51032
109501
82996
31458
98479
36303
80487
28941
68443
64810
82584
40360
68880
53477
48368
60722
32664
74995
89725
28216
100502
101127
57972
105748
80775
23815
60486
51642
53147
99495
73088
95892
75247
39570
97539
107143
57395
42861
93126
75117
65073
37883
78117
77414
32926
69355
103022
62944
50262
106822
44203
45104
61676
101937
108739
66148
98080
92988
105190
79435
64288
109829
78539
44368
90216
54624
98224
91052
97417
103142
69470
70842
62422
135951
89055
36269
56700
111269
32318
85284
101289
76375
28455
79772
79599
69745
113689
41494
35830
107516
80509
88403
50111
37475
34142
75271
75517
81559
52590
62799
71768
41622
93560
72325
61580
109324
85358
93706
53256
59330
79431
62304
35137
33368
36708
45383
92713
55135
73536
66641
52461
74309
96331
112363
97100
34121
76671
36877
30396
54520
36152
28343
63998
111197
101084
58004
42180
1832
97867
71081
77895
78834
113936
88652
86383
72348
105031
93880
59714
109975
85231
107307
44543
92835
84122
94462
33071
93275
45074
86125
18423
111508
62807
45932
100154
31558
70760
60416
56191
68844
80105
97275
102414
28667
86224
41309
86950
60534
82482
112833
59414
89816
85145
69542
62448
76836
80464
30306
88857
44178
47274
54253
103129
19295
91515
43500
96344
67362
34371
33370
65759
81030
101906
48109
77500
105001
82707
96396
100254
49757
72548
91038
96058
32235
44232
37020
31791
39467
94290
73078
45993
83311
73702
94470
47165
77979
33554
113535
85115
96384
39894
56227
66835
29413
62071
81920
51876
56381
113592
66686
99548
43203
97101
99605
44085
66141
30809
47204
45621
31342
57981
98043
48026
62352
86676
38789
114114
48628
32346
84857
57760
43556
89301
29821
60297
73623
38348
58515
71766
52993
105807
59919
64379
57800
60271
99031
65836
109918
23328
70239
69754
101755
36567
72242
77157
82939
81808
106379
63605
43326
59650
36114
65975
42514
88615
85232
42365
42089
77736
113830
73660
92389
76657
60980
33512
67053
94904
67638
55940
83206
83355
98549
54936
92100
92495
45947
77020
51666
93995
62589
63065
89475
40493
65840
98683
104621
107945
109204
85430
56503
52852
87524
79400
36299
113725
69894
40515
49067
108942
85380
97996
51022
102170
79195
61984
95129
96055
40736
99545
71452
39978
62771
38019
66098
91748
94288
38302
41867
60278
66443
38867
79526
37364
38791
112840
81914
107110
91582
91952
49744
97286
47185
89727
113998
99435
36111
73268
104649
46303
65636
41069
112280
78976
84174
64155
31358
36886
36035
89019
73686
47482
94711
90141
30386
56535
49502
76681
49170
57470
93557
37217
97598
73620
41262
65915
83838
92954
44212
93349
91594
73119
111026
110703
17736
66957
106978
98153
102224
113036
91032
30467
97242
104679
93920
46585
46203
69873
103857
53265
81045
65786
44910
45400
65525
61023
84517
90867
53725
35954
40392
91042
105480
53849
94188
64136
93993
82649
72341
110874
77006
58075
88326
80603
105232
34359
49827
111010
98481
