36150
60965
44904
50982
79124
81137
70105
57445
96501
23224
37299
43685
87273
55808
58528
94329
71573
38728
78545
38908
77692
63295
102227
59851
106357
89781
105266
97246
70474
98934
48113
80470
27867
65945
46054
82567
94905
53305
84203
60708
101525
100404
64182
58144
40834
57081
107165
113366
32059
35386
67894
106168
110222
26263
44020
60962
89319
77858
87727
88277
83673
71451
66654
28458
70225
52833
80992
77888
100127
99704
97435
77378
62146
47231
30182
88721
71439
77618
103483
70565
91669
45847
77808
79993
59324
49154
97772
61112
85459
105704
107497
96018
76004
36554
106405
33790
82728
75391
42551
108004
110253
34651
68091
94627
85209
105657
101203
106398
103374
77162
73412
96784
75825
110860
89363
99555
98356
70475
88440
101421
34026
97673
22874
86653
30632
75057
32718
90357
37859
54330
100192
59449
98001
70524
103693
76811
92544
108171
93652
73307
77978
107043
109102
107952
57349
92595
41047
30395
74050
71339
111438
31656
73657
82011
102917
80776
61558
99727
33288
36189
83253
77203
37467
53611
69127
109477
61867
87059
96360
50743
110367
44502
26920
103933
41064
89087
79075
109916
40571
31367
39739
85498
92487
89936
84428
84489
113796
68239
59418
103260
52932
53984
69841
33520
96401
30817
39697
112038
60100
78933
86995
87894
105926
104471
30815
108742
32405
111907
112544
60968
105742
28220
105233
63813
88125
87233
40544
106899
38723
84218
106664
78393
111031
30813
59709
56033
60224
78759
60674
81478
104866
58446
39408
52853
47233
73567
61355
57230
31832
54758
60834
87840
80201
59217
100128
112554
54797
69437
42760
101432
70362
60251
58216
62013
100675
107309
90401
37885
91478
48173
86024
46588
94159
98375
77689
50995
103137
75769
91117
109592
113403
83656
50825
53872
103055
99538
78285
99901
67706
33378
88925
98074
66152
93922
59666
71450
74231
90087
82901
67859
44973
72892
60830
83472
99731
87747
40724
45147
52594
51775
109641
39523
84444
104971
36304
47833
71108
32203
65624
111712
41670
97149
59448
41399
39853
66063
35921
94185
41282
83771
89196
86203
80765
65702
104496
82261
45534
97597
85373
64640
84051
49021
111381
82996
95892
97539
93706
35137
111197
56191
91515
101906
45993
30809
48628
65975
42089
83206
65840
85380
99545
79526
97286
93349
46203
53265
53849
