61719
136920
78074
113640
98584
81091
41118
113933
99964
50731
59319
71537
100032
104842
72069
65659
97349
77564
20626
82895
74884
93870
95459
63215
43706
93088
91532
78532
90934
66467
69410
73637
65086
54757
82005
46836
107649
114148
91177
67836
43078
92184
45536
67074
103625
109529
91171
29629
70919
41588
68337
44583
113654
59301
45156
57503
26570
54970
72841
56014
101079
98747
111968
79521
71344
45078
113845
108768
78487
97665
89870
69131
36876
92620
112627
37490
68714
73338
1831
6455
114482
93967
52913
95406
96223
29747
57516
100983
88388
49431
79054
56316
153248
53148
48718
111951
58386
111400
75403
59807
78182
110897
30275
93246
76901
97898
97429
74055
35389
86147
64534
111289
59450
26576
66306
84097
40234
63055
108008
69102
86619
102605
41321
77017
63619
85255
75766
71113
99275
41090
43298
80120
33660
29369
67441
108887
107583
106823
89299
33376
94715
101062
93859
78968
61881
89778
7054
42913
68855
109174
56596
32306
102955
64822
108315
42531
72861
35720
27217
114057
107131
71605
101080
84244
104395
43070
32938
33855
28780
61110
43076
73139
34910
61675
55781
32796
95637
61932
76623
112819
33178
29704
89328
38872
105269
32039
71403
58615
66341
36735
103491
59150
48477
79386
90008
57868
90189
103564
83422
46323
103133
107333
41339
45283
42199
74995
78117
41622
58004
1832
80105
77500
56503
61984
96055
41069
37217
