63514
93355
74653
108462
81795
33717
98900
67209
92551
99675
94844
62084
52584
83364
69617
46953
63511
41216
88711
81928
34194
43616
45785
65366
42037
76041
35316
55884
144325
81330
111960
123353
101771
23968
68095
136739
51314
64549
80273
68158
54384
31477
62864
111251
67406
30851
96547
80626
97303
110554
39356
89129
82663
48692
94112
82844
9993
104413
87132
97230
139465
56058
101435
36020
113207
72470
73962
108402
62627
85395
31809
108810
47066
113055
36349
101899
77608
49210
102013
58026
40886
83274
86012
34589
54040
65612
75319
85909
75355
95014
35721
34378
98762
111316
88585
100401
105474
32751
79078
83229
61442
98759
106281
110013
24160
30558
30477
105708
54871
94708
99477
79039
41490
47721
113999
113699
90687
105805
86911
43692
98805
41599
47089
105113
97442
111961
69591
76633
33365
109787
67311
97537
31293
83555
103572
72568
47683
62303
42709
70078
44292
72611
48546
57604
99185
113393
87137
92964
82690
90465
78967
39255
32560
29174
67503
58169
84204
58638
76419
96903
42215
60737
20224
89082
113172
55437
95494
95396
61985
69345
73614
80829
26549
83966
9022
90490
69546
96804
67375
68210
114126
106464
95534
81024
110489
154444
84310
48959
114477
85035
104043
61006
55721
93905
29427
54328
98620
40964
90220
69635
67404
64410
73652
89469
64621
48489
102363
50913
101654
70047
77914
31413
47605
61900
95952
86509
67960
28597
46266
32161
143973
99729
67305
66650
65472
39484
98681
35996
81679
62601
57790
106691
33793
98889
97929
104811
26094
88071
108134
97433
57577
45011
67634
54654
108130
85872
89532
44643
58366
41556
40728
38113
78789
106920
24503
56320
90463
68092
47597
56128
31650
139626
37935
91104
62190
87742
92797
113276
90720
76782
33181
81696
86085
57069
94900
51602
113667
87509
56147
112067
73589
82945
59183
112761
75457
110185
101161
33123
75206
74739
113969
77024
76429
38088
42537
56217
113394
83903
78709
61872
57473
99496
82381
57345
29210
51638
20746
27943
40754
52545
41998
31159
62052
63009
105737
29019
60812
109715
93908
129657
57815
43590
70828
111714
16405
73548
88134
49610
81874
41869
73090
78703
82396
48641
87196
52075
98904
54355
80578
101588
64129
37702
93485
102979
52741
22255
48564
84635
42984
83155
87058
102883
71919
39252
97157
99697
66847
78788
33120
67176
102305
55741
71128
58585
83873
88987
40832
37236
102809
106919
85548
31198
100158
109569
61130
92025
19688
96274
89888
113941
132310
85336
96354
39837
56672
78803
20409
78521
109087
45782
83069
104707
28769
33235
68859
99080
94111
89307
88940
99041
73840
47503
107042
106426
41601
78087
82014
46889
51637
80092
68630
72211
66089
78818
65787
63461
104612
106116
43674
106391
93701
95331
64558
105608
107016
33003
102365
42460
62545
78883
46722
69388
80564
38647
64233
80190
98425
42806
55409
84723
89537
88523
37030
73089
48486
90953
76504
87184
90745
78541
40447
69813
111332
63654
39852
60409
68848
70032
97454
52070
101840
81502
34720
96347
90025
50845
103031
94834
77253
64460
29499
54362
77734
100822
32165
97514
62572
48015
44044
29525
55633
66300
98147
95540
36155
81993
62991
99491
71922
51317
97398
40748
62327
65136
103018
109152
52536
38885
94151
107045
99270
30792
69321
71445
70091
44133
67804
110784
12942
85262
67443
60658
103296
