87188
55555
59810
49181
44427
77900
58547
107907
61699
103987
78610
90523
33532
108126
39546
39018
78813
54400
39390
92832
95298
32551
53603
77013
106997
30339
98694
94003
61816
38337
98769
65504
58827
104713
86938
79668
67837
102286
58185
84397
66833
105962
51561
82295
14344
76607
47343
76892
78880
51360
54096
70359
85045
86416
86778
52556
68371
43066
98143
91443
64383
53410
113712
67058
49444
74176
97550
96355
54760
112625
94006
79945
50071
106670
103073
28914
71498
48275
88931
109089
106874
84103
60099
56258
32627
74833
79042
75179
105990
82333
86610
44501
50746
70009
38862
99967
64369
87506
69636
60620
36980
61024
103114
58359
76213
85038
101938
91367
50724
61363
66212
90825
51608
84929
48125
48627
40890
96536
70170
79882
53594
105250
57347
26260
41795
50220
45598
60537
78917
61623
75757
58353
37209
39208
111273
65513
68781
83171
44590
71534
78632
100481
105026
95570
79310
50024
36366
61677
109084
80346
113991
80081
59451
89268
51435
64875
94538
70223
41395
113601
79086
96000
55873
77501
73922
105272
81641
47494
109459
86817
65072
49168
58315
38912
46945
88066
32033
113045
92145
79726
103481
58605
67958
29453
112678
60496
76688
98231
59775
45265
68883
111034
34873
76672
55026
33234
94726
110530
30599
40727
101960
76667
65421
62946
78717
91060
105291
108037
88493
34225
38605
28366
44312
95267
107018
77586
99918
102594
66959
51097
81723
78533
72685
84867
110956
60569
58639
78396
92296
71567
77277
26019
78831
56660
72947
47036
76624
59640
63539
90203
66504
97860
52591
104694
72324
102810
65681
63362
66160
85860
102587
33963
96811
55467
64162
46403
35075
74486
41322
91297
26113
75964
73894
76354
95343
71618
101413
66031
98752
55729
48007
43282
60754
105745
111404
97469
56873
88991
65611
113072
47892
93826
35984
49133
49108
84117
73760
76426
33442
61908
100660
64080
64190
43614
61600
47487
75841
103867
111952
111817
59323
85736
79188
90168
82955
79088
90423
34930
63632
56522
65631
77987
59965
108207
102207
103902
113951
88313
69359
64036
66335
109717
84210
35227
102386
71524
65327
97822
107371
73626
83476
81552
103080
94007
72301
67617
76003
105298
107304
111064
69640
47465
109821
50715
82948
62574
93380
60463
95926
86102
60494
29501
91208
28500
80025
36623
109046
81508
47488
97411
91053
50627
45710
50430
32193
48676
54500
100279
95032
47325
53610
66865
36670
77257
99042
104419
97053
10525
102628
104174
41873
86063
43072
60229
109501
53147
77414
106822
108739
79772
41494
107516
59330
62304
34121
44178
96058
77979
66686
43203
114114
43556
73623
58515
88615
77736
33512
52852
49067
79195
71452
64155
94711
46585
61023
111010
