113044
83283
102416
100042
94902
83345
96887
73596
19979
89493
99772
33323
32727
80797
98439
34896
108585
27382
106187
95794
113878
23820
100583
97250
73182
51767
81567
51849
111502
56098
44326
73988
67133
59918
74156
46600
43842
58009
54022
37374
105638
124419
104646
77865
30498
78661
110804
89257
54929
113136
109934
100521
64113
57919
157291
70202
69189
66227
86138
102916
101825
73177
36399
113123
34655
49593
63705
46038
108606
98040
109280
76247
67907
113006
35524
53501
108920
53290
87907
81786
13388
98513
49532
90781
85048
35807
88352
86166
64317
45142
51271
101127
105748
135951
80464
112280
65786
