93699
49135
94654
43226
34901
114064
71519
64258
74102
61000
30393
113679
100581
66473
45604
106210
68351
67479
88986
55302
109520
43323
63739
107530
24259
50720
84372
111181
97090
92302
45055
111166
56119
46388
58406
95124
73396
59612
94200
108640
82597
43925
88381
55099
57705
100000
100539
50113
80755
70859
87842
47609
36238
113282
62277
103346
29332
105789
45308
106477
32946
39932
109915
86825
55751
87669
79994
33236
28176
46673
51337
98820
94609
100045
83560
109417
52837
75711
55810
71626
102966
40795
107379
49509
43252
105833
41140
100039
84864
81517
109784
92912
42147
63876
86452
56421
112770
98459
42540
41933
78345
88383
99741
84819
95205
90349
114048
110031
80710
113863
47451
61700
27617
76125
76440
36116
35550
52609
105960
109502
84007
90555
70115
61067
108740
44466
47953
79848
26971
105809
53306
79922
89293
31717
105882
26424
44244
109516
93841
99749
61841
111918
109434
98009
98108
92466
94219
42338
32558
99588
68985
43794
58471
99944
67808
85406
97611
45225
61898
99782
113312
84949
108461
83358
40672
112962
82801
55574
44128
47966
59648
40357
112672
50091
112556
113864
79784
79345
60105
53692
30938
60307
85105
63998
88652
92835
73702
96384
29413
31342
105807
101755
45947
77020
63065
91582
49502
44910
94188
