6803
59314
92616
41918
41202
36624
56546
78108
97553
55010
57526
78198
107723
26507
83790
32557
33304
7311
35232
101492
46543
86083
78008
69418
75178
45686
37308
41049
108737
46063
112192
82414
75193
75854
18919
91361
52111
62365
36798
54750
85148
107790
14194
69835
32747
106492
84447
41730
110474
45152
42711
84107
50497
79454
112813
69457
30252
58994
37762
56544
26512
58538
44935
6796
97793
107946
39387
34050
5289
40355
106295
69006
100382
106032
55388
101490
62754
86307
52225
67245
83101
36170
45755
8856
79833
102939
77482
49618
37434
72306
91220
52276
50143
96622
82274
94580
52700
113637
75753
71831
72430
62801
44022
31740
33740
93639
57505
71466
46300
93370
75755
87681
78106
56314
72123
113639
33570
96227
69030
76558
83461
106903
28791
55626
32221
91065
51178
37941
75736
56234
54254
102034
39734
44394
61321
78109
89029
52475
95210
92376
78155
113955
24224
105035
96941
76975
78977
58171
34163
103115
62212
85228
58011
108391
25842
71429
78005
26594
46405
83699
28357
30149
81718
88825
46357
59584
67171
40945
98922
112250
93130
48761
5288
54488
111050
37769
89430
100939
19294
57959
98842
113068
113820
109909
13869
42502
12516
102851
15882
116691
55011
9568
73015
107424
52143
34044
92359
41792
106417
80704
19296
40429
39976
98914
80708
107916
39981
107355
2180
70782
43313
105623
98284
70692
99027
98479
23815
50111
36708
42180
93880
59714
107307
18423
62807
54253
19295
81030
49757
32235
44232
47204
57981
89475
79400
39978
36886
89019
