63514
93355
108462
67209
92551
52584
83364
46953
41216
88711
43616
45785
65366
55884
144325
111960
123353
101771
23968
68095
136739
64549
80273
54384
111251
30851
96547
80626
97303
110554
39356
89129
82663
48692
82844
9993
104413
56058
101435
36020
113207
72470
85395
108810
113055
36349
101899
49210
102013
83274
86012
34589
54040
65612
75355
95014
34378
98762
111316
88585
105474
32751
83229
61442
98759
24160
94708
99477
79039
41490
47721
90687
105805
86911
43692
98805
41599
47089
69591
33365
109787
67311
97537
103572
47683
62303
42709
44292
72611
48546
57604
99185
113393
87137
92964
39255
29174
67503
58169
84204
58638
76419
96903
42215
60737
89082
113172
55437
95396
61985
69345
26549
83966
9022
90490
96804
67375
68210
114126
154444
48959
114477
104043
61006
40964
90220
67404
64410
73652
64621
48489
102363
101654
77914
61900
95952
86509
67960
28597
46266
32161
143973
99729
67305
66650
39484
35996
62601
57790
106691
33793
98889
104811
26094
88071
97433
45011
54654
108130
85872
44643
58366
41556
24503
56320
68092
47597
31650
37935
91104
76782
33181
81696
86085
113667
87509
56147
112067
73589
82945
112761
75457
101161
33123
75206
77024
38088
42537
113394
83903
61872
99496
82381
29210
51638
20746
40754
31159
109715
93908
129657
43590
70828
16405
73548
81874
82396
52075
98904
54355
64129
37702
93485
102979
52741
22255
83155
87058
102883
39252
99697
66847
78788
67176
102305
71128
58585
88987
40832
37236
85548
100158
61130
92025
89888
113941
132310
96354
39837
78803
78521
83069
104707
68859
99080
88940
99041
73840
47503
41601
82014
80092
68630
72211
66089
65787
63461
106116
106391
93701
95331
64558
105608
42460
62545
78883
80190
84723
88523
48486
90953
76504
90745
78541
69813
70032
97454
52070
81502
34720
96347
90025
50845
77253
29499
54362
77734
100822
32165
62572
44044
29525
55633
66300
95540
62991
99491
97398
109152
38885
107045
99270
69321
71445
44133
67804
110784
12942
60658
103296
