79033
72456
104737
73656
59348
81436
113247
98372
51087
72381
107817
34966
79104
107219
60301
113839
96271
48790
105535
30650
136071
85124
44424
53977
34868
31456
58610
110506
41996
49511
33954
110334
95182
88118
67455
38889
62425
79890
110657
100717
77105
100752
56687
58611
75685
48019
36291
68217
32148
57718
108254
85859
101014
55804
102068
34925
85729
100340
68627
78455
90571
64416
94362
106945
92571
44216
110446
62892
102197
105501
40926
89523
72922
60043
110004
75902
55686
26574
68386
114069
76102
62743
78936
64910
80604
59849
105023
62789
75014
111796
93918
69539
82709
108471
111451
94123
77054
113245
97610
58705
43071
96545
98297
68399
85431
105937
52027
40906
90347
98161
102062
87767
100251
107593
96567
47847
53248
69136
92753
90086
35074
94376
71122
101298
96575
42367
53112
94837
38254
52538
74860
87925
111347
97399
69221
84000
50858
112723
112821
78611
81214
72394
90979
77187
98624
103495
52801
76644
107922
79258
108547
42971
72831
65637
50396
85151
100537
90259
93773
69472
95269
74907
52992
76537
77279
64321
94783
57656
45159
84201
35493
89708
36973
82814
62703
66486
113405
47590
42876
82747
111399
110095
96350
68784
61959
98757
107272
62333
75697
60796
76378
61798
67403
57636
113240
103119
57213
69326
60452
62008
65969
54914
59420
106038
113774
54557
113847
50398
83788
77650
88650
75667
82745
88219
28905
36289
80678
58803
104994
84026
83965
51040
111140
109291
97685
77536
99758
71604
46322
45711
27090
74914
71230
45842
90830
42824
63588
81624
51181
93086
45036
87126
95895
42840
108867
96358
77487
70992
90718
74800
87656
46713
66144
112052
83403
80026
72463
83003
82618
111040
87082
38022
70423
95142
66244
29355
80071
105301
76835
39572
92817
54788
42826
90231
97591
75954
79727
28115
51790
104861
32624
64802
43868
73674
88136
79874
60044
80623
96099
105443
60692
66976
83575
86123
66243
102894
114150
84649
76831
56572
59747
87270
99915
81222
102059
108542
104400
80609
108968
50239
34025
38899
64835
38892
111365
31524
94442
101970
72401
75569
33664
44331
77822
57361
70857
56473
66771
44074
67508
37319
104402
37004
86953
93860
87408
77676
90166
109286
61780
49738
70948
77843
58822
108386
79749
106986
79873
78937
103840
97823
41825
94952
93653
65831
72970
65508
63437
112321
41866
47376
28617
45473
110669
66753
53544
61078
96275
72391
97363
101901
27404
47255
94284
72576
33063
57356
97473
100914
94176
101689
33174
62392
65622
73428
67121
75423
41172
93343
56104
38331
63293
44596
75026
52643
64572
110962
102044
24131
78057
110337
64039
100314
101147
72916
69133
38727
111710
86985
61581
87572
111125
62428
107247
136314
34276
98144
34858
80187
61871
89793
89111
70737
60462
36070
51594
113237
54332
74376
83567
86236
40891
26114
63543
112054
113884
77441
97940
80309
71137
95294
114066
74900
51190
69118
53115
93994
46182
90581
100333
92728
65309
67055
99973
58637
81707
112482
40513
72005
65701
76443
66245
73915
98894
32494
87494
40638
90612
67335
84718
37609
71217
109155
84220
60222
53733
87079
51897
108092
84542
82953
113857
33998
90615
28618
83077
34309
109326
76941
94559
94530
111004
110333
69762
74029
56746
64405
58514
89124
110449
48837
72248
92068
101765
112071
51098
46570
67387
106713
38736
103045
90165
39620
95711
88766
32179
55473
113009
32555
48108
82097
95859
45846
86262
57566
53260
33249
51165
58843
96856
78056
110555
99012
70776
72581
92211
101258
106980
113041
43061
71796
70171
105492
83273
51170
64434
30782
73246
74544
96088
47937
71474
93451
78765
110050
74374
67605
107334
13891
103534
109176
88239
74991
47893
89127
42074
105103
81500
100268
103223
99853
113373
39953
47347
112151
85791
86015
84862
100034
82431
82046
53641
75691
62483
28859
83413
67673
53626
48451
72583
110381
62791
32093
57168
46917
81221
43738
62951
83864
72925
44599
101163
40749
77019
66012
109981
63541
58468
58631
41497
29820
65354
90396
91014
99515
70263
76948
31023
76081
102266
107927
53759
37137
104742
69479
68573
65628
91015
104962
73771
53607
66889
29626
110407
66083
104938
110048
99905
54751
41458
99202
53442
98685
89352
80130
90613
62208
87510
73550
69760
55324
34712
97206
108754
94925
37142
62454
106707
97068
107576
54518
76846
90933
86816
102993
102554
79349
59926
89851
78077
63492
46185
99392
111085
88231
106855
74484
90921
56440
62111
101228
56523
74663
28616
66238
52929
59732
30945
102306
67438
86982
55547
80084
104548
78114
92967
113669
95043
109270
36700
78873
113765
78710
59679
54787
110298
44433
92450
63280
46059
52754
98936
55550
111030
107015
75182
106211
38344
98495
98714
54435
92369
85886
80995
91001
30748
112950
70404
56023
94626
65264
41817
91550
37707
100565
71506
83408
46902
38774
32349
111378
102378
61968
60128
65661
40766
83865
65679
104047
35202
64539
61970
93305
81924
65326
87517
58146
32194
67409
31589
37375
104232
93059
30258
53741
100425
82584
39570
65073
44203
66148
64288
97417
69470
32318
79599
52590
61580
73536
76671
105031
45074
89816
65759
91038
31791
81920
66141
62352
86676
57760
29821
60297
38348
71766
70239
82939
63605
36114
42365
76657
55940
83355
38019
66098
60278
36111
73268
93557
113036
45400
65525
84517
40392
105480
82649
105232
