102919
113080
70849
46445
66980
82800
113283
52004
49826
61419
39334
84225
38117
72142
104654
54925
108559
95141
91649
100252
29241
103171
104695
98322
48647
66956
58599
100763
109760
105125
88525
77955
86901
98339
79511
94020
33248
67919
112130
82394
79783
75139
49765
49193
45289
60831
47442
42207
39936
50404
92834
112894
54672
73323
69328
53404
112988
101619
29312
95149
66930
101614
73743
84018
108385
73651
106336
44399
82007
105639
91374
40384
56741
41624
101625
33873
44444
113003
63897
59838
79360
94464
106560
100612
62108
50750
62284
30751
109095
55287
46476
62097
101366
67878
41042
40583
108688
98753
81213
67343
107651
56095
91544
25989
35788
107785
41342
46053
102215
109615
21525
74436
78346
70949
108665
104547
90521
88738
55630
44014
91554
71154
70101
107475
102799
53960
98961
66773
84053
74798
100242
74483
110450
46193
76860
93339
61602
110036
25293
107010
76881
94850
82834
65634
57005
76751
104271
41603
54049
106180
49167
29439
102064
65141
64523
91238
99987
100398
63330
53878
38013
104715
88830
85361
92709
110419
100429
102369
100205
109629
52232
44741
112194
93836
72025
101838
77127
75512
56050
99092
33210
67437
34708
88455
98050
62115
105128
107114
102890
96970
79189
55631
47445
70018
45138
69123
51032
28216
37883
32926
44368
113936
84122
93275
41309
82482
69542
94470
113592
65836
43326
40493
36035
56535
104679
110874
