87236
30649
50517
45535
85015
80093
94389
49653
90922
104723
104016
111880
91812
72233
51603
35985
44246
74130
85492
105361
83910
70162
41484
69775
80647
72344
35615
45286
40409
83647
105450
98826
107656
37213
79815
82165
84005
33369
45268
107482
86254
76611
107868
91190
45938
54032
98494
81419
68267
88370
78736
76900
71475
93171
33872
87004
70300
65466
109779
44754
91064
30254
71544
62793
76100
64324
109024
95393
83518
75174
41393
78523
42805
89722
47650
72365
85930
43498
78218
43819
55485
52925
105323
78400
47024
91396
39940
96361
33254
111231
102043
87746
32255
109126
69615
101125
79792
69616
43346
70476
98107
68182
113076
31182
103457
106708
94989
112661
83564
63858
32315
67620
99842
50930
100633
93376
45008
109737
45606
86711
88205
80580
88317
84222
38178
96686
32615
76776
111230
58330
84469
105151
92066
31574
104159
49334
72505
69752
74081
68575
95057
62297
113503
107249
99387
90083
101761
60458
58348
96388
96932
104420
87135
34706
92764
95473
34331
28497
94184
83941
32858
100955
31104
54812
112025
43060
104542
106442
53974
55068
93964
76320
46165
40518
51662
64411
39895
84523
56504
62450
45936
56078
63171
93320
89436
49588
112133
76967
54436
78816
87815
96389
54499
65369
96221
33787
110577
92496
36924
64199
98212
63152
63425
107981
73183
113658
81859
55007
77660
60810
72393
39518
111930
62000
106941
66894
31476
87787
31142
85778
65962
113932
40512
96530
75196
83562
49913
66630
32063
48226
96801
49171
44294
85121
49137
75469
49828
85457
67076
98265
108886
49166
108252
49678
94877
75527
55474
57436
82161
69587
67079
49558
112688
110852
80031
90686
64378
105032
56527
86890
81254
77213
69751
45197
34111
86095
41053
62302
110005
68014
42874
64449
102867
100046
37486
56952
85078
67619
86809
80503
48018
105548
109143
64969
84309
94113
101843
98486
69139
95348
75777
37655
96273
135463
70535
54605
50911
111041
106375
84502
44936
43683
58893
69145
95668
36702
103767
77715
38913
102942
86508
70741
113582
35819
59808
113987
99532
71111
54212
40365
107518
38078
70835
56343
114142
44539
94469
112616
42728
90689
45254
44964
86654
77622
102638
113970
98337
70758
112619
49535
60398
40222
85227
111758
74028
74909
57196
112370
80095
88938
110147
69010
26028
56996
29071
78471
99168
50176
88122
73224
63745
113883
64885
72662
84552
30137
82051
47580
38994
88741
104127
52552
68674
55867
57431
80271
50677
56909
32106
112050
59434
57659
30499
56518
105838
67024
31458
57972
57395
50262
101937
78539
91052
101289
53256
96331
112363
45932
60534
67362
100254
72548
37020
48026
59919
81914
99435
90141
49170
93993
