93501
61719
96862
136920
80988
78074
113640
98584
6803
59314
81091
92616
41118
113933
41918
99964
41202
50731
36624
59319
56546
30991
99146
30224
71537
64377
79217
78108
100032
94236
69895
104842
89535
97553
55010
38891
80191
95955
72069
57526
105247
78198
65659
97349
107723
97034
107049
38155
26507
83790
64431
32557
33304
77564
61873
58037
7311
35232
101492
112026
106761
20626
46543
86083
82895
78008
69418
75178
55513
112324
35912
74884
93870
82368
45686
62121
95459
37308
41049
49857
106559
63215
108737
43706
93088
83648
91532
33251
103727
46063
92096
112192
82414
75193
75854
18919
78532
90934
66467
69410
91361
77733
61322
73637
52111
65086
54757
82005
62365
83568
46836
107649
56719
66209
114148
55935
36798
80205
91177
54750
85148
107790
14194
67836
99571
69835
32747
106492
43078
79991
84447
41730
92184
94359
57249
111785
110474
45152
45536
42711
67074
103625
84107
109529
50497
79454
89375
46629
57437
56910
81582
112813
91171
63356
29629
95945
70919
69457
30252
62415
58994
41588
52328
92970
44376
68337
37762
56544
78054
49555
60346
44583
26512
113654
59301
58538
85612
44935
6796
97793
45156
57503
49341
26570
107946
39387
34050
94295
5289
50244
100295
70917
78677
16556
40355
54970
72841
106295
96952
75729
107358
69006
56014
49415
30797
101079
100382
106032
69365
47802
68379
55388
101490
98747
70727
100940
109443
53287
62754
86307
36221
113831
111968
79521
69891
32133
60837
71344
52225
45078
69892
113845
108768
67245
85184
101693
58628
83101
63677
36170
95151
45755
78487
97665
46111
80556
8856
89870
79833
51714
92022
69131
36876
92620
102939
77482
49618
45557
37434
94088
72306
112627
91220
37490
42988
52276
68714
50143
94466
99878
73338
1831
40918
6455
100339
112487
114482
96622
93967
87465
82274
94580
52913
110500
52700
94921
95264
48786
99266
95406
113637
96223
96537
29747
57516
97183
110689
75753
71831
72430
100983
76784
62801
36063
88388
44022
31740
82287
61428
64426
49431
59437
80570
33740
93639
104257
79054
57505
56316
92755
71466
46300
93370
153248
52739
62043
53148
48718
50831
94964
75755
111951
83584
33206
58386
87681
37385
111400
28567
78106
56314
71182
104031
72123
113639
75403
59807
45357
78182
33570
101678
76512
108795
112651
95293
110897
30275
41459
96227
93246
76901
97898
69030
97429
102420
74055
35389
76558
83461
86147
64534
53263
106903
28791
76005
111289
96802
55626
32744
40733
106630
59450
26576
32221
91065
66306
51178
84097
110943
40234
37941
77714
63055
106928
75736
108008
69102
56234
62931
86619
102605
41321
73537
54254
77017
63619
85255
93830
75766
71113
102034
80569
40411
99275
39734
41090
43298
44394
94776
61321
78109
89029
80120
95853
33660
29369
92799
50424
51682
67441
108887
107583
73910
54628
52475
64970
97151
106823
95210
77312
80714
83587
109924
70520
45136
92376
89299
85676
84108
107875
76425
52604
33376
94715
42992
109976
78155
101062
113955
24224
80851
74378
105035
93859
96941
89385
76975
78977
113392
100453
58171
109080
143865
42558
34163
78968
61881
103115
89778
37528
7054
138391
62212
58254
85228
42913
68855
58011
109174
81194
56596
87606
108391
32306
102955
53447
51650
64822
25842
71429
78005
108315
42531
26594
107350
93542
46405
38844
72861
112692
35720
27217
83699
28357
30149
114057
55369
81718
88825
34492
107131
46357
52485
93168
89685
71605
101080
109762
72838
70178
84244
104395
59584
67171
40945
98922
112250
94862
82973
102501
93130
40383
43070
79128
32938
48761
5288
111771
95346
33855
104726
94549
28780
31546
98580
54488
80573
111050
37769
89430
65241
77345
42688
64510
61110
43076
100939
19294
84157
57959
73139
81919
74370
34910
61675
43559
55781
32796
72842
85876
87761
95637
80712
94358
91444
60351
98842
48604
113266
61932
72504
113068
76623
112819
33178
77887
29704
52911
113820
109909
86550
89328
68225
13869
38872
97413
42502
12516
102851
105269
64899
15882
48760
116691
91299
32039
55011
32992
9568
73015
107424
52143
71403
34044
92359
41792
106417
98667
80704
58615
63294
19296
66341
40429
33359
109429
39976
97791
100088
55541
36735
55816
103491
59150
98914
80708
48477
107916
87466
73624
39981
107355
45360
45175
40183
79386
90008
57868
2180
90189
103564
96947
83422
46323
70782
103133
51836
43313
107333
41339
51285
104914
105623
45356
46453
56438
45283
32410
98284
32743
70692
104218
101049
87696
69059
102787
42199
99027
85756
98479
74995
23815
51642
75117
78117
109829
28455
113689
35830
50111
71768
41622
36708
58004
42180
1832
77895
86383
93880
59714
107307
18423
62807
100154
80105
88857
54253
19295
81030
77500
49757
32235
44232
47165
51876
47204
45621
57981
38789
64379
60271
89475
56503
79400
69894
51022
61984
96055
39978
41069
36886
89019
37217
41262
91594
17736
