74653
81795
33717
98900
99675
94844
62084
69617
63511
81928
34194
42037
76041
35316
81330
51314
68158
31477
62864
67406
94112
87132
97230
139465
73962
108402
62627
31809
47066
77608
58026
40886
75319
85909
35721
100401
79078
106281
110013
30558
30477
105708
54871
113999
113699
105113
97442
111961
76633
31293
83555
72568
70078
82690
90465
78967
32560
20224
95494
73614
80829
69546
106464
95534
81024
110489
84310
85035
55721
93905
29427
54328
98620
69635
89469
50913
70047
31413
47605
65472
98681
81679
97929
108134
57577
67634
89532
40728
38113
78789
106920
90463
56128
139626
62190
87742
92797
113276
90720
57069
94900
51602
59183
110185
74739
113969
76429
56217
78709
57473
57345
27943
52545
41998
62052
63009
105737
29019
60812
57815
111714
88134
49610
41869
73090
78703
48641
87196
80578
101588
48564
84635
42984
71919
97157
33120
55741
83873
102809
106919
31198
109569
19688
96274
85336
56672
20409
109087
45782
28769
33235
94111
89307
107042
106426
78087
46889
51637
78818
104612
43674
107016
33003
102365
46722
69388
80564
38647
64233
98425
42806
55409
89537
37030
73089
87184
40447
111332
63654
39852
60409
68848
101840
103031
94834
64460
97514
48015
98147
36155
81993
71922
51317
40748
62327
65136
103018
52536
94151
30792
70091
85262
67443
