87236
93699
74987
40077
49135
94654
30649
43226
50517
90779
105229
89937
45535
40747
34901
85015
114064
64632
71519
51035
80093
64258
39485
40220
90606
28318
94389
49653
74102
90922
32798
104723
88679
97471
104016
111880
93497
61000
91812
72233
51603
35985
37760
110359
87730
44246
29498
40148
74130
85492
105361
44581
30393
94967
83910
61565
75533
70162
113679
63275
110380
93892
62211
36163
100344
45520
87258
105587
51014
100581
54367
113812
107803
41484
56394
69775
80647
72344
105235
66473
45604
35615
58809
45286
106210
68351
27080
67479
88986
44547
40409
55302
109520
83647
43323
65808
63739
107530
79155
105450
24259
98826
107656
37213
50720
103227
79815
74387
99833
84372
101713
58167
82165
61030
84005
111181
33369
45268
81027
34304
107482
86254
54961
97090
76611
107868
97466
91190
113901
92302
67334
45938
57371
45055
63800
94825
78441
111166
54032
58584
98494
81419
68267
60102
88370
69220
75901
49956
39624
45077
78736
42179
56119
65613
109847
77154
76900
71475
93171
100609
37786
105581
33872
87004
112306
70300
76498
65466
92490
46388
56979
58214
58406
79119
57128
109779
107958
68289
104854
47303
44754
70836
24133
91064
30254
95124
54831
71544
62793
32922
76100
64324
73396
87846
59612
61009
102281
65748
109024
95393
87492
94200
83518
75174
41393
85210
78523
52924
42805
89722
98438
102039
47650
59035
48080
80263
96283
100790
72365
85930
86878
43498
78218
38166
43819
108640
67746
87931
55485
90095
52925
82597
55815
58007
105323
58300
43925
78400
88739
88381
47024
73916
34969
91396
77797
41173
39940
104678
41671
56594
96361
113746
33254
55099
111231
57705
57263
102043
84637
87746
39764
32255
109126
69615
45834
100000
101125
100539
79792
50113
69616
112700
68871
85408
43346
92715
52525
32790
80755
72860
70859
89190
62350
70476
98107
68182
109350
62429
32589
113076
82429
87842
94372
91186
31182
103457
106708
47609
64390
94989
112661
104657
83564
63858
81692
25017
32315
96539
67620
99842
66334
50930
61778
49557
100633
36238
93376
67891
58360
69395
30563
79387
103140
78299
45008
109737
51779
108790
45606
86711
85542
61463
113282
88205
94522
80580
113335
92958
88317
84222
111465
90054
38178
62277
96686
103289
103346
99030
29332
105789
32615
76776
111230
58330
84469
91566
105151
92066
31574
95084
45308
104159
106477
101682
34982
25343
61752
97154
70506
32946
39932
68850
33207
86379
109915
30400
86825
49334
113834
92408
72505
69752
109299
79479
74081
111193
103907
55751
68575
95057
62297
35528
103053
113503
107249
99387
108799
30561
90083
101761
60458
88847
49134
87669
60910
91036
94081
58348
111975
96388
106677
96932
113575
112852
100618
53396
79994
104420
33236
76654
87135
28176
34706
92764
95473
46673
51337
34331
28497
98820
94609
86736
100045
80607
68881
83560
92265
59778
109417
73745
109277
94184
83941
32858
100955
52837
75711
31104
95893
54812
36353
34927
94074
112025
43060
91301
104542
101126
106442
65857
53974
55068
64221
39031
105578
49227
59662
107095
55810
71626
93964
86637
96484
76320
102966
46165
26016
40518
105697
69301
69654
40795
74520
107379
51662
41483
60183
43652
64411
42466
37267
49509
54385
39895
84523
103780
57305
43252
56504
105833
62450
45936
41140
40753
56078
63171
68445
113402
94769
93320
36071
89436
93381
49588
100039
112133
76967
47949
54436
96328
84864
91777
75596
99313
68141
78816
109597
84954
87815
96389
81517
98132
38270
54499
37017
54232
62117
65369
83650
34019
73787
84219
96221
109509
38521
57931
109784
35588
92912
33662
81335
42147
63876
86452
56421
82225
33787
33556
110577
90518
40510
98223
83548
92496
36924
64199
98212
112770
63869
98459
98256
63728
77158
63152
63425
42540
107981
41933
67464
78345
102674
25951
35659
73183
113942
113658
81859
55007
92206
79645
72704
74135
77548
77660
28354
60810
72393
58750
39518
111930
62000
44499
106941
88383
99741
72431
70370
66894
31476
87787
68603
55160
62025
31142
89490
85778
65962
113932
40512
41171
84819
95205
111335
96530
86563
75196
31646
83562
49913
66630
32063
48226
60171
66034
35134
96801
105797
86235
49171
82964
44294
90349
85121
86616
49137
114048
75469
40159
49828
103072
93552
85457
33786
46294
46774
97410
67076
64837
99966
64280
98265
48914
66324
78314
108886
52103
110031
96822
80710
49166
40362
113863
108252
49678
47451
34206
61700
94877
81209
75527
48973
27617
55474
57436
103178
97241
82161
36836
29706
69587
67079
61750
76125
97229
49558
62440
36191
112688
43319
110852
80031
42864
90686
106411
47177
46561
40540
64378
69960
103130
76891
113399
76440
105032
56527
67636
99141
86890
59553
81254
77213
36116
69751
45197
35550
34111
52609
105960
56872
86095
41053
62302
83731
109502
84007
103983
110005
68014
78192
107337
76023
42874
64238
90555
83642
64449
102867
70115
63086
52482
100046
37486
56952
75603
61067
85078
67619
67675
108740
44526
112820
86809
56840
80503
103201
89737
48018
41223
53123
105548
72953
109143
64969
95065
95741
106248
84309
94113
101843
80785
44466
47953
79848
104015
26971
90726
44680
105306
75561
98486
69139
95348
107048
112195
75777
99045
78734
85879
37655
96273
105809
135463
53306
36264
78769
94968
97441
109733
39139
70535
94325
84476
79922
89293
71012
35997
54605
46029
71011
53406
31717
45654
50911
111041
105882
26424
106375
84502
95074
39372
44936
32861
63107
43683
58893
69145
95668
67855
107657
36702
91043
44244
57932
63679
84740
109516
93841
99749
61841
57614
103767
77715
19859
46438
38913
102942
76367
86508
109505
111918
70741
109434
45820
113582
61721
35819
80098
59808
98009
113987
102958
99532
71111
63290
93388
78469
54212
40365
107518
66248
38078
70835
99446
50393
98108
61571
58262
49383
33522
92466
94219
89077
42338
56343
36246
114142
64488
62141
100448
32558
81690
71082
29495
42796
99588
65714
44539
26109
91219
69478
94469
112616
42728
90689
54329
100637
68985
107463
60730
45254
44964
43794
86544
86654
58471
77622
102638
78107
99944
113970
94725
98337
70758
111295
67808
109738
112619
49535
68117
32040
85406
80292
60398
94994
40222
111754
97611
45225
61898
99782
113312
85227
111758
84949
108461
77009
83358
104158
96685
40672
112962
74028
74909
93925
64645
57196
112370
104576
80095
88938
110147
69010
38086
26028
55326
56996
29071
99154
88755
78471
99168
50176
88122
95788
73224
82801
63745
55574
44128
27127
113883
43546
64885
72662
84552
47966
59648
48126
30137
39013
40357
82051
47580
88223
104414
38994
88741
54103
89992
104127
52552
65884
112672
68674
55867
57431
50091
95209
112556
69604
80502
83569
88699
80271
95800
113864
80366
80784
39395
79784
50677
59966
35804
106946
68872
67881
99570
69344
79345
60105
56909
106188
32106
53692
32223
30938
112050
58220
108953
59434
91187
113343
59133
82372
57082
57659
42360
80538
108453
17671
30499
56518
60307
80555
60918
39163
105838
67024
85105
92727
31458
68880
57972
57395
93126
50262
101937
105190
78539
54624
91052
70842
36269
111269
101289
75517
81559
62799
53256
96331
112363
63998
88652
72348
92835
45932
60416
97275
102414
60534
76836
67362
34371
82707
100254
72548
37020
83311
73702
96384
29413
31342
48026
105807
59919
101755
77157
54936
92495
45947
77020
63065
107945
87524
81914
91582
91952
99435
46303
78976
31358
90141
30386
49502
49170
91032
93920
44910
94188
64136
93993
