108434
70659
29504
85823
93233
57229
112780
111151
81764
84276
112156
113173
45328
77849
97816
73778
97496
82467
92525
45943
27049
95289
83641
108163
105532
80260
39670
121135
97205
43930
39072
71001
82352
49837
84038
83399
75922
57894
53049
80255
32931
60325
63308
49023
47679
84027
69432
80807
73852
69984
71815
103551
91846
78211
92642
81302
59867
56156
82704
74281
39974
100437
68282
76066
21596
80259
69602
68620
70408
100056
69023
102862
100766
111891
56474
82130
68623
78310
84633
75573
70791
75700
113706
45102
61688
50217
72669
113493
66878
89707
85444
104895
46178
109514
96608
36630
111210
92465
92844
76584
32722
91148
137245
53308
86463
66214
93199
61304
67369
31654
58480
38915
45301
40984
71792
7380
94947
41540
50683
58407
104105
49606
111152
90113
40337
101803
53997
74704
96184
30088
97656
82860
38574
108712
78147
104152
39685
85278
53397
71802
54180
44952
91827
112113
37430
109984
83220
72420
94421
87036
93780
51213
70420
79910
99329
46606
43311
38234
40282
68441
86944
82798
79490
93433
45470
84477
30092
38863
66675
80828
104600
73046
69013
92985
65542
59372
88980
77574
90929
95245
40726
98537
34520
81393
106249
56889
46599
97124
70628
53812
66730
33674
43644
75408
97313
108866
46501
45151
110647
79068
57714
48751
93751
67380
55051
41336
98693
101305
57057
51125
90373
45316
29891
59269
76406
101017
7379
76408
80455
53254
70000
34391
57665
79416
84504
110358
77861
78919
41224
84507
46789
42684
53179
87218
61436
103173
53063
108448
37836
84289
56108
32842
110186
32539
87620
85896
77809
55149
101320
62616
84394
54555
71830
107638
89829
60770
61154
90831
91586
54479
92633
40803
97139
93662
41968
72514
71420
90928
40269
101338
83917
95104
85058
55269
107712
61332
52939
92837
40314
90320
96527
30221
81770
110521
48626
92552
78316
111766
79831
50928
99827
58821
37195
42192
70557
53019
90207
113502
73219
68361
46607
89547
22507
61298
78090
114127
50021
86082
66415
102213
98200
68738
88689
93214
92349
98427
68336
61327
66206
103172
68853
39831
106005
55115
103839
91093
105568
111196
76889
56290
40833
51697
14335
111900
105971
96766
89031
69581
83421
111389
78535
80822
59866
105656
99822
802
79442
81079
110057
59422
70880
112197
89471
104151
37741
110527
48669
67087
43046
112703
90434
28258
101274
108725
108579
54828
73066
64726
91568
97636
42157
78858
78138
28434
99058
111580
38664
72158
56629
66880
48707
86589
55881
104870
58191
90657
93715
99556
74129
113971
104896
105856
90206
35972
35736
36121
52823
112614
50876
58396
54543
61433
106673
