100411
33894
99050
100547
70954
104044
24226
87508
53163
70060
73041
52197
85335
42090
91479
73650
50670
67284
52502
113463
41608
28237
51727
62773
36871
84972
51729
75258
55656
98810
109675
41482
63021
119138
50330
50985
53973
56174
42990
98599
84811
24225
45242
108536
50994
107457
80266
42092
38961
105980
103328
71576
52508
13183
112826
32492
93626
101480
51736
65234
97264
34822
79146
119584
96964
95674
88020
52510
111935
121575
90549
103176
82610
32291
80278
91380
101030
85546
49909
103023
88544
52198
109660
90039
113294
77317
43404
22765
41821
85424
33374
63606
69531
65475
68849
43206
14908
96663
103035
44794
91607
50169
24413
75203
76778
51845
63934
47044
37596
97180
29929
41005
76252
52506
85547
51734
62099
22764
113824
52503
146799
109297
43452
52509
73166
108289
47075
54579
10305
46155
81952
82116
62940
61435
91156
90530
46991
50716
110034
90082
80386
105500
65789
74048
47815
72634
