89141
112210
75961
43369
99747
45205
92903
63735
100915
85054
105166
32626
23938
32737
73862
59798
45537
59815
108010
53500
87388
72135
79300
67610
100328
47853
100364
105010
39265
97992
94334
109413
105330
33354
71851
64535
99034
70409
75333
94807
102273
52230
79191
93759
84724
80246
57394
51568
47820
32172
60738
105973
100704
111129
86588
90855
24676
29017
36601
60616
62952
40056
43735
59894
54889
87304
99280
48138
40363
54313
50835
45925
80770
64806
54010
63462
104021
112366
107627
56616
91560
95784
97874
67229
35822
107837
68617
89609
99325
95844
92019
82009
27990
81333
83480
92125
101107
108416
37639
56429
90756
81811
67957
96404
72020
44130
50964
72511
112208
43077
98623
113359
102841
102052
60125
112478
90749
86991
102505
75350
103502
53155
54216
74047
86559
33810
41401
48974
93402
53420
62955
31979
55688
112258
34124
58357
36097
97998
64898
102045
90607
72366
52231
99513
44786
99587
100632
112563
98054
92437
65358
60752
97766
69809
84767
56441
65471
53985
16073
100981
99335
31992
103460
60637
111163
61973
107872
104724
64731
101824
45476
35965
73168
77638
72952
112504
104871
104135
101839
58174
92494
29001
76908
66126
97085
84365
35013
87677
64367
56718
87916
110411
98299
108460
52003
98838
112367
109871
56296
45859
62447
101922
112760
68898
71205
83204
72873
40058
28821
103545
43615
35559
96467
76103
107604
59649
88684
76423
90213
107228
56099
69778
105482
87534
102532
67809
55081
69585
70945
73832
79838
103856
32034
52234
56027
73270
94424
111467
111403
66867
70368
91483
36239
76693
99911
47638
97927
92627
71791
84211
100693
42712
72622
75274
86536
37022
100417
105290
61720
64446
111795
35986
55330
68204
53552
39003
83577
95765
86282
60673
93504
112209
97211
111319
64578
65099
86524
106676
41204
32347
40705
36944
63003
59940
95338
112702
46030
32704
83779
63087
77352
62175
102194
114372
78965
99595
85451
100745
48121
48826
69393
74859
55802
59400
80094
54761
46538
100683
16810
92950
53167
93592
66706
65505
65674
72725
67540
50425
41228
63526
106495
35234
61448
81572
111526
36635
105234
36303
40360
75247
92988
89055
34142
71081
111508
70760
43500
48109
97101
44085
98043
42514
113830
113725
49744
113998
92954
97242
53725
72341
98481
