107552
73421
76098
72710
68010
106296
97365
28340
113826
88654
85714
73348
78390
28806
65762
108587
55359
29293
105005
83726
94409
91878
32451
113552
77915
54998
72597
93206
80518
78234
66774
95636
42752
97704
92758
80192
33957
62238
113105
55322
48239
48726
89415
67078
54090
69811
65989
60280
77981
96370
80403
98210
44231
107326
96521
85446
78857
90450
37934
41032
62351
83174
111642
74830
91514
27921
109067
94527
97054
102887
67567
58464
39345
46020
59696
94816
78217
58039
107724
82854
110587
108617
105433
82427
35977
55372
71232
67454
108266
71002
43607
79819
91209
68865
138807
99328
102899
88767
99347
111276
31892
58307
61434
14707
68420
87790
101807
64909
62298
99114
19596
29326
56392
65176
34735
29429
90077
69173
39137
41793
90459
53633
33305
86477
79343
86526
87548
56427
89259
70693
81773
32168
71761
74847
93390
34703
75980
54214
60747
107955
79342
111568
100831
113793
66610
31020
108145
108695
111499
57353
105826
100578
46198
84836
39277
76364
77649
100527
31790
70882
70515
113325
33856
106665
90854
109388
83804
78385
48650
111790
62774
43959
76906
76985
37641
45531
111049
81807
55435
73376
47659
111681
42553
56419
36978
111627
89687
106712
36932
56533
112855
92099
101018
55280
64540
86377
91154
98658
102065
108693
97179
106659
66478
35989
96120
51733
71353
94192
35210
50022
77641
67202
53225
68491
63051
80487
89725
62944
45104
97100
28343
103129
96344
39894
99605
52993
73660
85430
38867
73686
102224
