59348
53977
31456
110506
79890
110657
58611
32148
34925
78455
90571
102197
40926
72922
55686
114069
105023
111796
69539
43071
94376
101298
52538
111347
97399
69221
84000
103495
52801
65637
50396
100537
90259
69472
84201
42876
62333
113240
69326
62008
59420
113774
58803
109291
97685
74914
45842
90830
42824
81624
108867
87656
80026
83003
82618
29355
80071
90231
28115
60044
104400
75569
33664
90166
97823
65508
47376
53544
96275
101901
57356
62392
65622
102044
110337
100314
80187
89793
51594
86236
40891
71137
69118
46182
58637
40513
65701
98894
109155
51897
76941
74029
64405
48837
92068
112071
95859
70776
92211
113041
71796
83273
51170
64434
93451
110050
103534
109176
42074
82431
62791
43738
62951
44599
77019
66012
70263
102266
104742
73771
98685
108754
97068
107576
54518
74484
56440
74663
66238
52929
86982
80084
78114
92967
98936
75182
85886
30748
38774
111378
102378
104047
35202
64539
81924
67409
37375
104232
100425
39570
65073
64288
52590
91038
31791
71766
55940
83355
38019
36111
105480
