102350
59797
51648
58293
50174
97784
58814
110399
73294
83583
72966
106649
61319
37317
84302
82675
88234
81129
49256
108132
69973
74027
71617
82742
90142
116214
59487
99887
86165
76366
77255
114067
111122
72520
31839
69969
25679
37595
40962
104609
20703
96195
66649
73619
41250
111718
70077
32736
79079
36265
52765
94806
30384
107394
102858
36531
14790
27397
62604
74711
67184
86538
50613
111981
58510
72891
92101
95964
88655
93853
31435
47454
81532
113978
82693
93583
106551
66014
35428
102360
31433
27826
111823
23740
85240
74059
110557
103063
58537
88526
88411
55621
69396
54334
71755
112062
30076
111719
52131
110645
83022
63587
52540
93341
62236
65850
112757
34166
93625
58069
39400
33208
56795
78178
107147
106818
109163
112493
101483
30078
62213
49568
91959
42368
95155
81429
94582
45976
82536
30483
108852
113400
107028
32164
69953
84317
34680
41189
42914
