58162
93501
61719
113044
96862
136920
83283
86281
24234
29787
80988
78074
80703
58176
113640
98584
6803
59314
81091
102416
103905
92616
40584
41118
113933
100042
41918
99964
41202
50731
77956
36624
33122
94902
60019
83345
59319
56546
30991
90676
87216
99146
80706
28590
30224
71537
64377
75986
79217
78108
112282
100032
37654
94236
81133
109197
69895
101081
96887
39866
96002
104842
73596
33590
89535
97553
55010
38891
55412
80191
109619
95955
50329
53171
72069
57526
105247
89204
19979
78198
42078
65659
108392
97349
107723
67476
52126
97034
107049
101385
64884
38155
27906
26507
83790
64431
32557
33304
92905
77564
80901
100203
80773
61873
51686
58037
7311
35232
60481
101492
60970
112026
46706
91963
89493
38995
83195
95012
106761
20626
46543
69386
86083
58707
51646
82895
78008
31103
77606
62053
38229
69418
75178
26693
55513
111821
46621
112324
104610
99772
52803
35912
74884
93870
83189
82368
36946
45686
62121
105267
95459
37308
41049
33323
49857
106559
63215
51665
108737
43706
93088
83648
32727
43712
98184
92878
91532
80797
33251
103727
46063
92096
98439
112192
82414
75193
34896
75854
18919
70413
78532
90934
66467
69410
91361
77733
61322
110886
73637
108585
36090
27382
52144
52111
65086
73124
100647
107215
113815
70834
54757
82005
95810
68098
62365
83568
46836
94899
107649
56719
66209
114148
50759
44470
55935
36798
89321
36479
80205
91177
86919
84205
29367
54750
85148
66471
112695
107790
14194
67836
99571
69835
32747
81394
106492
43078
95437
79991
84447
58763
41730
92184
106187
94359
107575
57249
111785
95308
110474
45152
45536
103672
42711
67074
103625
84107
109529
50497
79454
69834
95794
44329
89375
46629
108519
57437
113878
56910
40535
81582
112813
91171
23820
100583
63356
29629
95945
34804
70919
69457
30252
62415
58994
69377
41588
52328
92970
44376
97250
68337
73182
37762
56544
78054
49555
60346
44583
26512
113654
110723
87749
59301
58538
85612
44935
112657
6796
97793
45156
57503
49341
26570
110442
107946
39387
34050
94295
5289
88478
50244
88649
100295
70917
78677
16556
44091
60991
40355
54970
72841
106295
81410
96952
51767
75729
107358
71708
103669
69006
56014
49415
30797
101079
100382
106032
103849
42094
69365
47802
68379
100712
55388
81567
51849
101490
98747
73957
70727
100940
109443
53287
62754
111502
86307
36221
113831
111968
59396
79521
69891
32133
60837
71344
52225
34918
45078
69892
113845
108768
56098
67245
111459
85184
101693
58628
65336
83101
44326
63677
36170
73988
95151
45755
73843
78487
55727
97665
46111
80556
55885
8856
89870
79833
51714
97380
92022
69131
50076
107528
27753
36876
72319
92620
102939
77482
49618
45557
67133
71606
37434
94088
72306
112627
76501
91220
37490
110274
42988
70985
52276
68714
66507
36897
50143
94466
99878
59918
73338
1831
112309
87536
40918
6455
100339
74156
60309
112487
114482
46600
96622
53723
78881
93967
87465
82274
94580
52913
43842
110500
52700
86764
94921
95264
48786
58009
44317
61038
47091
99266
95406
113637
62210
78656
96223
96537
29747
57516
97183
110689
75753
71831
72430
100983
105890
76784
112388
62801
36063
88388
44022
54022
31740
37374
98220
38251
82287
61428
78655
113581
64426
49431
59437
80570
33740
93639
104257
51217
105638
79054
57505
56316
92755
47408
33339
124419
71466
46300
86557
104646
93370
88935
102232
104258
75641
69387
108179
153248
52739
77865
62043
53148
89289
81344
48718
33611
33688
30498
50831
94964
75755
113728
70516
111951
83584
33206
58386
88921
78661
87681
37385
111400
79841
83850
28567
78106
56314
71456
71182
104031
98103
72123
113639
75403
59807
109346
100387
45357
78182
33570
101678
71980
76512
89689
108795
112651
110804
95293
110897
30275
41459
96227
93246
89091
76901
97898
46668
69030
97429
61574
102420
74055
71589
35389
72345
89257
54929
76558
113136
83461
86147
64534
53263
110044
57535
106903
28791
41791
112076
62872
76005
90329
109934
111289
96802
55626
59834
32744
40733
106630
100521
59450
26576
32221
91065
64113
66306
103005
79982
51178
70219
84097
110943
40234
57919
54387
37941
41898
77714
63055
107869
106928
75736
108008
103077
69102
56234
62931
67356
86619
102605
41321
73537
54254
77017
63619
157291
96196
85370
85255
70202
93830
75766
71113
69189
99389
102034
80569
40411
99275
39734
41090
43298
44394
72241
94776
61321
78109
49831
73092
53030
89029
62704
80120
95853
33660
105671
29369
92799
50424
61998
51682
67441
69970
108887
111985
65914
107583
35052
59299
99183
73910
54628
52475
112937
64970
97151
106823
95210
66227
61010
77312
63871
80714
83587
86138
42120
109924
70520
45136
92376
89299
85676
87726
102916
84108
107875
76425
52604
33376
94715
42992
101825
109976
52123
78155
32768
101062
44591
73177
61825
55438
113955
36399
80941
50241
24224
23226
80851
113123
74378
105035
89802
93859
96941
89385
39173
76975
78977
113392
48222
100453
58171
109080
143865
39632
42558
34655
71571
34163
78968
61881
103115
89778
50564
37528
7054
138391
62212
58254
85228
72003
93758
31050
49593
81640
42913
68855
58011
109174
88592
81194
56596
63705
87606
108391
32306
65143
102955
53447
69589
106054
84318
60036
51650
64822
25842
46038
71429
78005
108315
42531
26594
108606
98040
107350
61960
46582
93542
110691
46405
38844
72861
109280
112692
35720
69842
27217
83699
56013
28357
76247
30149
67907
114057
55369
81718
32437
43453
88825
113006
96884
35524
34492
56853
107131
86656
46357
52485
84505
93168
48784
89685
71605
101080
77688
107420
53501
109762
72838
70178
84244
104395
61838
77917
103401
59584
67171
40945
46965
110918
98922
112250
94862
82973
102501
93130
40383
45262
43070
44234
107344
79128
32938
52028
48761
80698
55046
108920
5288
111771
53290
95346
33855
104726
94549
28780
103280
31546
75646
98580
54488
80573
59524
111050
37769
81303
60574
89430
44703
65241
77345
60903
42688
64510
105192
61110
43076
100939
19294
84157
43116
57959
73139
63874
94542
81919
87907
81786
74370
34910
61675
82191
98703
43559
55781
72299
57730
32796
72842
85876
87761
45687
86020
95637
13388
105979
80712
30268
94358
91444
60351
98842
48604
81637
56618
113266
61932
72504
68400
98513
105943
113068
76623
96477
112819
33178
77887
45241
29704
31346
52911
113820
109909
66021
86550
89328
68225
13869
38872
98678
97413
111605
42502
12516
31823
49532
102851
105269
87212
64899
92953
15882
77092
92966
48760
116691
91299
55156
32039
55011
32992
9568
73015
107424
76844
52143
71403
63706
34044
90781
64732
78287
92359
41792
106417
97478
98667
94824
74652
85048
55635
98316
80704
58615
63294
19296
66341
40429
33359
109429
39976
98076
97791
100088
55541
80592
32625
36735
55816
86090
103491
59150
98914
80708
48477
107916
87466
73624
39981
107355
29366
45360
45175
55290
40183
79386
30133
90008
57868
2180
82290
90189
47834
103564
96947
83422
35807
73178
88137
46323
88352
96105
70782
103133
88318
51836
43313
107333
41339
51285
104914
105623
45356
46453
63523
86166
56438
13156
45283
64317
32410
98284
32743
70692
104218
101049
45142
51271
80398
87696
69059
102787
42199
58958
99027
111111
85756
98479
28941
74995
100502
101127
105748
23815
51642
75117
78117
109829
135951
28455
113689
35830
80509
50111
37475
71768
41622
36708
52461
74309
58004
42180
1832
77895
86383
93880
59714
85231
107307
44543
94462
18423
62807
100154
80105
59414
62448
80464
88857
54253
19295
81030
77500
49757
32235
44232
47165
85115
51876
47204
45621
57981
38789
64379
60271
59650
92100
89475
56503
79400
69894
51022
61984
96055
40736
39978
94288
41069
112280
36886
89019
37217
41262
91594
111026
17736
66957
81045
65786
88326
80603
34359
