103110
89474
111366
74020
65990
51157
52008
97626
81878
92456
57559
113840
92261
99975
52603
60835
105355
98665
92269
32016
101164
78978
98264
101150
55846
109964
46251
107289
84209
90671
76640
51750
81899
61631
69532
56862
94119
108521
91535
106951
88127
105288
83067
35301
44931
109251
68421
84788
44302
46252
67372
44493
77224
49624
83652
56261
46534
57467
55465
63050
84638
68269
60121
81784
32925
55329
98993
86426
104718
58532
81032
76141
108659
87220
84650
74973
71014
38158
88750
75456
102835
72863
76670
107689
93111
47724
72507
49451
28391
53613
66020
37321
65182
88229
56468
75532
49521
92574
112914
92897
107190
111117
98773
55746
59288
111789
29500
32030
63680
38089
113832
109465
104495
95970
57510
108724
77876
107113
71570
79192
38796
50432
113401
67873
90579
105972
74488
63184
102069
78884
113768
105469
69560
76099
54861
32734
79519
72483
54512
49136
31651
99596
62046
30273
89169
84933
53604
105781
63542
105493
90283
76840
84004
88268
82001
37194
76368
42773
91662
15342
75982
83376
26357
81507
43367
105472
113520
93969
80450
87802
88759
40069
31292
73175
98901
32196
73540
81609
52099
74148
66193
113950
73601
59086
89839
110976
68864
109825
73747
108423
62875
77749
29350
91191
89805
62971
58365
57809
89818
69279
81252
29318
50423
82175
65356
108294
45986
62815
56031
66546
107308
80772
106346
103458
73938
93382
102882
55185
73383
89726
63758
101504
32436
24817
83834
38177
106322
74852
85371
40041
74628
44413
83427
89795
80676
70349
35988
45709
87443
92424
51995
91868
111079
78879
39626
92725
40997
80996
67608
98664
53430
24587
45988
93484
63196
86646
64306
63359
36194
88756
61269
94535
88282
54442
93754
107860
106095
40645
111773
44698
96529
105343
66445
38894
58806
82775
45180
103347
70205
74235
76074
101333
43617
104624
72661
112004
39315
40961
93128
32308
77436
111725
44752
85978
44933
60999
111429
29347
78819
25153
85785
78595
30631
45602
78887
35953
54260
67036
35320
72820
47864
65778
92004
84446
69182
52881
77800
68779
63072
14930
97716
37371
93301
99437
110461
105989
55469
93379
55266
81607
96812
101633
92300
89611
104441
59505
45987
98349
68364
31350
41589
63459
106099
49611
90381
105575
86652
72549
112295
61272
51684
53089
37037
97691
99572
85409
60144
65948
45392
46411
41502
74906
86277
87512
53211
56739
49209
106936
77036
69932
26296
79523
96658
48163
71320
104231
60225
86940
105137
102529
61190
57294
64902
60322
78088
32864
68745
91215
26038
107851
77889
99638
107222
93282
112744
60252
65085
67405
53888
112675
44249
85717
56015
76543
108573
45995
59802
33969
45630
93784
26458
27180
75600
75422
63836
46265
70984
48510
88747
86957
109920
94140
50916
76284
37007
84283
103497
86562
108662
45992
79082
73368
61111
87190
81895
86309
77546
85317
51283
93054
64440
100572
102623
48606
74476
91774
93641
65439
97637
77502
41804
107140
95097
109873
97694
73146
58517
33221
89064
105056
83655
44785
35618
84281
60775
94506
128833
62893
69945
58882
93365
98679
41950
40896
38847
69840
105092
99196
50749
38998
26230
112453
26314
61008
78055
82228
112597
93395
58545
101621
107388
111247
95438
84345
53341
72146
53218
43497
57178
66982
96218
73803
50857
60802
82598
87252
87150
86649
91807
94965
70264
77129
86244
63283
100685
30541
66373
79595
72364
61622
95704
89258
80396
86883
51607
86813
110486
82024
45390
74650
32936
45994
72701
109023
82197
91543
74975
30630
47641
89780
39554
78272
42024
68443
48368
60486
73088
103022
98224
85284
76375
88403
79431
45383
55135
36877
101084
97867
78834
33071
31558
30306
47274
33370
94290
73078
66835
32346
81808
106379
94904
98549
104621
109204
36299
102170
66443
38791
47185
65636
47482
76681
65915
83838
44212
69873
90867
