63514
47434
102350
93355
82186
89088
86775
49423
74653
57401
56842
108462
59797
51648
81795
33717
56782
98900
100907
44263
61695
51759
23976
43524
67209
44451
89596
109113
112090
60270
79630
35348
72570
92551
90824
60006
99675
100131
51161
106832
53431
79401
58293
41084
65539
107963
79629
58723
75666
111160
49245
43711
94844
62084
52584
83364
28862
93516
33897
47884
69617
46953
91425
63511
41590
41216
88711
81928
95737
41044
34194
43616
44342
48867
71338
49778
79150
80701
45785
65366
98325
106944
42037
88521
11730
64222
64591
76041
50174
35316
55884
144325
81330
30992
111960
123353
112042
112730
101771
23968
88200
85927
97784
92493
58814
68095
136739
51314
58507
81860
90235
101367
64549
93548
80273
68158
41862
41387
38267
50829
54384
97307
64149
31477
107873
54901
110399
62864
111251
67406
30851
50216
101844
73294
96547
83583
80626
97303
110554
94926
31800
39356
62188
107705
30944
58824
81720
72966
89129
82663
48692
29984
86380
94112
49386
64571
51639
57363
95852
106649
93624
67647
65984
82844
9993
104413
100815
87132
61319
107601
93403
99312
89172
97230
139465
56058
33623
37317
101482
101435
36020
90871
68026
113207
109600
72470
109332
73962
58550
108402
77199
68410
29702
62627
63001
85395
31809
108810
47066
73221
113055
42665
83586
31789
36349
92657
49452
84302
101899
73020
27483
113648
77608
49210
75808
102013
88347
58026
27085
40886
20012
96234
107498
82675
86471
83274
101101
50686
86012
34589
96235
56794
34400
54040
65612
104849
75319
85909
75355
106397
95903
95014
35721
100201
34378
98762
18530
79237
46711
88234
81129
72760
111316
88585
25917
70913
100401
87221
105474
106181
84470
104281
58613
32751
79078
67099
83229
49256
47480
64550
93158
61442
108132
54606
98759
77973
106281
37580
77121
104285
110013
30941
82382
65868
69973
50703
62727
61977
101046
96132
24160
30558
30477
105708
98490
65517
103515
54871
71632
74027
94708
38841
42862
99477
47379
79039
41490
109096
96399
71617
47721
82742
59624
95060
102376
87272
34125
97353
67888
64164
92375
113999
90142
62731
108598
82540
102445
88754
116214
113699
59487
106238
99887
90687
105805
54431
86911
43692
98805
86165
41599
48645
30600
31568
47089
105113
67169
79235
80121
93999
82903
97442
42666
100245
111961
54877
69591
76633
33365
109787
76366
90792
51033
132680
77255
114067
46335
109195
67311
84813
97537
77686
52129
31293
61988
100542
111122
102374
107999
45270
83555
104719
40054
90393
82551
122761
45856
105428
98217
103572
101317
58993
72568
47683
84282
51542
26391
46866
62303
72520
101281
60040
84445
42709
56617
70078
76422
31839
81198
105186
66528
59800
67108
82900
74866
61933
17877
44292
41872
30947
72611
48546
101162
86311
57604
50957
99134
69777
99185
103396
113393
93678
87137
92964
45083
68522
82690
70867
90465
78967
39255
57762
32560
46049
108635
80780
29174
60493
67503
70419
94429
22272
113787
90363
58169
87113
75495
90356
86429
117378
84204
85593
58638
76419
96903
49009
81713
69969
25679
41865
42215
94736
90468
60737
100130
70883
113856
20224
89082
94511
103543
37595
57966
98044
40962
113172
32731
55437
95494
58955
95396
34038
104609
61985
69345
20703
62770
70868
71893
71446
83580
86070
73614
62719
35673
96195
66649
80829
26549
55249
111497
83246
49260
78369
73619
95000
111705
89850
107595
41250
83966
9022
53989
86555
80114
90490
100428
69546
111268
84278
50751
66194
84856
73815
96804
113137
67375
95058
81717
23338
111718
74583
68210
114126
106464
107033
70077
110560
95534
81024
32736
89020
54809
84123
53525
110489
61501
34152
97775
79079
154444
33956
61326
45148
36265
84310
65779
50614
48959
114477
62722
74019
104748
95801
54097
85035
104043
105909
31457
61006
97418
52765
55721
93905
27353
29427
82795
54328
98620
40964
80844
61782
33446
90220
69635
104136
94379
67404
64410
60842
67875
74152
81426
64729
73652
94806
30384
78598
109100
89469
107394
64621
48489
95870
102363
50913
69162
101654
52999
70047
77914
56065
31413
47605
93307
102858
69306
61900
95952
84200
86509
67960
28597
42878
46266
96226
100813
32161
64232
51990
143973
66631
99729
27182
67305
98830
92829
88788
61815
93839
45171
95056
66650
65472
79091
39484
89675
105121
98681
66085
89083
36531
35952
112215
87604
59403
66888
61741
35996
81679
42753
88167
68112
62601
57790
88683
106691
112433
120814
33793
87906
56624
14790
98889
27397
46084
57911
97929
77353
62604
84280
104811
104452
26094
78692
99873
85256
91362
74711
67184
88071
108134
56698
97433
50003
113133
106666
57577
45011
111089
92857
67634
105184
70869
75513
89194
90995
54654
37300
108130
92295
83336
86538
95647
47299
46958
36021
52526
85872
108399
113534
89532
44643
21527
38506
86036
58366
50613
111981
91640
57426
41556
86609
40728
38113
78789
106920
55028
42063
24503
46981
65821
56320
109283
90463
68092
16677
58510
47597
113852
56128
89230
67896
87547
31650
95335
39289
139626
35051
37935
72891
91104
28997
85918
106556
78524
92101
62190
76297
95964
80374
141697
109637
87742
39738
88655
92797
113276
37214
78257
61527
47876
53537
90720
76782
37362
66236
74832
90577
93853
33181
81696
86085
31435
47454
75400
45288
64292
71992
57069
81532
74333
113978
94900
51602
42567
41688
37830
113667
50966
87509
70267
96670
55514
82693
56147
112067
89940
93583
73589
106551
82945
27086
66014
68548
67393
35428
27664
62185
59183
41404
112761
77921
75457
110185
30859
101161
80397
33123
75206
100887
81309
102360
31433
74739
27826
111823
108084
113969
73546
44264
84854
83033
77024
76429
102731
65191
68910
38088
49984
50444
23740
42537
80786
72080
77014
86228
85240
56217
87463
49068
82627
74059
110557
92693
113394
103063
58537
109669
83903
63357
26466
78709
61872
90360
88526
36423
36321
57473
99496
82381
27774
58393
94573
57345
33909
88774
63826
56901
75440
86549
75118
97592
86916
29210
79793
88411
22958
96136
111520
51638
20746
28708
113158
99308
27943
55621
40754
37706
34422
52545
41998
85853
88410
62992
69396
54334
71755
78298
50488
50112
79958
51960
31159
62052
63009
75728
58530
81023
76327
55418
105737
36164
112062
24786
29019
66105
76781
33121
60812
45787
114147
109715
31769
64147
50895
93908
105102
97629
129657
48602
32160
71042
59428
60381
109782
76336
57815
109568
30076
81960
93412
43590
70828
111714
16405
73548
88134
95008
101957
49610
60913
88639
30943
99906
111719
81874
104991
41869
52131
90828
73090
93703
35702
78703
55442
52930
82396
48641
112420
110645
71660
87196
39361
65082
55777
52075
98904
39651
54355
84215
102375
83022
108909
40850
80578
69124
35449
63587
71278
101588
56846
64129
52540
76428
87830
37702
48747
46646
93485
102979
72322
52741
108088
93341
62236
22255
48564
79632
33702
77886
84635
59106
74951
42984
83155
43838
87058
65850
102883
71919
25404
72258
112368
50522
48947
39252
97157
99697
78708
66847
78788
112757
59038
33120
98395
106759
67176
57729
102305
55741
71128
58585
105278
70015
109060
83873
105369
100337
90826
99601
88987
40832
34166
101700
77266
6670
93625
37236
111698
56525
57397
65146
137743
36395
49607
102809
86458
73817
83484
32862
56094
98987
80519
73249
31033
89614
93404
24644
106919
89830
58069
85548
39400
31198
104917
100158
79516
109569
81176
54196
112895
61130
84202
92025
77712
75518
60558
113797
91739
39236
44078
100793
33208
79755
29171
56999
19688
96274
68860
59215
29294
102191
89888
113941
82275
27282
132310
34305
30948
35602
43639
85336
96354
76753
15339
56795
39837
87503
56672
78803
38871
20409
101653
78521
109087
59212
45782
75515
58258
94760
83069
90629
46989
104707
78178
88155
28769
33235
68859
99080
74904
71008
28457
94111
73684
28849
89307
88940
82578
107147
23367
99041
73840
38500
47503
107042
37649
106818
68625
58612
45757
94889
45269
106426
109163
35452
50485
38179
66323
62721
41601
79789
36786
98310
45278
60414
56206
78087
80060
112493
40652
58351
113508
82014
46889
51637
80092
49609
68630
72211
52486
103864
101483
30078
29992
66089
78818
65787
80771
63461
51205
91668
73563
76254
64894
79628
104612
57487
65706
88804
83377
107448
84039
62213
79220
29729
80311
106116
43674
96020
50077
106391
59494
49568
93701
112106
95331
20010
64558
91959
62311
42368
66482
34480
105608
81186
94907
105344
44792
109213
107016
33003
63817
102365
65707
42460
78718
32939
62545
78883
105683
46722
69388
87452
80564
84284
66086
38647
94570
64233
42354
80190
98425
60679
57823
53892
32792
42806
58937
56636
55409
101103
84723
89537
88523
85248
96525
72630
37030
42787
73089
109840
112434
48486
90953
100806
95155
66079
76380
76504
87184
109343
61781
42934
90745
142535
35462
43068
57642
49071
53197
78541
47124
40447
44559
89621
69813
99778
111332
81429
94582
60447
60460
76710
63654
39852
108680
60409
58008
112360
117893
68848
45976
70032
88491
85957
97454
82536
52070
86932
101840
52412
81502
104013
50967
97340
105254
32162
30483
34720
96347
90025
50845
61113
38519
108852
60735
108748
79551
40177
36900
79396
89534
103031
64641
69405
95821
45256
94834
30274
77253
64460
29499
54362
77734
58487
100822
88266
33861
70553
86914
39034
81522
34372
52415
75823
32165
66019
97514
60804
62572
83553
91296
48015
35558
54071
93788
113400
90531
107028
97341
8207
44044
29525
76009
55633
34420
66300
38194
98147
101512
95540
36155
31356
79985
82535
78476
92698
71665
32164
81993
81698
62991
54076
55670
108129
99491
45978
71116
71922
51317
87156
69953
97398
48051
40748
90690
48447
62327
65136
106555
64901
87507
103018
91399
22597
84317
73606
47289
110269
86255
34680
109152
36478
52536
79149
103068
38885
41780
94151
107045
76962
41529
39081
99270
30792
41388
69321
71445
37324
41189
77816
107524
70091
36911
42914
47060
44133
54439
67804
110784
107097
12942
71462
85262
96541
64380
76433
67443
41917
61392
47766
60658
55025
113284
103296
83612
