40153
69343
16237
87236
33439
53623
106813
93699
110414
74987
100305
40077
49135
39870
113938
87188
25775
94654
30649
80668
55555
59810
49181
44427
43226
50517
90779
108516
105229
89937
45535
107552
40747
73421
34901
43049
77900
63358
85015
114064
64632
76098
71519
51035
72710
80093
64258
58547
39485
107907
40220
89683
90606
28318
61699
103987
94389
78610
90523
49653
68010
74102
33532
106296
98441
97365
90922
32798
108126
104451
28340
113826
104723
39546
88679
97471
104016
88654
111880
93497
61000
82638
91812
72233
51603
35985
37760
110359
113975
87730
50078
39018
44246
29498
40148
74130
78813
54400
85492
85714
105361
44581
30393
102720
40230
73348
39390
92832
94967
95298
32551
65814
72964
83910
61565
99573
45164
53603
75533
70162
77248
77013
113679
60902
106997
70840
63221
63275
106976
110380
30339
98694
76963
93892
71916
100794
62211
108091
78390
28806
94003
36163
65762
100344
41880
108587
55359
61816
38337
45520
98769
29293
87258
105005
65504
105587
54099
51014
83726
109478
54335
59452
94409
54034
100581
48380
54367
91878
113812
107803
41484
56394
70829
53402
69775
80647
58827
25649
72344
56720
105235
66473
104713
86938
45604
35615
79668
67837
47062
58809
108246
45286
106210
102286
68351
93941
27080
67479
71131
88986
74993
44547
40409
55302
32451
52814
58185
109520
83647
43323
84397
65808
63739
107530
79155
105450
24259
98826
66833
105962
107656
104112
51561
82295
37213
50720
39162
103227
108591
79815
74387
68870
99833
77195
113552
84372
101713
41378
14344
77915
54998
58167
76607
82165
73326
61030
47343
84005
52830
76892
78880
111181
33369
45268
72597
93206
64342
80518
50089
81027
34304
51360
57929
47092
90674
107482
70483
113525
54096
86254
54961
58286
97090
70359
61397
110144
76611
107868
85045
78234
86416
66774
97466
67370
95636
42752
97704
91190
66117
113901
92302
109563
86778
52556
67334
68371
43066
45938
57371
45055
55860
63800
108309
98143
94825
78441
111166
92758
91443
107461
80192
54032
58584
64383
53410
113712
98494
44592
81419
33957
26096
68267
60102
56767
67058
88370
57530
111027
69220
49444
75901
62238
106173
49956
35228
39624
45077
74176
78736
97550
96355
113105
42179
56119
65613
58622
109847
77154
76900
71475
93171
100609
55322
56914
48239
54760
37786
65697
88645
85718
105581
112625
48726
33872
87004
112306
106948
70300
94006
76498
65466
92490
46388
56979
58214
34623
89415
58406
79119
88235
57128
109779
107958
79945
67078
92216
50071
68289
106670
104854
47303
54090
103073
69811
44754
24266
70836
72539
65989
101050
28914
24133
91064
30254
60280
95124
111911
54831
71544
62793
32922
76100
110715
64324
73396
59552
71498
87846
77981
96370
59612
61009
102281
65748
109024
95393
87492
94200
106010
83518
72958
75174
41393
72932
80403
85210
78523
52924
42805
103132
42202
89722
48275
98438
102039
47650
84111
93938
88931
98210
109089
44231
59035
41349
106874
84103
60099
48080
80263
56258
32627
74833
107326
96283
66716
100790
106693
79042
96521
72365
85930
85446
75179
86878
43498
60500
99167
78218
38166
43819
108640
67746
56673
87931
78857
105990
90450
55485
90095
102833
52925
37934
103489
82597
82333
107866
38916
55815
58007
105323
41032
58300
43925
62351
78400
88739
86610
88381
58296
71471
44501
47024
50746
73916
70009
83174
38862
99967
34969
111642
91396
77797
64369
41173
39940
87506
69975
104678
41671
74830
91514
61794
27921
85743
56594
69636
32794
96361
58484
113746
33254
109067
60620
55099
36980
111231
103141
61024
103114
58359
57705
57263
76213
79462
32710
106800
102043
85038
84637
87746
39764
73605
101938
32255
109126
112070
69615
91367
50724
91021
61363
66212
45834
90825
51608
100000
101125
100539
79792
67090
44414
50113
69616
112700
68871
94527
85408
43346
84929
97054
48125
92715
52525
32790
90331
46244
80755
48627
102887
72860
70859
89190
62350
70476
67567
34944
40890
98107
114085
68182
109350
62429
32589
113076
58464
82429
87842
39345
94372
91186
96536
31182
70170
103457
46834
72059
106708
95009
63678
47609
64390
94989
79882
53971
46020
53594
59696
105250
111225
112661
104657
83564
63858
71034
81692
57347
25017
32315
102912
26260
96539
91536
67620
99842
66334
50930
61778
41795
49557
72109
100633
36238
76272
101323
93376
94816
96819
37470
90869
67891
50220
72088
58360
69395
30563
78217
79387
103140
45598
36950
60537
78917
80274
78299
45008
109737
51779
61623
108790
45606
58039
86711
59688
85542
33406
61463
50996
113282
88205
94522
80580
75757
68838
107724
36875
52968
112665
113335
82854
58353
92958
88317
84222
111465
99142
90054
100204
38178
62277
96686
103289
109334
110587
103346
99030
60769
29332
37209
39208
93573
111273
105789
32615
108617
77754
65513
105433
109512
76776
111230
58330
84469
91566
105151
68781
82427
92066
31574
35977
83171
98145
36298
95084
45308
55372
56509
104159
106477
101682
44590
34982
25343
61752
71534
97154
96478
70506
32946
39932
68850
56564
33207
86379
109915
30400
86825
71232
49334
113834
78632
67454
57612
100481
92408
72505
98258
69752
105026
108266
112077
109299
99763
79479
74081
111193
95570
79310
36186
50024
103907
99700
104045
55751
68575
74899
95057
75079
59412
71002
100040
43607
62297
35528
92540
103053
36366
113503
107249
99387
79819
108799
30561
90083
101761
60458
88847
61677
49134
109084
80346
87669
113991
60910
91209
91036
80081
68865
94081
58348
138807
111975
96388
106677
96932
68675
59451
99328
113575
112852
100618
45052
59239
89268
53396
79994
104420
51435
64875
94538
70223
33236
102899
88767
41395
76654
87135
113601
28176
79086
96000
34706
55873
77501
92764
73922
95473
46673
99347
111276
51337
31892
105272
82784
76345
34331
28497
98820
94609
86736
53598
100045
81641
47494
80607
68881
34607
83560
92265
79995
59778
109417
73745
33526
58307
109459
109277
94184
83941
32858
100955
52837
75711
86817
31104
66457
95893
94507
65072
54812
49168
36353
34927
94074
36837
63363
112025
61434
43060
91301
104542
58315
14707
101126
106442
65857
53974
68420
103144
38912
96902
66409
46945
88066
85967
32033
73069
55068
64221
39031
75810
105578
58358
49227
59662
113045
107095
92145
55810
71626
87790
93964
109079
79726
95703
86637
96484
76320
102966
46165
103481
26016
79775
40518
45158
105697
93857
69301
66157
56567
69654
101807
64909
109517
74021
58605
67958
40795
88550
74520
29453
112678
107379
51662
41483
60183
43652
112648
46223
64411
42466
34902
60496
67927
100309
76688
37267
45769
49509
54385
50145
39895
84523
98231
62298
99114
90197
103780
57990
57305
43252
59775
72567
45265
75689
19596
68883
29326
56504
105833
62450
36223
45936
67355
111034
41140
40753
28235
53959
56392
56078
63171
68445
70058
28863
113402
34406
94769
35065
34873
76672
104647
93320
36071
89436
30434
93381
90354
49588
72228
100039
55026
112133
33508
76967
33234
69596
47949
86211
54436
94726
100619
96328
65978
65176
47492
84864
91777
75596
57988
110700
110530
99313
101784
34735
47026
68141
78816
109597
84954
67458
87815
96389
30599
29429
90077
93613
40727
64531
81517
101960
52757
98132
38270
69173
74328
50264
39137
54499
37017
54232
42798
62117
65369
83650
76667
41793
34019
65421
32154
73787
90459
100257
84219
62946
78717
96221
88329
69242
109509
38521
36893
91060
57931
53159
109784
105291
78003
35588
92912
33662
76267
81335
84118
94135
42147
106353
108037
53633
63876
88493
34225
73655
86452
56421
109069
82225
33787
33556
110577
90518
38605
40510
98223
33305
86477
83548
92496
36924
79343
64199
98212
28366
44312
112770
95267
60670
63869
98459
107018
77586
98256
63728
86526
99918
77158
63152
102594
63425
42540
107981
104634
41933
67464
94172
106881
78345
102674
95394
25951
66959
35659
73183
113942
113658
59007
51097
92957
54709
105905
81723
87548
78533
81859
55007
72685
41086
92206
79645
89724
110917
72704
84867
74135
110956
97419
60569
77548
77660
28354
60810
72393
58750
39518
111930
62000
44499
106941
58639
69845
47519
78396
86658
88383
99741
83486
84787
72431
98621
70370
66894
31476
87787
68603
82739
55160
62025
56427
84349
31142
91184
92296
89490
85778
89259
65962
113932
78402
109290
49394
40512
105315
41171
84819
95205
111335
71567
98564
96530
70693
86563
75196
31646
83562
49913
66630
77277
81773
32168
32063
71761
67527
48226
74847
67050
26019
60171
93390
105570
34703
67637
99996
66034
75980
35134
96801
25300
105797
86235
101847
78831
49171
72305
82964
110273
44294
40646
56660
72947
66977
90349
54214
85121
86616
47036
49137
60747
76624
80498
59640
114048
75469
107955
63539
40159
79342
49828
103072
78702
111568
93552
85457
90203
33786
46294
46774
100831
79419
97410
66504
98514
81611
67076
64059
64837
113057
99966
64280
98265
48914
66324
57067
78314
108886
52103
97860
52591
102440
104694
93640
110031
72324
102810
32433
96509
65681
96822
46867
80710
49166
113793
63362
113659
66610
86531
40362
51944
113863
31020
108252
49678
66160
85860
47451
34206
61700
94877
102587
55830
81209
75527
33963
48973
96811
27617
55474
57436
103178
97241
82161
108145
36836
29706
69587
67079
61750
102840
76125
66920
97229
49558
62440
36191
112688
55467
43319
110852
64162
82954
108695
60792
80031
42864
46403
90686
35075
106411
30800
74486
71130
47177
46561
40540
41322
64378
65635
69960
103130
70879
76891
113399
66472
111499
61701
76440
105032
56527
91297
67636
99141
86890
26113
59553
103180
63185
75964
73894
81254
57353
102794
77213
76354
36116
69751
45197
35550
95118
81699
95343
42957
71618
62163
101413
94840
45589
34111
52609
66031
87504
63889
98752
105960
56872
86095
55729
48007
41053
62302
83731
105826
109502
56539
100578
46198
84836
84007
59818
103983
80839
110005
68014
78192
107337
76023
77028
74310
77789
87831
93299
42874
64238
43282
72355
90555
39277
97510
60754
105745
76364
83642
111404
43708
53120
64449
102867
77649
70115
97469
63086
52482
56873
100046
100527
54432
37486
56952
104164
31790
75603
62385
44540
61067
85078
67619
67675
108740
44526
70882
70515
86552
88991
112820
86809
56840
65611
113325
71663
58052
80503
103201
89737
48018
41223
100160
33856
53123
105548
72953
109143
113072
64969
47892
95065
95741
93826
106665
106248
84309
59346
94113
101843
80785
44466
47953
79848
104015
26971
90726
90854
44680
105306
75561
35984
98486
69139
95348
49133
40899
49108
107048
84117
112195
109388
83804
32174
72758
78385
75777
99045
78734
75598
85879
40572
37655
96273
105809
48650
73760
135463
53306
36264
113944
78769
94968
97441
76426
109733
39139
111790
71581
70535
94325
84476
33442
79922
89293
61908
71012
35997
100660
62774
54605
46029
71011
53406
102471
31717
45654
74705
43959
50911
64080
89080
64032
109123
111041
105882
64190
26424
106375
84502
95074
39372
69789
44936
43614
32861
61600
47487
44762
63107
43683
59588
75841
103867
76906
58893
111952
69145
95668
30385
93612
76985
67855
107657
36702
91043
44244
57932
63679
111817
60254
84740
98566
109516
93841
99749
59323
61841
57614
113407
101508
108422
85736
103767
77715
68088
75208
19859
79188
90168
37641
82955
46438
92506
38913
102942
76367
86508
45531
109505
79088
111049
120357
111918
70741
50668
109434
91886
45820
113582
61721
35819
80098
67512
94838
90423
81807
59808
98009
55435
108766
113987
102958
99532
71111
73376
63290
93388
78469
54212
40365
107518
50088
109129
34173
66248
38078
47659
70835
48244
99446
76606
50393
60071
98108
61571
58262
49383
33522
92466
34930
94219
63632
56522
89077
42338
111820
65631
111681
77987
42553
59965
60987
73354
56419
108207
56343
36246
36978
102207
112658
53136
114142
64488
62141
103902
113951
72136
100448
32558
81690
71082
29495
34307
100250
42796
99588
65714
53815
51554
44539
88313
69359
26109
91219
69478
94469
64036
112616
42728
90689
111627
54329
80302
100637
95777
68985
107463
60730
66335
45254
109717
84210
35227
44964
43794
86544
31390
45528
86654
97547
102386
104906
45137
66914
58471
77622
102638
71524
90018
78107
89687
99944
106712
99077
36932
113970
94725
65327
98337
56533
112855
97822
70758
111295
50221
67808
109738
107371
73626
112619
85101
62244
49535
92099
68307
68117
83476
81552
103080
113747
94007
72301
67617
32040
85406
27678
74753
80292
78885
60398
94994
76003
40222
111754
105298
49819
97611
45225
91588
107304
101018
61898
99782
113312
85227
111758
71112
55280
84949
100501
111064
55798
108461
77009
83358
34364
104158
69640
47465
109821
50715
96685
40672
82948
90022
62574
112962
74028
74909
93925
64645
64540
57196
112370
86377
93380
104576
80095
60463
88938
41587
64541
110147
91154
69010
95926
86102
38086
26028
55326
60494
56996
29071
29501
65370
99154
88755
78471
98658
99168
91208
28500
80025
50176
88122
95788
61615
73224
82801
31645
36623
63745
55574
44128
102065
27127
113883
104953
108693
43546
97179
106659
64885
72662
66478
84552
47966
59648
48126
109046
30137
39013
40357
40579
82051
47580
88223
109963
35989
96120
104414
38994
51733
71353
88741
81508
54103
89992
104127
94192
103574
52552
65884
57423
112672
68674
90227
55867
47488
57431
50091
95209
97411
35210
100461
112556
69604
91053
80502
83569
41238
32672
50022
77641
88699
50627
45710
80271
67202
95800
50430
113864
53225
102555
46537
83180
32193
48676
54500
80366
80784
100279
39395
79784
73392
41424
50677
95032
59966
35804
77139
106946
47325
53610
68872
66865
67881
104161
36670
77257
99570
99042
69344
79345
60105
56909
103508
106188
32106
104419
97053
10525
53692
32223
30938
112050
58220
102628
108953
59434
46200
58241
91187
104174
69295
113343
59133
68491
82372
57082
57659
49246
42978
42360
80538
108453
17671
30499
63051
56518
60307
80555
41873
86063
43072
60918
39163
105838
113406
60229
67024
85105
92727
109501
31458
80487
64810
68880
53477
60722
89725
57972
53147
99495
57395
93126
77414
62944
50262
106822
45104
61676
101937
108739
105190
78539
54624
91052
103142
70842
62422
36269
56700
111269
101289
79772
69745
41494
107516
75517
81559
62799
72325
85358
53256
59330
62304
33368
96331
112363
97100
34121
54520
36152
28343
63998
88652
72348
92835
86125
45932
60416
97275
102414
28667
86950
60534
112833
76836
44178
103129
96344
67362
34371
82707
96396
100254
72548
96058
37020
39467
83311
73702
77979
33554
96384
39894
29413
62071
66686
99548
43203
99605
31342
48026
114114
84857
43556
89301
73623
58515
52993
105807
59919
99031
69754
101755
72242
77157
88615
77736
73660
60980
33512
54936
92495
45947
77020
51666
62589
63065
107945
85430
52852
87524
49067
108942
97996
79195
95129
71452
62771
91748
38867
112840
81914
107110
91582
91952
99435
46303
78976
84174
64155
31358
73686
94711
90141
30386
49502
49170
97598
73119
98153
102224
91032
93920
46585
103857
44910
61023
94188
64136
93993
77006
111010
