61719
136920
78074
113640
98584
6803
59314
81091
92616
41118
113933
41918
99964
41202
50731
36624
59319
56546
71537
78108
100032
104842
97553
55010
72069
57526
78198
65659
97349
107723
26507
83790
32557
33304
77564
7311
35232
101492
20626
46543
86083
82895
78008
69418
75178
74884
93870
45686
95459
37308
41049
63215
108737
43706
93088
91532
46063
112192
82414
75193
75854
18919
78532
90934
66467
69410
91361
73637
52111
65086
54757
82005
62365
46836
107649
114148
36798
91177
54750
85148
107790
14194
67836
69835
32747
106492
43078
84447
41730
92184
110474
45152
45536
42711
67074
103625
84107
109529
50497
79454
112813
91171
29629
70919
69457
30252
58994
41588
68337
37762
56544
44583
26512
113654
59301
58538
44935
6796
97793
45156
57503
26570
107946
39387
34050
5289
40355
54970
72841
106295
69006
56014
101079
100382
106032
55388
101490
98747
62754
86307
111968
79521
71344
52225
45078
113845
108768
67245
83101
36170
45755
78487
97665
8856
89870
79833
69131
36876
92620
102939
77482
49618
37434
72306
112627
91220
37490
52276
68714
50143
73338
1831
6455
114482
96622
93967
82274
94580
52913
52700
95406
113637
96223
29747
57516
75753
71831
72430
100983
62801
88388
44022
31740
49431
33740
93639
79054
57505
56316
71466
46300
93370
153248
53148
48718
75755
111951
58386
87681
111400
78106
56314
72123
113639
75403
59807
78182
33570
110897
30275
96227
93246
76901
97898
69030
97429
74055
35389
76558
83461
86147
64534
106903
28791
111289
55626
59450
26576
32221
91065
66306
51178
84097
40234
37941
63055
75736
108008
69102
56234
86619
102605
41321
54254
77017
63619
85255
75766
71113
102034
99275
39734
41090
43298
44394
61321
78109
89029
80120
33660
29369
67441
108887
107583
52475
106823
95210
92376
89299
33376
94715
78155
101062
113955
24224
105035
93859
96941
76975
78977
58171
34163
78968
61881
103115
89778
7054
62212
85228
42913
68855
58011
109174
56596
108391
32306
102955
64822
25842
71429
78005
108315
42531
26594
46405
72861
35720
27217
83699
28357
30149
114057
81718
88825
107131
46357
71605
101080
84244
104395
59584
67171
40945
98922
112250
93130
43070
32938
48761
5288
33855
28780
54488
111050
37769
89430
61110
43076
100939
19294
57959
73139
34910
61675
55781
32796
95637
98842
61932
113068
76623
112819
33178
29704
113820
109909
89328
13869
38872
42502
12516
102851
105269
15882
116691
32039
55011
9568
73015
107424
52143
71403
34044
92359
41792
106417
80704
58615
19296
66341
40429
39976
36735
103491
59150
98914
80708
48477
107916
39981
107355
79386
90008
57868
2180
90189
103564
83422
46323
70782
103133
43313
107333
41339
105623
45283
98284
70692
42199
99027
98479
74995
23815
78117
50111
41622
36708
58004
42180
1832
93880
59714
107307
18423
62807
80105
54253
19295
81030
77500
49757
32235
44232
47204
57981
89475
56503
79400
61984
96055
39978
41069
36886
89019
37217
