12556
50292
26309
82006
53200
78512
49852
39845
74302
31758
35447
113117
55991
72317
69933
100286
54568
80533
35438
99781
104623
41087
53405
107119
68521
49690
41499
25938
44948
104597
47322
105761
47291
87833
85220
62593
68138
106154
50701
80540
86823
109632
104082
85249
35446
88314
53671
91971
51445
47817
85568
109638
136917
28496
55990
28219
94436
112710
86454
96671
81357
75115
36355
53507
105844
58576
81612
28562
55992
83328
112823
48053
67934
72316
11735
57644
82744
28996
34131
55724
26527
108853
39312
113757
50774
44269
22818
31051
42935
116030
23988
15386
49306
90425
46452
92160
53673
44174
100386
62075
35726
38030
84506
68893
95100
66873
54895
61333
112970
55220
88024
100118
84292
106861
104628
680
24429
45228
76796
88019
53670
47622
74430
98647
100616
16722
58523
42556
66078
103037
106838
33992
73371
101609
24432
56412
149920
78508
109845
100800
55996
81570
65957
30090
59149
55752
74192
32860
66331
32292
102353
92243
58248
65747
54075
104992
35440
58027
65996
87908
85944
57538
81061
59157
91847
41085
58242
89623
41993
38759
48912
98715
110054
59890
55242
28520
32330
38018
48908
103024
103312
89894
65232
82334
57895
81068
90429
92273
111306
112773
53788
37234
80539
80229
53505
99684
47617
101679
102476
58742
104154
63794
3505
48033
60046
72625
101980
37331
112728
49323
20455
55766
77165
50919
101470
74150
113425
86948
82106
34169
103870
104328
103484
113605
35445
27736
61777
95994
54012
104313
62588
112444
104627
112971
41083
34897
62444
17672
63404
104247
44837
84279
98593
111307
20457
48831
30020
104309
54121
47744
58035
59140
16724
76420
55489
63174
49378
54018
73085
79223
106068
31812
110017
60862
33301
59304
57647
74146
92391
64713
79937
101220
50992
29181
38493
27996
53988
80264
51721
72268
37459
28998
53705
105862
47318
26526
55824
96345
57839
70034
78507
114019
30709
67980
44010
68896
25943
109474
111109
101613
61916
103792
42841
53672
91383
25036
92272
105860
99497
60979
