103110
89474
52008
97626
81878
57559
113840
92261
99975
52603
98665
92269
78978
98264
55846
109964
84209
76640
61631
69532
94119
108521
68421
84788
67372
44493
77224
49624
56261
63050
84638
32925
86426
76141
108659
87220
84650
74973
71014
38158
75456
102835
72863
107689
93111
47724
72507
49451
28391
53613
66020
37321
65182
88229
56468
49521
92574
112914
92897
111117
111789
29500
32030
63680
38089
104495
108724
77876
107113
71570
38796
50432
113401
90579
105972
74488
113768
105469
69560
76099
54861
32734
72483
99596
62046
84933
105781
63542
105493
90283
42773
91662
15342
75982
83376
81507
105472
80450
87802
40069
73540
52099
74148
66193
59086
110976
68864
109825
73747
108423
62875
77749
89805
62971
58365
57809
89818
81252
29318
50423
82175
65356
108294
56031
107308
103458
73938
102882
55185
89726
63758
101504
32436
24817
106322
74852
85371
35988
92424
51995
111079
78879
92725
40997
98664
53430
24587
63196
86646
64306
63359
36194
88756
61269
94535
88282
107860
44698
96529
105343
38894
103347
70205
74235
76074
101333
43617
72661
112004
39315
40961
93128
32308
44752
85978
60999
29347
30631
35953
54260
67036
35320
72820
47864
84446
77800
63072
14930
93301
99437
110461
55469
93379
89611
68364
31350
63459
49611
90381
105575
72549
61272
53089
37037
97691
99572
85409
65948
46411
41502
74906
86277
56739
49209
106936
77036
26296
71320
104231
86940
105137
102529
64902
60322
78088
32864
68745
107851
77889
93282
112744
60252
53888
112675
44249
85717
76543
108573
59802
45630
93784
26458
75600
75422
46265
48510
88747
109920
94140
37007
84283
86562
79082
73368
61111
81895
86309
77546
85317
102623
74476
91774
93641
65439
97637
77502
41804
107140
95097
109873
97694
33221
89064
105056
83655
44785
84281
128833
62893
93365
41950
38847
69840
105092
99196
50749
26314
61008
82228
112597
93395
101621
107388
111247
53341
72146
53218
43497
96218
50857
60802
82598
87150
86649
91807
94965
70264
77129
86244
95704
80396
86883
82024
32936
72701
74975
78272
48368
73088
103022
85284
76375
88403
36877
101084
97867
78834
33071
30306
66835
81808
106379
98549
104621
102170
66443
38791
65636
47482
76681
65915
69873
