38882
96748
71963
103699
135162
82698
95792
43351
76646
88839
27399
72565
113516
61173
112502
70682
56294
92097
50027
71547
108589
54316
59506
92207
60117
79843
55552
106376
99794
61730
55120
64391
108511
37979
64272
112998
68750
42799
110821
111215
91016
111227
98744
50704
58189
107440
100812
92180
87850
82380
92670
95806
73295
55398
99400
96900
56131
33612
32989
54217
90355
93966
37729
82052
34122
84525
92103
52465
29562
49387
62577
78642
45688
86503
57978
55827
72584
60827
87457
45472
113702
97474
45183
81605
92102
90758
57975
28624
62947
48704
51745
46016
85307
61408
53213
23230
109476
58412
89398
70134
66416
70703
86305
109668
28007
42122
48443
71785
30872
98640
84729
34123
107703
74978
78536
82796
112705
104946
75865
27782
78963
25620
40731
64034
50215
87309
91189
67879
54389
35299
70107
30587
38884
34814
40155
86833
104117
112653
91300
45200
39331
58337
83532
107384
107550
37433
42965
103744
62418
106429
113899
70735
51699
52941
101152
94434
106909
33782
60035
79642
58188
62818
94901
51050
30271
45498
47894
45766
69116
76915
102992
111791
72794
43502
33391
38044
70402
95036
39527
75243
99702
57340
72104
75737
58291
67337
54433
31652
41560
85781
77346
113371
44132
34999
110708
34006
92067
96471
45287
95017
61551
83718
68485
77141
61406
92441
52601
53625
110582
99506
56641
90440
73956
98078
49120
57202
103521
106925
58802
58269
58881
63091
88816
91026
33449
40497
54467
82268
43333
68448
91578
25728
93581
91947
103059
55187
109303
44325
58430
98518
40074
49151
84480
35396
86448
111603
55283
96015
30993
108523
104474
52856
70786
107681
108358
56667
95966
80234
35537
85458
62792
107288
101597
136793
42948
99651
63816
37884
103446
93211
55643
50324
35054
30220
56315
44753
90448
113224
92614
92940
91236
43876
79301
98976
54805
43486
100486
58999
88697
65333
71197
109175
81621
45977
69612
51036
90402
66543
35981
111056
88312
80200
94823
67705
88753
85531
60165
53744
70519
67559
109962
107706
46645
51268
52466
60622
60069
31684
99436
63601
27179
38790
78732
58235
130085
46903
85046
29730
104009
78783
79494
25525
77764
56669
86741
53856
69582
79420
90215
61432
29431
28123
56783
66056
49892
59628
58782
50763
96593
102454
106189
46966
60694
50721
41486
32686
97436
93558
62507
85266
61132
54785
59729
49938
42148
47097
45179
67895
66124
28887
79369
113251
35860
102897
62009
54533
52340
53417
66406
59350
104165
72971
95690
39726
90199
110040
94809
61915
56018
65705
76873
80924
80783
28502
112674
79588
33524
52341
56286
32738
107690
37323
105236
97830
99592
98891
29214
111797
64605
37489
52794
38082
109852
60659
88923
86725
87812
41218
104641
22873
50025
78757
69429
80156
50365
54019
105241
101811
57974
104005
105333
28324
51473
85787
86977
65719
33366
42100
106584
58543
32797
84424
110692
98390
106535
71334
63088
41854
33372
56737
33937
108531
53464
70003
62041
7387
78474
102481
36161
69645
67340
73751
73896
50310
112129
77429
92348
86815
97348
68845
41400
64406
58292
105975
70546
64714
60992
70686
26638
101589
58250
80505
96469
73174
91055
60279
63083
76913
57996
70391
95845
73057
38161
63271
52969
60378
94705
50322
50848
75308
96269
70522
89384
26863
79246
70537
110485
104116
111671
99748
112496
33738
78130
60577
89731
57282
79996
34184
97245
87409
85719
37648
70759
69383
52994
62865
86152
64575
77757
47472
35770
53411
94431
86548
62069
76793
42877
75297
87909
36088
99393
70899
92255
50712
56447
36791
57435
94030
69976
81748
109891
61128
103931
111858
113697
61178
70482
82361
86088
56117
58251
42555
90057
61032
40170
72335
41139
66622
78825
46967
58160
71401
65419
38431
55715
93724
108839
85907
92537
62566
61201
81232
42717
88698
58483
103806
58196
84727
50610
103750
105634
37763
67237
32082
33719
82673
31455
100307
50697
77533
33375
76706
60772
21443
102614
80798
98410
80287
80944
91063
55683
67359
85811
103356
85097
44899
93579
96602
65967
103332
103996
109490
69948
37015
77228
107646
30253
108615
108893
66039
65995
72960
96217
94966
41477
89761
73558
58239
103242
57580
54995
110444
66632
108450
41883
71114
90330
40311
32945
54517
92979
100771
99044
81846
75550
108068
93010
30233
104813
27410
32664
80775
107143
42861
69355
98080
79435
90216
75271
93560
109324
92713
66641
30396
109975
68844
86224
85145
105001
113535
56227
56381
57800
109918
23328
36567
85232
92389
67053
67638
93995
98683
40515
38302
41867
37364
89727
104649
57470
73620
110703
106978
30467
35954
91042
58075
49827
