89141
112210
75961
43369
102919
99747
45205
92903
63735
113080
70849
100915
46445
85054
66980
82800
113283
105166
32626
23938
32737
73862
59798
52004
49826
45537
61419
59815
39334
108010
53500
87388
72135
84225
38117
79300
72142
104654
67610
54925
108559
100328
47853
100364
95141
105010
39265
97992
91649
94334
109413
105330
33354
71851
64535
99034
70409
100252
75333
94807
102273
29241
52230
79191
93759
84724
103171
104695
80246
57394
98322
51568
47820
32172
48647
60738
66956
105973
100704
58599
111129
100763
109760
105125
86588
88525
90855
24676
29017
36601
60616
77955
86901
98339
62952
40056
43735
59894
54889
87304
99280
48138
79511
40363
94020
33248
54313
50835
67919
112130
82394
45925
80770
79783
75139
49765
64806
49193
45289
60831
47442
54010
42207
63462
39936
104021
112366
107627
56616
91560
95784
50404
92834
112894
97874
67229
35822
107837
68617
54672
89609
99325
73323
69328
53404
112988
95844
92019
101619
29312
95149
82009
66930
101614
27990
81333
73743
83480
92125
101107
108416
84018
37639
56429
90756
108385
73651
81811
67957
96404
106336
72020
44130
44399
50964
72511
112208
43077
82007
98623
113359
105639
102841
102052
91374
60125
112478
90749
40384
56741
86991
102505
41624
75350
103502
53155
54216
74047
86559
33810
101625
33873
41401
48974
44444
113003
63897
93402
59838
53420
62955
79360
31979
94464
55688
112258
34124
58357
106560
36097
100612
97998
62108
64898
102045
90607
50750
72366
52231
99513
44786
62284
30751
99587
100632
112563
98054
109095
92437
65358
60752
97766
69809
84767
56441
55287
65471
46476
53985
16073
62097
100981
101366
67878
41042
40583
108688
98753
81213
67343
99335
31992
107651
103460
56095
60637
91544
111163
25989
35788
61973
107872
104724
107785
64731
101824
41342
45476
35965
73168
46053
77638
72952
102215
112504
104871
109615
21525
74436
104135
78346
101839
58174
70949
108665
92494
29001
76908
104547
90521
66126
88738
55630
97085
84365
44014
91554
35013
71154
87677
64367
70101
56718
87916
110411
98299
107475
108460
52003
102799
98838
112367
109871
53960
56296
98961
66773
45859
84053
74798
100242
74483
62447
110450
46193
101922
112760
76860
93339
68898
71205
83204
72873
40058
28821
103545
43615
61602
35559
96467
76103
107604
110036
59649
25293
107010
76881
88684
76423
90213
94850
82834
107228
65634
57005
56099
69778
76751
104271
41603
105482
87534
54049
102532
106180
67809
49167
55081
29439
69585
70945
102064
73832
65141
64523
91238
79838
99987
103856
32034
100398
52234
63330
56027
73270
94424
111467
53878
111403
66867
70368
91483
36239
38013
104715
76693
99911
47638
97927
88830
92627
71791
84211
85361
92709
110419
100693
42712
100429
72622
102369
75274
86536
37022
100417
100205
105290
61720
64446
109629
111795
35986
55330
52232
44741
68204
53552
39003
112194
83577
95765
93836
86282
60673
72025
93504
112209
97211
111319
64578
65099
86524
106676
41204
32347
101838
40705
36944
77127
63003
59940
95338
112702
46030
75512
32704
56050
83779
99092
63087
77352
33210
62175
67437
34708
102194
114372
78965
88455
98050
99595
85451
100745
48121
48826
69393
62115
74859
105128
107114
55802
59400
80094
54761
46538
100683
102890
16810
96970
92950
53167
93592
66706
65505
65674
72725
67540
50425
41228
79189
63526
106495
35234
55631
47445
70018
61448
81572
111526
45138
69123
36635
105234
51032
36303
40360
28216
75247
37883
32926
92988
44368
89055
34142
71081
113936
84122
93275
111508
70760
41309
82482
69542
43500
48109
94470
113592
97101
44085
98043
65836
43326
42514
113830
40493
113725
49744
113998
36035
56535
92954
97242
104679
53725
72341
110874
98481
