89937
40747
90606
97471
110359
87730
110380
36163
107803
56394
58809
79155
99833
101713
81027
34304
54961
94825
100609
37786
76498
104854
70836
54831
32922
98438
100790
87931
58007
58300
41173
41671
56594
72860
89190
109350
62429
32589
82429
94372
64390
96539
67891
30563
78299
61463
103289
101682
97154
70506
92408
111193
103907
49134
94081
105578
49227
105697
41483
93381
68141
109597
84954
98132
54232
84219
109509
35588
77158
25951
113942
79645
77548
58750
68603
31646
103072
93552
46774
64280
66324
96822
97241
61750
106411
46561
40540
56872
76023
63086
56840
41223
95741
90726
105306
78734
109733
84476
71012
46029
71011
67855
63679
19859
46438
63290
99446
100448
107463
78107
77009
43546
88223
39395
113343
80538
108453
17671
60918
105190
111269
72348
102414
83311
91952
