47434
56782
23976
109113
60270
58723
43711
28862
64591
64149
30944
51639
95852
33623
68410
31789
27483
27085
101101
87221
47480
30941
96132
38841
102376
108598
51033
109195
77686
46866
59800
61933
41872
30947
101162
93678
57762
46049
108635
60493
94429
117378
41865
100130
57966
98044
58955
62770
86070
111497
83246
95000
107595
53989
86555
80114
100428
111268
50751
84856
54809
34152
97775
97418
60842
74152
89675
87604
88167
120814
56624
77353
75513
83336
95647
57426
86609
78524
80374
39738
90577
75400
74333
70267
55514
27664
41404
77921
80397
44264
84854
50444
87463
26466
111520
37706
79958
55418
36164
64147
109568
81960
95008
30943
35702
39361
84215
72322
59106
43838
25404
78708
105278
70015
100337
77266
56525
49607
86458
83484
32862
75518
91739
82275
30948
35602
101653
90629
74904
28457
23367
38500
58351
52486
80771
66482
94907
109213
53892
42787
100806
42934
97340
40177
79396
45256
86914
79985
92698
48447
22597
86255
103068
76962
41529
41388
47766
