16237
53623
106813
100305
39870
63358
98441
104451
82638
50078
65814
45164
106976
71916
108091
59452
48380
53402
25649
108246
93941
71131
74993
104112
108591
68870
77195
52830
64342
50089
58286
61397
66117
109563
44592
26096
56767
111027
35228
88645
85718
111911
59552
106010
72958
72932
42202
84111
93938
106693
60500
107866
71471
61794
32794
112070
91021
67090
46244
72059
63678
102912
91536
72109
76272
96819
37470
90869
72088
80274
59688
33406
68838
36875
52968
112665
99142
109334
77754
109512
36298
56509
96478
56564
36186
99700
104045
92540
68675
45052
59239
82784
53598
34607
79995
66457
36837
63363
96902
85967
73069
109079
93857
56567
109517
74021
88550
112648
46223
34902
72567
36223
28863
34406
35065
72228
33508
100619
65978
110700
101784
47026
74328
42798
88329
76267
94135
106353
73655
60670
104634
94172
106881
59007
54709
41086
110917
97419
86658
83486
84787
84349
91184
78402
49394
105315
98564
67527
105570
67637
25300
40646
78702
64059
113057
102440
93640
96509
113659
102840
66920
82954
70879
61701
103180
63185
102794
95118
81699
42957
62163
94840
45589
63889
80839
74310
87831
93299
97510
43708
54432
44540
71663
100160
59346
40899
75598
113944
71581
102471
64032
69789
44762
113407
68088
75208
91886
67512
94838
108766
50088
109129
34173
48244
60071
111820
60987
112658
53136
72136
53815
45528
104906
66914
90018
50221
62244
113747
74753
78885
49819
91588
100501
90022
65370
61615
90227
32672
83180
46200
53477
60722
99495
61676
62422
56700
69745
72325
54520
36152
86125
28667
112833
96396
39467
33554
62071
99548
89301
69754
60980
97996
95129
91748
112840
84174
97598
73119
98153
103857
