113044
83283
86281
24234
80703
58176
102416
103905
100042
77956
94902
60019
83345
87216
80706
81133
109197
101081
96887
96002
73596
55412
50329
53171
89204
19979
42078
108392
67476
101385
92905
80901
100203
80773
60970
91963
89493
83195
95012
58707
51646
38229
26693
111821
104610
99772
52803
83189
36946
105267
33323
32727
43712
92878
80797
98439
34896
108585
27382
52144
73124
100647
70834
68098
86919
66471
112695
81394
106187
103672
69834
95794
113878
40535
23820
100583
97250
73182
87749
112657
110442
81410
51767
103669
42094
81567
51849
111502
59396
56098
65336
44326
73988
55727
50076
107528
27753
67133
71606
76501
110274
70985
36897
59918
74156
60309
46600
43842
58009
44317
61038
47091
112388
54022
37374
98220
38251
113581
51217
105638
124419
86557
104646
102232
69387
108179
77865
33611
30498
113728
78661
79841
83850
100387
89689
110804
89091
46668
72345
89257
54929
113136
57535
41791
112076
62872
90329
109934
59834
100521
64113
103005
79982
70219
57919
54387
107869
103077
157291
85370
70202
69189
99389
73092
62704
105671
61998
69970
111985
65914
99183
66227
61010
63871
86138
87726
102916
101825
52123
32768
44591
73177
55438
36399
80941
50241
113123
89802
48222
34655
71571
50564
93758
49593
88592
63705
65143
106054
84318
46038
108606
98040
109280
76247
67907
32437
113006
35524
86656
84505
77688
53501
61838
77917
45262
44234
52028
80698
55046
108920
53290
81303
43116
63874
94542
87907
81786
82191
98703
57730
45687
86020
13388
30268
81637
56618
68400
98513
105943
45241
66021
111605
49532
87212
92953
77092
92966
90781
64732
78287
97478
94824
74652
85048
98076
80592
32625
86090
29366
30133
47834
35807
73178
88352
96105
88318
63523
86166
13156
64317
45142
51271
80398
111111
28941
100502
101127
105748
135951
37475
74309
85231
44543
94462
59414
80464
85115
92100
94288
112280
81045
65786
88326
