47434
102350
89088
86775
49423
59797
51648
56782
100907
44263
23976
44451
89596
109113
60270
72570
90824
53431
79401
58293
107963
58723
111160
43711
28862
93516
47884
91425
95737
48867
80701
106944
64591
50174
30992
112042
85927
97784
92493
58814
101367
93548
41862
50829
64149
54901
110399
50216
101844
73294
83583
31800
107705
30944
58824
72966
49386
51639
95852
106649
93624
61319
107601
33623
37317
90871
68026
109600
58550
68410
63001
42665
83586
31789
92657
49452
84302
27483
113648
75808
27085
82675
101101
96235
56794
34400
104849
95903
100201
18530
46711
88234
81129
72760
25917
87221
106181
104281
58613
67099
49256
47480
108132
77973
37580
104285
30941
82382
65868
69973
62727
101046
96132
98490
103515
71632
74027
38841
42862
109096
96399
71617
82742
102376
34125
97353
67888
92375
90142
62731
108598
116214
59487
106238
99887
54431
86165
48645
30600
80121
100245
76366
90792
51033
77255
114067
46335
109195
77686
52129
111122
107999
45270
104719
82551
51542
46866
72520
60040
84445
56617
31839
59800
74866
61933
41872
30947
101162
86311
99134
93678
57762
46049
108635
80780
60493
94429
113787
90363
90356
86429
117378
49009
69969
25679
41865
90468
100130
70883
113856
94511
103543
37595
57966
98044
40962
32731
58955
104609
20703
62770
71446
86070
62719
96195
66649
55249
111497
83246
73619
95000
107595
41250
53989
86555
80114
100428
111268
50751
66194
84856
73815
111718
74583
107033
70077
32736
54809
84123
53525
34152
97775
79079
61326
45148
36265
62722
74019
95801
31457
97418
52765
61782
104136
60842
74152
64729
94806
30384
109100
107394
95870
52999
56065
93307
102858
69306
84200
100813
51990
66631
93839
89675
89083
36531
35952
87604
66888
88167
68112
112433
120814
56624
14790
27397
77353
62604
78692
74711
67184
56698
50003
106666
70869
75513
37300
92295
83336
86538
95647
52526
113534
86036
50613
111981
57426
86609
65821
58510
87547
35051
72891
85918
106556
78524
92101
76297
95964
80374
39738
88655
37214
47876
53537
66236
74832
90577
93853
31435
47454
75400
45288
64292
81532
74333
113978
70267
55514
82693
89940
93583
106551
66014
68548
35428
27664
41404
77921
80397
102360
31433
27826
111823
44264
84854
68910
50444
23740
85240
87463
49068
82627
74059
110557
103063
58537
26466
90360
88526
27774
58393
88774
63826
75440
86549
75118
97592
86916
79793
88411
111520
28708
55621
37706
85853
88410
69396
54334
71755
50112
79958
51960
81023
55418
36164
112062
24786
76781
33121
114147
64147
48602
71042
109568
30076
81960
93412
95008
30943
99906
111719
52131
93703
35702
55442
52930
112420
110645
39361
65082
55777
84215
83022
69124
63587
56846
52540
48747
72322
93341
62236
79632
33702
77886
59106
43838
65850
25404
72258
78708
112757
59038
105278
70015
100337
34166
101700
77266
6670
93625
56525
137743
49607
86458
73817
83484
32862
56094
73249
31033
89614
93404
24644
58069
39400
104917
79516
81176
84202
77712
75518
91739
100793
33208
29171
59215
29294
82275
30948
35602
43639
56795
101653
59212
94760
90629
78178
74904
28457
82578
107147
23367
38500
106818
45757
45269
109163
66323
36786
98310
45278
80060
112493
58351
49609
52486
101483
30078
80771
64894
57487
83377
107448
62213
96020
59494
49568
112106
91959
42368
66482
94907
109213
87452
53892
32792
101103
85248
72630
42787
112434
100806
95155
76380
61781
42934
35462
43068
57642
44559
99778
81429
94582
60460
76710
58008
112360
45976
82536
86932
104013
50967
97340
32162
30483
61113
108852
60735
108748
40177
36900
79396
64641
69405
45256
58487
33861
70553
86914
52415
75823
91296
93788
113400
90531
107028
8207
34420
101512
79985
92698
71665
32164
81698
87156
69953
90690
48447
91399
22597
84317
73606
86255
34680
36478
103068
41780
76962
41529
41388
41189
42914
47060
96541
64380
41917
61392
47766
113284
