89088
86775
49423
100907
44263
44451
89596
72570
90824
53431
79401
107963
111160
93516
47884
91425
95737
48867
80701
106944
30992
112042
85927
92493
101367
93548
41862
50829
54901
50216
101844
31800
107705
58824
49386
93624
107601
90871
68026
109600
58550
63001
42665
83586
92657
49452
113648
75808
96235
56794
34400
104849
95903
100201
18530
46711
72760
25917
106181
104281
58613
67099
77973
37580
104285
82382
65868
62727
101046
98490
103515
71632
42862
109096
96399
34125
97353
67888
92375
62731
106238
54431
48645
30600
80121
100245
90792
46335
52129
107999
45270
104719
82551
51542
60040
84445
56617
74866
86311
99134
80780
113787
90363
90356
86429
49009
90468
70883
113856
94511
103543
32731
71446
62719
55249
66194
73815
74583
107033
84123
53525
61326
45148
62722
74019
95801
31457
61782
104136
64729
109100
95870
52999
56065
93307
69306
84200
100813
51990
66631
93839
89083
35952
66888
68112
112433
78692
56698
50003
106666
70869
37300
92295
52526
113534
86036
65821
87547
35051
85918
106556
76297
37214
47876
53537
66236
74832
45288
64292
89940
68548
68910
49068
82627
90360
27774
58393
88774
63826
75440
86549
75118
97592
86916
79793
28708
85853
88410
50112
51960
81023
24786
76781
33121
114147
48602
71042
93412
99906
93703
55442
52930
112420
65082
55777
69124
56846
48747
79632
33702
77886
72258
59038
101700
6670
137743
73817
56094
73249
31033
89614
93404
24644
104917
79516
81176
84202
77712
100793
29171
59215
29294
43639
59212
94760
82578
45757
45269
66323
36786
98310
45278
80060
49609
64894
57487
83377
107448
96020
59494
112106
87452
32792
101103
85248
72630
112434
76380
61781
35462
43068
57642
44559
99778
60460
76710
58008
112360
86932
104013
50967
32162
61113
60735
108748
36900
64641
69405
58487
33861
70553
52415
75823
91296
93788
90531
8207
34420
101512
71665
81698
87156
90690
91399
73606
36478
41780
47060
96541
64380
41917
61392
113284
