38882
103699
43351
27399
70682
56294
92097
106376
64391
108511
64272
111215
91016
111227
58189
107440
87850
82380
55398
96900
56131
32989
90355
37729
82052
84525
52465
29562
62577
55827
97474
81605
92102
62947
46016
53213
86305
28007
48443
98640
107703
74978
78536
112705
75865
27782
25620
50215
54389
30587
34814
40155
86833
112653
58337
83532
103744
62418
113899
70735
101152
94434
106909
33782
45498
76915
70402
39527
99702
72104
58291
67337
77346
34006
92067
95017
61551
61406
52601
99506
90440
58269
63091
88816
91026
43333
91578
91947
103059
44325
58430
96015
30993
52856
70786
107681
108358
56667
95966
80234
62792
107288
101597
136793
99651
30220
56315
90448
98976
54805
43486
58999
88697
109175
51036
90402
66543
111056
88312
80200
94823
107706
46645
51268
52466
60622
31684
27179
130085
46903
77764
56669
53856
69582
90215
56783
66056
59628
50763
50721
41486
97436
93558
62507
59729
49938
42148
79369
35860
54533
52340
72971
95690
94809
65705
80783
33524
37323
97830
99592
111797
37489
80156
105241
57974
104005
86977
42100
58543
110692
106535
71334
63088
56737
33937
53464
62041
7387
78474
36161
50310
92348
97348
64406
64714
60992
26638
101589
91055
63083
73057
52969
94705
75308
26863
79246
110485
33738
57282
79996
34184
97245
47472
35770
53411
76793
42877
75297
92255
94030
61128
113697
70482
56117
90057
61032
66622
78825
58160
71401
65419
61201
84727
103750
105634
37763
67237
32082
33719
50697
33375
60772
21443
102614
91063
85097
96602
103332
103996
37015
30253
108615
108893
89761
58239
110444
71114
90330
40311
54517
100771
75550
108068
30233
104813
27410
32664
80775
42861
98080
90216
30396
68844
113535
85232
92389
67053
93995
98683
89727
110703
35954
58075
49827
