87236
93699
74987
40077
49135
87188
94654
30649
55555
59810
49181
44427
43226
50517
90779
105229
89937
45535
40747
34901
77900
85015
114064
64632
71519
51035
80093
64258
58547
39485
107907
40220
90606
28318
61699
103987
94389
78610
90523
49653
74102
33532
90922
32798
108126
104723
39546
88679
97471
104016
111880
93497
61000
91812
72233
51603
35985
37760
110359
87730
39018
44246
29498
40148
74130
78813
54400
85492
105361
44581
30393
39390
92832
94967
95298
32551
83910
61565
53603
75533
70162
77013
113679
106997
63275
110380
30339
98694
93892
62211
94003
36163
100344
61816
38337
45520
98769
87258
65504
105587
51014
100581
54367
113812
107803
41484
56394
69775
80647
58827
72344
105235
66473
104713
86938
45604
35615
79668
67837
58809
45286
106210
102286
68351
27080
67479
88986
44547
40409
55302
58185
109520
83647
43323
84397
65808
63739
107530
79155
105450
24259
98826
66833
105962
107656
51561
82295
37213
50720
103227
79815
74387
99833
84372
101713
14344
58167
76607
82165
61030
47343
84005
76892
78880
111181
33369
45268
81027
34304
51360
107482
54096
86254
54961
97090
70359
76611
107868
85045
86416
97466
91190
113901
92302
86778
52556
67334
68371
43066
45938
57371
45055
63800
98143
94825
78441
111166
91443
54032
58584
64383
53410
113712
98494
81419
68267
60102
67058
88370
69220
49444
75901
49956
39624
45077
74176
78736
97550
96355
42179
56119
65613
109847
77154
76900
71475
93171
100609
54760
37786
105581
112625
33872
87004
112306
70300
94006
76498
65466
92490
46388
56979
58214
58406
79119
57128
109779
107958
79945
50071
68289
106670
104854
47303
103073
44754
70836
28914
24133
91064
30254
95124
54831
71544
62793
32922
76100
64324
73396
71498
87846
59612
61009
102281
65748
109024
95393
87492
94200
83518
75174
41393
85210
78523
52924
42805
89722
48275
98438
102039
47650
88931
109089
59035
106874
84103
60099
48080
80263
56258
32627
74833
96283
100790
79042
72365
85930
75179
86878
43498
78218
38166
43819
108640
67746
87931
105990
55485
90095
52925
82597
82333
55815
58007
105323
58300
43925
78400
88739
86610
88381
44501
47024
50746
73916
70009
38862
99967
34969
91396
77797
64369
41173
39940
87506
104678
41671
56594
69636
96361
113746
33254
60620
55099
36980
111231
61024
103114
58359
57705
57263
76213
102043
85038
84637
87746
39764
101938
32255
109126
69615
91367
50724
61363
66212
45834
90825
51608
100000
101125
100539
79792
50113
69616
112700
68871
85408
43346
84929
48125
92715
52525
32790
80755
48627
72860
70859
89190
62350
70476
40890
98107
68182
109350
62429
32589
113076
82429
87842
94372
91186
96536
31182
70170
103457
106708
47609
64390
94989
79882
53594
105250
112661
104657
83564
63858
81692
57347
25017
32315
26260
96539
67620
99842
66334
50930
61778
41795
49557
100633
36238
93376
67891
50220
58360
69395
30563
79387
103140
45598
60537
78917
78299
45008
109737
51779
61623
108790
45606
86711
85542
61463
113282
88205
94522
80580
75757
113335
58353
92958
88317
84222
111465
90054
38178
62277
96686
103289
103346
99030
29332
37209
39208
111273
105789
32615
65513
76776
111230
58330
84469
91566
105151
68781
92066
31574
83171
95084
45308
104159
106477
101682
44590
34982
25343
61752
71534
97154
70506
32946
39932
68850
33207
86379
109915
30400
86825
49334
113834
78632
100481
92408
72505
69752
105026
109299
79479
74081
111193
95570
79310
50024
103907
55751
68575
95057
62297
35528
103053
36366
113503
107249
99387
108799
30561
90083
101761
60458
88847
61677
49134
109084
80346
87669
113991
60910
91036
80081
94081
58348
111975
96388
106677
96932
59451
113575
112852
100618
89268
53396
79994
104420
51435
64875
94538
70223
33236
41395
76654
87135
113601
28176
79086
96000
34706
55873
77501
92764
73922
95473
46673
51337
105272
34331
28497
98820
94609
86736
100045
81641
47494
80607
68881
83560
92265
59778
109417
73745
109459
109277
94184
83941
32858
100955
52837
75711
86817
31104
95893
65072
54812
49168
36353
34927
94074
112025
43060
91301
104542
58315
101126
106442
65857
53974
38912
46945
88066
32033
55068
64221
39031
105578
49227
59662
113045
107095
92145
55810
71626
93964
79726
86637
96484
76320
102966
46165
103481
26016
40518
105697
69301
69654
58605
67958
40795
74520
29453
112678
107379
51662
41483
60183
43652
64411
42466
60496
76688
37267
49509
54385
39895
84523
98231
103780
57305
43252
59775
45265
68883
56504
105833
62450
45936
111034
41140
40753
56078
63171
68445
113402
94769
34873
76672
93320
36071
89436
93381
49588
100039
55026
112133
76967
33234
47949
54436
94726
96328
84864
91777
75596
110530
99313
68141
78816
109597
84954
87815
96389
30599
40727
81517
101960
98132
38270
54499
37017
54232
62117
65369
83650
76667
34019
65421
73787
84219
62946
78717
96221
109509
38521
91060
57931
109784
105291
35588
92912
33662
81335
42147
108037
63876
88493
34225
86452
56421
82225
33787
33556
110577
90518
38605
40510
98223
83548
92496
36924
64199
98212
28366
44312
112770
95267
63869
98459
107018
77586
98256
63728
99918
77158
63152
102594
63425
42540
107981
41933
67464
78345
102674
25951
66959
35659
73183
113942
113658
51097
81723
78533
81859
55007
72685
92206
79645
72704
84867
74135
110956
60569
77548
77660
28354
60810
72393
58750
39518
111930
62000
44499
106941
58639
78396
88383
99741
72431
70370
66894
31476
87787
68603
55160
62025
31142
92296
89490
85778
65962
113932
40512
41171
84819
95205
111335
71567
96530
86563
75196
31646
83562
49913
66630
77277
32063
48226
26019
60171
66034
35134
96801
105797
86235
78831
49171
82964
44294
56660
72947
90349
85121
86616
47036
49137
76624
59640
114048
75469
63539
40159
49828
103072
93552
85457
90203
33786
46294
46774
97410
66504
67076
64837
99966
64280
98265
48914
66324
78314
108886
52103
97860
52591
104694
110031
72324
102810
65681
96822
80710
49166
63362
40362
113863
108252
49678
66160
85860
47451
34206
61700
94877
102587
81209
75527
33963
48973
96811
27617
55474
57436
103178
97241
82161
36836
29706
69587
67079
61750
76125
97229
49558
62440
36191
112688
55467
43319
110852
64162
80031
42864
46403
90686
35075
106411
74486
47177
46561
40540
41322
64378
69960
103130
76891
113399
76440
105032
56527
91297
67636
99141
86890
26113
59553
75964
73894
81254
77213
76354
36116
69751
45197
35550
95343
71618
101413
34111
52609
66031
98752
105960
56872
86095
55729
48007
41053
62302
83731
109502
84007
103983
110005
68014
78192
107337
76023
42874
64238
43282
90555
60754
105745
83642
111404
64449
102867
70115
97469
63086
52482
56873
100046
37486
56952
75603
61067
85078
67619
67675
108740
44526
88991
112820
86809
56840
65611
80503
103201
89737
48018
41223
53123
105548
72953
109143
113072
64969
47892
95065
95741
93826
106248
84309
94113
101843
80785
44466
47953
79848
104015
26971
90726
44680
105306
75561
35984
98486
69139
95348
49133
49108
107048
84117
112195
75777
99045
78734
85879
37655
96273
105809
73760
135463
53306
36264
78769
94968
97441
76426
109733
39139
70535
94325
84476
33442
79922
89293
61908
71012
35997
100660
54605
46029
71011
53406
31717
45654
50911
64080
111041
105882
64190
26424
106375
84502
95074
39372
44936
43614
32861
61600
47487
63107
43683
75841
103867
58893
111952
69145
95668
67855
107657
36702
91043
44244
57932
63679
111817
84740
109516
93841
99749
59323
61841
57614
85736
103767
77715
19859
79188
90168
82955
46438
38913
102942
76367
86508
109505
79088
111918
70741
109434
45820
113582
61721
35819
80098
90423
59808
98009
113987
102958
99532
71111
63290
93388
78469
54212
40365
107518
66248
38078
70835
99446
50393
98108
61571
58262
49383
33522
92466
34930
94219
63632
56522
89077
42338
65631
77987
59965
108207
56343
36246
102207
114142
64488
62141
103902
113951
100448
32558
81690
71082
29495
42796
99588
65714
44539
88313
69359
26109
91219
69478
94469
64036
112616
42728
90689
54329
100637
68985
107463
60730
66335
45254
109717
84210
35227
44964
43794
86544
86654
102386
58471
77622
102638
71524
78107
99944
113970
94725
65327
98337
97822
70758
111295
67808
109738
107371
73626
112619
49535
68117
83476
81552
103080
94007
72301
67617
32040
85406
80292
60398
94994
76003
40222
111754
105298
97611
45225
107304
61898
99782
113312
85227
111758
84949
111064
108461
77009
83358
104158
69640
47465
109821
50715
96685
40672
82948
62574
112962
74028
74909
93925
64645
57196
112370
93380
104576
80095
60463
88938
110147
69010
95926
86102
38086
26028
55326
60494
56996
29071
29501
99154
88755
78471
99168
91208
28500
80025
50176
88122
95788
73224
82801
36623
63745
55574
44128
27127
113883
43546
64885
72662
84552
47966
59648
48126
109046
30137
39013
40357
82051
47580
88223
104414
38994
88741
81508
54103
89992
104127
52552
65884
112672
68674
55867
47488
57431
50091
95209
97411
112556
69604
91053
80502
83569
88699
50627
45710
80271
95800
50430
113864
32193
48676
54500
80366
80784
100279
39395
79784
50677
95032
59966
35804
106946
47325
53610
68872
66865
67881
36670
77257
99570
99042
69344
79345
60105
56909
106188
32106
104419
97053
10525
53692
32223
30938
112050
58220
102628
108953
59434
91187
104174
113343
59133
82372
57082
57659
42360
80538
108453
17671
30499
56518
60307
80555
41873
86063
43072
60918
39163
105838
60229
67024
85105
92727
109501
31458
68880
57972
53147
57395
93126
77414
50262
106822
101937
108739
105190
78539
54624
91052
70842
36269
111269
101289
79772
41494
107516
75517
81559
62799
53256
59330
62304
96331
112363
34121
63998
88652
72348
92835
45932
60416
97275
102414
60534
76836
44178
67362
34371
82707
100254
72548
96058
37020
83311
73702
77979
96384
29413
66686
43203
31342
48026
114114
43556
73623
58515
105807
59919
101755
77157
88615
77736
33512
54936
92495
45947
77020
63065
107945
52852
87524
49067
79195
71452
81914
91582
91952
99435
46303
78976
64155
31358
94711
90141
30386
49502
49170
91032
93920
46585
44910
61023
94188
64136
93993
111010
