58162
93501
61719
38882
113044
96862
136920
83283
86281
96748
71963
24234
29787
80988
103699
78074
135162
80703
82698
58176
95792
43351
76646
88839
113640
98584
27399
6803
59314
81091
102416
103905
92616
40584
41118
72565
113933
100042
113516
41918
99964
41202
50731
77956
36624
33122
94902
60019
83345
59319
56546
61173
30991
90676
87216
112502
99146
80706
28590
30224
71537
70682
64377
56294
92097
75986
79217
78108
112282
50027
71547
108589
100032
37654
94236
81133
109197
69895
101081
54316
96887
39866
59506
96002
92207
104842
73596
60117
79843
55552
33590
89535
97553
106376
55010
38891
55412
80191
109619
99794
95955
50329
61730
55120
64391
108511
37979
53171
64272
72069
57526
105247
89204
19979
112998
78198
42078
68750
42799
65659
108392
110821
97349
107723
67476
52126
111215
97034
91016
107049
101385
111227
98744
64884
38155
27906
50704
26507
58189
107440
83790
100812
64431
32557
33304
92180
87850
92905
77564
80901
82380
100203
80773
92670
95806
61873
73295
55398
99400
51686
96900
56131
33612
32989
54217
58037
7311
35232
60481
90355
101492
60970
112026
46706
91963
89493
38995
93966
83195
95012
106761
37729
20626
46543
82052
69386
86083
58707
34122
84525
92103
51646
82895
78008
31103
52465
77606
62053
38229
29562
49387
69418
75178
62577
26693
55513
78642
111821
46621
112324
45688
86503
104610
57978
99772
52803
35912
74884
93870
83189
82368
36946
45686
62121
105267
95459
55827
37308
72584
60827
41049
33323
87457
45472
49857
106559
63215
51665
113702
108737
43706
93088
83648
32727
43712
98184
97474
92878
91532
80797
33251
103727
46063
92096
98439
45183
112192
82414
75193
34896
75854
81605
18919
70413
92102
78532
90758
90934
66467
69410
91361
57975
28624
62947
77733
48704
51745
46016
61322
110886
73637
108585
36090
85307
27382
52144
52111
65086
61408
73124
53213
23230
100647
107215
113815
109476
58412
70834
54757
89398
82005
70134
95810
66416
68098
70703
62365
86305
109668
83568
28007
46836
94899
42122
107649
48443
71785
56719
66209
114148
30872
50759
98640
84729
34123
44470
55935
107703
36798
74978
89321
36479
80205
78536
91177
82796
112705
86919
84205
29367
104946
75865
54750
27782
78963
25620
85148
40731
66471
112695
64034
107790
14194
50215
67836
99571
69835
87309
32747
81394
106492
91189
67879
54389
35299
43078
95437
70107
30587
38884
79991
34814
40155
84447
86833
58763
104117
112653
41730
92184
106187
94359
91300
107575
57249
111785
95308
110474
45200
39331
58337
45152
45536
83532
103672
42711
67074
103625
84107
109529
50497
79454
69834
107384
95794
107550
44329
89375
37433
42965
46629
103744
108519
57437
113878
62418
56910
40535
81582
106429
113899
112813
70735
91171
23820
51699
100583
63356
29629
95945
34804
70919
52941
101152
69457
30252
94434
62415
106909
58994
69377
41588
33782
52328
60035
92970
44376
97250
68337
79642
58188
73182
62818
37762
56544
94901
78054
49555
60346
51050
44583
30271
26512
45498
47894
113654
45766
110723
87749
59301
69116
58538
76915
102992
85612
111791
72794
44935
43502
33391
38044
112657
6796
70402
97793
45156
57503
95036
49341
26570
39527
75243
110442
107946
39387
34050
94295
5289
99702
88478
57340
72104
50244
88649
100295
70917
78677
75737
16556
44091
60991
40355
54970
72841
106295
81410
96952
51767
58291
75729
107358
67337
54433
71708
103669
69006
56014
49415
30797
31652
41560
101079
85781
77346
100382
106032
103849
42094
113371
69365
47802
68379
100712
55388
44132
34999
110708
81567
51849
101490
34006
98747
73957
92067
70727
100940
109443
53287
62754
96471
45287
111502
86307
36221
113831
111968
95017
59396
79521
61551
69891
32133
60837
83718
71344
68485
52225
34918
45078
69892
77141
113845
108768
61406
92441
52601
56098
53625
67245
111459
110582
99506
56641
85184
101693
58628
90440
73956
65336
98078
49120
57202
103521
106925
83101
44326
58802
63677
58269
36170
58881
73988
63091
88816
95151
91026
45755
73843
78487
55727
33449
97665
40497
46111
80556
55885
8856
89870
79833
54467
51714
82268
43333
97380
92022
69131
50076
107528
68448
91578
25728
93581
27753
91947
103059
55187
109303
44325
36876
58430
72319
98518
92620
102939
77482
49618
40074
45557
67133
49151
84480
35396
86448
71606
111603
37434
94088
55283
72306
96015
112627
76501
91220
30993
108523
37490
104474
52856
110274
42988
70985
52276
68714
70786
66507
107681
36897
50143
108358
56667
95966
94466
99878
59918
80234
73338
1831
35537
85458
62792
112309
107288
87536
40918
6455
100339
74156
60309
101597
112487
114482
46600
96622
136793
53723
78881
93967
42948
99651
87465
82274
94580
52913
63816
37884
103446
93211
43842
55643
110500
52700
86764
94921
95264
50324
48786
35054
30220
56315
58009
44753
44317
61038
47091
99266
95406
90448
113224
113637
62210
78656
92614
92940
96223
96537
91236
29747
57516
97183
110689
75753
71831
43876
72430
100983
105890
76784
79301
112388
98976
54805
43486
100486
62801
36063
88388
44022
58999
88697
65333
54022
71197
31740
109175
81621
37374
45977
98220
38251
69612
82287
61428
51036
90402
78655
113581
64426
49431
59437
80570
33740
66543
93639
35981
111056
88312
80200
104257
51217
105638
79054
94823
57505
67705
56316
88753
92755
47408
33339
85531
124419
71466
46300
86557
104646
93370
60165
88935
102232
53744
104258
75641
69387
70519
67559
109962
108179
107706
153248
46645
51268
52739
77865
62043
52466
53148
89289
81344
48718
33611
33688
30498
60622
50831
60069
94964
75755
31684
99436
63601
113728
70516
111951
27179
83584
33206
58386
88921
38790
78661
78732
87681
58235
130085
37385
111400
79841
83850
28567
78106
46903
56314
71456
85046
71182
29730
104009
104031
78783
98103
79494
72123
25525
113639
75403
59807
109346
77764
100387
56669
86741
53856
45357
69582
79420
78182
90215
33570
61432
29431
101678
71980
76512
89689
108795
112651
28123
56783
66056
110804
49892
95293
110897
30275
59628
41459
58782
96227
93246
89091
76901
97898
46668
69030
97429
61574
50763
102420
96593
74055
71589
35389
72345
89257
54929
102454
76558
106189
113136
83461
46966
86147
60694
64534
53263
110044
50721
57535
106903
41486
32686
28791
41791
112076
97436
93558
62872
62507
85266
76005
90329
109934
111289
96802
61132
55626
59834
32744
54785
59729
49938
40733
106630
100521
59450
42148
26576
32221
47097
91065
64113
66306
103005
45179
79982
67895
51178
66124
70219
84097
28887
79369
110943
40234
57919
54387
37941
113251
41898
77714
63055
35860
107869
106928
102897
75736
108008
103077
62009
69102
56234
62931
54533
52340
53417
67356
86619
102605
41321
73537
66406
54254
77017
59350
63619
104165
157291
96196
72971
85370
85255
95690
70202
39726
90199
93830
75766
110040
71113
94809
69189
99389
102034
61915
56018
80569
65705
40411
99275
39734
76873
41090
43298
80924
80783
28502
44394
112674
72241
79588
94776
61321
78109
49831
33524
52341
73092
53030
89029
62704
80120
95853
33660
105671
29369
56286
32738
92799
50424
107690
37323
105236
61998
51682
67441
69970
97830
99592
108887
111985
98891
65914
107583
35052
29214
111797
59299
99183
73910
54628
64605
37489
52475
112937
52794
64970
38082
109852
97151
106823
95210
60659
66227
61010
88923
77312
63871
86725
80714
83587
87812
86138
41218
104641
22873
50025
78757
69429
42120
80156
109924
50365
70520
45136
92376
54019
89299
85676
87726
102916
84108
105241
107875
101811
57974
76425
52604
33376
94715
42992
101825
109976
52123
78155
32768
104005
101062
44591
73177
61825
55438
105333
113955
36399
28324
80941
50241
24224
23226
80851
113123
74378
105035
89802
93859
51473
96941
89385
39173
76975
78977
85787
86977
65719
33366
113392
42100
48222
106584
58543
32797
100453
84424
110692
98390
106535
71334
63088
58171
109080
143865
39632
42558
34655
71571
41854
34163
33372
78968
61881
103115
89778
50564
56737
33937
37528
7054
138391
62212
58254
108531
85228
72003
93758
53464
31050
49593
81640
70003
42913
68855
62041
58011
109174
7387
78474
88592
81194
102481
56596
63705
87606
36161
108391
32306
69645
67340
65143
102955
53447
73751
73896
69589
106054
84318
60036
51650
64822
50310
112129
25842
77429
92348
46038
71429
78005
86815
108315
42531
97348
26594
108606
98040
107350
61960
46582
93542
110691
68845
46405
41400
38844
72861
109280
64406
112692
35720
58292
105975
70546
69842
64714
27217
60992
70686
83699
56013
28357
76247
26638
30149
101589
58250
67907
114057
55369
80505
96469
81718
32437
73174
91055
60279
63083
43453
88825
113006
76913
96884
35524
34492
57996
70391
56853
107131
86656
95845
46357
52485
73057
84505
93168
38161
48784
89685
71605
63271
52969
60378
94705
101080
77688
107420
50322
50848
53501
75308
96269
109762
70522
72838
70178
84244
89384
26863
104395
61838
77917
103401
79246
59584
67171
40945
70537
46965
110485
104116
110918
98922
111671
112250
99748
112496
33738
78130
60577
94862
82973
89731
57282
102501
93130
40383
79996
34184
45262
97245
43070
44234
107344
79128
32938
52028
87409
85719
48761
37648
80698
70759
55046
108920
5288
111771
53290
69383
95346
52994
33855
104726
94549
62865
86152
28780
64575
77757
103280
47472
35770
31546
75646
53411
94431
86548
62069
76793
98580
54488
42877
80573
75297
87909
59524
111050
37769
81303
36088
60574
99393
70899
92255
89430
44703
65241
77345
60903
42688
64510
50712
56447
105192
36791
61110
43076
100939
19294
84157
57435
94030
43116
69976
57959
73139
63874
81748
94542
109891
81919
87907
81786
61128
74370
103931
111858
34910
61675
113697
82191
98703
61178
43559
70482
55781
82361
72299
57730
32796
72842
85876
87761
86088
56117
45687
86020
58251
42555
95637
13388
105979
80712
90057
30268
94358
91444
61032
60351
40170
98842
72335
48604
41139
81637
66622
78825
56618
46967
58160
113266
71401
65419
61932
38431
72504
68400
98513
105943
113068
55715
76623
96477
112819
93724
108839
85907
33178
92537
77887
62566
61201
45241
29704
31346
52911
113820
109909
81232
42717
88698
66021
86550
89328
58483
103806
58196
84727
50610
68225
103750
13869
38872
98678
105634
97413
37763
111605
67237
32082
42502
12516
31823
49532
33719
82673
102851
31455
105269
87212
100307
50697
64899
92953
15882
77533
77092
92966
48760
116691
91299
55156
32039
55011
32992
33375
76706
9568
73015
107424
76844
52143
71403
63706
34044
90781
64732
78287
60772
92359
41792
21443
106417
97478
102614
98667
94824
80798
74652
98410
80287
80944
85048
55635
98316
91063
55683
80704
58615
63294
19296
66341
67359
40429
33359
109429
39976
98076
97791
100088
85811
55541
80592
103356
32625
36735
55816
85097
86090
103491
44899
93579
59150
98914
96602
80708
65967
48477
103332
103996
109490
69948
37015
107916
87466
73624
77228
39981
107355
107646
29366
30253
45360
108615
108893
45175
55290
66039
40183
79386
65995
30133
72960
90008
57868
2180
82290
96217
90189
47834
94966
103564
41477
89761
96947
83422
73558
35807
73178
88137
46323
88352
96105
58239
103242
57580
70782
54995
103133
88318
51836
110444
43313
66632
107333
41339
51285
104914
105623
45356
46453
108450
63523
41883
86166
71114
90330
40311
56438
32945
54517
92979
13156
100771
99044
45283
64317
32410
98284
32743
81846
70692
75550
104218
101049
108068
93010
30233
45142
51271
104813
27410
80398
87696
69059
102787
42199
58958
99027
111111
85756
98479
28941
32664
74995
100502
101127
105748
80775
23815
51642
107143
42861
75117
78117
69355
98080
79435
109829
90216
135951
28455
113689
35830
80509
50111
37475
75271
71768
41622
93560
109324
36708
92713
66641
52461
74309
30396
58004
42180
1832
77895
86383
93880
59714
109975
85231
107307
44543
94462
18423
62807
100154
68844
80105
86224
59414
85145
62448
80464
88857
54253
19295
81030
77500
105001
49757
32235
44232
47165
113535
85115
56227
51876
56381
47204
45621
57981
38789
64379
57800
60271
109918
23328
36567
59650
85232
92389
67053
67638
92100
93995
89475
98683
56503
79400
69894
40515
51022
61984
96055
40736
39978
94288
38302
41867
37364
89727
104649
41069
112280
36886
89019
57470
37217
73620
41262
91594
111026
110703
17736
66957
106978
30467
81045
65786
35954
91042
58075
88326
80603
34359
49827
