58162
29787
40584
33122
90676
28590
75986
112282
37654
39866
33590
109619
52126
64884
27906
51686
60481
46706
38995
69386
31103
77606
62053
46621
51665
98184
70413
110886
36090
107215
113815
95810
94899
50759
44470
89321
36479
84205
29367
95437
58763
107575
95308
44329
108519
34804
69377
110723
88478
88649
44091
60991
71708
103849
100712
73957
34918
111459
73843
55885
97380
72319
66507
112309
87536
53723
78881
86764
62210
78656
105890
78655
47408
33339
88935
104258
75641
89289
81344
33688
70516
88921
71456
98103
109346
71980
61574
71589
110044
41898
67356
96196
72241
49831
53030
35052
59299
112937
42120
61825
23226
39173
39632
72003
31050
81640
69589
60036
61960
46582
110691
69842
56013
43453
96884
56853
48784
107420
103401
46965
110918
107344
103280
75646
59524
60574
44703
60903
105192
72299
105979
96477
31346
98678
31823
55156
76844
63706
55635
98316
55290
82290
88137
58958
80509
52461
62448
59650
40736
111026
66957
80603
34359
