79033
72456
59348
60301
96271
85124
53977
34868
31456
110506
41996
33954
79890
110657
77105
100752
58611
75685
48019
68217
32148
108254
85859
34925
85729
78455
90571
102197
40926
72922
75902
55686
114069
76102
64910
80604
59849
105023
111796
93918
69539
77054
43071
98297
100251
107593
47847
35074
94376
101298
96575
52538
74860
111347
97399
69221
84000
112723
81214
77187
103495
52801
65637
50396
100537
90259
93773
69472
95269
52992
77279
64321
84201
66486
42876
110095
107272
62333
61798
67403
113240
103119
57213
69326
62008
65969
59420
113774
83788
28905
80678
58803
109291
97685
71604
45711
74914
45842
90830
42824
81624
108867
96358
90718
87656
46713
80026
83003
82618
95142
66244
29355
80071
105301
39572
92817
54788
90231
97591
28115
32624
64802
60044
105443
60692
66976
83575
86123
84649
76831
59747
104400
38899
38892
111365
75569
33664
44331
70857
67508
37319
104402
37004
93860
87408
90166
109286
70948
108386
79749
97823
72970
65508
47376
53544
96275
101901
47255
57356
97473
94176
101689
33174
62392
65622
75423
38331
63293
52643
102044
110337
100314
111710
86985
62428
80187
89793
70737
60462
51594
113237
54332
74376
83567
86236
40891
26114
63543
71137
69118
46182
90581
58637
40513
65701
98894
87494
67335
109155
84220
60222
53733
51897
33998
90615
34309
109326
76941
111004
74029
64405
58514
48837
72248
92068
112071
106713
82097
95859
86262
70776
72581
92211
113041
71796
70171
83273
51170
64434
47937
93451
110050
74374
103534
109176
89127
42074
81500
99853
113373
47347
100034
82431
53641
83413
67673
53626
62791
32093
43738
62951
72925
44599
101163
40749
77019
66012
63541
58468
29820
90396
70263
102266
104742
91015
104962
73771
110407
104938
98685
34712
108754
62454
97068
107576
54518
86816
102993
89851
63492
88231
106855
74484
56440
56523
74663
66238
52929
30945
86982
80084
78114
92967
63280
46059
98936
75182
54435
85886
80995
91001
30748
56023
38774
32349
111378
102378
65679
104047
35202
64539
81924
65326
67409
37375
104232
100425
39570
65073
64288
52590
61580
89816
91038
31791
62352
60297
38348
71766
63605
55940
83355
38019
36111
105480
