97614
52742
114074
77911
95246
49682
110887
73065
60682
29268
808
49198
111753
76577
83213
68179
110490
43235
50129
74605
30779
75987
64532
57210
34932
92625
103066
56319
46483
66729
96445
28688
39628
69936
66229
92084
85011
102222
73197
61199
108496
91267
107055
76608
70244
45176
110313
43680
68983
56981
35949
49684
100736
89952
107641
57643
110102
96441
59970
34187
73272
97498
70555
66997
43863
107403
60805
62287
113604
58100
84746
44761
32107
73275
111696
72129
72225
136774
27082
79040
57731
105997
54259
101319
37531
60310
97866
34555
80149
94676
77250
70305
102512
111205
44479
47699
96649
60383
47714
107644
90845
46604
110720
70521
70389
101944
112418
52452
68295
84432
81512
113851
56942
97692
66223
48754
61972
64006
51496
108734
83339
87637
108378
90553
105625
99307
80910
60986
95018
73769
52268
60115
104844
42396
112257
58702
80445
98082
103498
96438
28435
99290
111601
104445
42801
91949
53945
83848
69757
110413
93431
45696
79278
94207
110056
100899
39447
92558
111760
111884
109565
37052
58754
34674
43746
102019
104403
33668
39961
51341
42600
71816
45981
37913
57226
53827
52065
104517
123330
52812
99315
27008
98918
105530
65964
44154
91853
113623
46379
96429
72621
91885
48316
52838
64259
68544
62230
91708
107647
76486
112553
105430
65910
77880
83576
28528
72796
48727
89106
110427
67112
46955
97962
78139
62858
70590
99303
28295
85349
69226
88471
26975
85802
42458
62886
113977
31504
81763
74011
36825
76340
47120
81903
95518
81112
86257
40316
57429
68894
112696
42295
97273
36211
43359
88057
22821
96409
89343
22768
110145
94083
37329
90975
64192
72218
96032
79108
50523
37315
37790
47435
89849
88302
98915
83594
51394
79591
38917
57893
71259
53874
54368
57829
89255
56485
51507
86606
102255
87998
79388
98854
46494
75493
93097
69874
100699
62072
88927
70561
35640
55105
98835
96772
80350
46514
31563
48013
41879
74186
82325
107217
101534
112716
28895
46015
99773
60657
112289
68425
105643
47710
86675
113023
111187
106637
60836
109911
113517
113690
33030
111278
83997
37428
113152
93019
103664
49875
55554
38672
78456
94014
91926
49054
81950
60593
47067
57891
69191
37045
55294
100278
43525
38861
105509
86008
113241
106886
36474
74665
58405
100381
88166
56731
35612
150887
61665
74197
112242
113600
101077
77944
40936
32443
87841
35852
78891
61281
47194
52157
107784
84624
55436
41756
58333
111874
108367
81150
55262
108277
47200
102655
88387
55744
52874
58832
45547
35552
66604
43363
95750
47118
62288
62338
95568
73673
67097
112925
75008
72691
40478
33837
85608
57446
39304
88891
34718
113142
88612
83446
46609
77098
45051
30866
89803
101318
65704
29889
56657
67465
75779
86439
93099
38077
99085
73351
81407
72509
74478
22822
97430
58557
93098
52133
89440
71631
52962
103697
79504
108699
18022
75317
65332
64312
77210
83095
106088
113035
49335
100522
59405
58420
31752
71832
55111
48518
