96748
71963
135162
82698
76646
113516
112502
50027
71547
108589
92207
60117
55552
99794
61730
55120
68750
110821
98744
50704
100812
92670
95806
99400
33612
54217
93966
92103
49387
78642
86503
57978
60827
87457
45472
45183
57975
28624
48704
51745
85307
61408
23230
109476
58412
66416
109668
30872
84729
34123
82796
64034
87309
35299
38884
91300
107384
37433
42965
106429
51699
52941
60035
79642
62818
51050
47894
72794
43502
33391
38044
95036
54433
31652
85781
113371
44132
83718
68485
77141
92441
53625
110582
56641
73956
98078
49120
57202
103521
58802
82268
68448
25728
93581
98518
40074
35396
86448
111603
108523
104474
35537
85458
42948
63816
35054
44753
113224
92614
92940
91236
43876
79301
100486
65333
71197
45977
69612
35981
67705
88753
85531
60165
70519
67559
109962
99436
63601
38790
78732
104009
78783
79494
86741
79420
61432
29431
96593
102454
46966
60694
85266
61132
54785
45179
67895
28887
102897
53417
66406
59350
104165
90199
110040
61915
56018
80924
28502
112674
79588
52341
56286
32738
105236
98891
64605
109852
60659
88923
86725
87812
41218
104641
22873
50025
50365
54019
101811
28324
51473
85787
65719
106584
32797
84424
98390
33372
108531
102481
67340
73751
73896
77429
86815
58292
70546
70686
58250
80505
73174
60279
76913
60378
50322
50848
70522
89384
104116
111671
78130
89731
87409
85719
70759
69383
52994
64575
77757
94431
86548
62069
36088
99393
70899
50712
56447
69976
109891
103931
111858
61178
82361
86088
42555
40170
46967
108839
85907
62566
81232
42717
88698
103806
58196
82673
31455
100307
77533
80287
55683
44899
109490
69948
77228
107646
66039
65995
72960
41477
73558
103242
41883
32945
92979
99044
93010
107143
69355
109324
92713
109975
86224
105001
56227
56381
57800
67638
40515
38302
41867
37364
104649
57470
73620
106978
30467
91042
