52008
57559
98665
78978
98264
84209
69532
108521
68421
67372
77224
49624
63050
74973
38158
75456
107689
47724
49451
65182
88229
56468
92574
112914
111117
111789
29500
32030
38089
108724
77876
50432
90579
105972
113768
105469
54861
32734
72483
99596
84933
90283
42773
75982
105472
40069
52099
74148
66193
59086
68864
108423
62875
77749
62971
89818
65356
56031
73938
102882
24817
106322
74852
85371
92424
98664
24587
86646
36194
88756
94535
107860
44698
105343
74235
43617
93128
85978
29347
35320
72820
84446
77800
63072
14930
110461
55469
72549
53089
37037
97691
46411
74906
86277
49209
104231
86940
32864
68745
107851
77889
60252
53888
44249
59802
45630
26458
75600
46265
109920
37007
77546
85317
91774
93641
65439
97637
77502
107140
95097
109873
105056
44785
84281
128833
62893
93365
38847
99196
50749
61008
82228
93395
101621
53341
72146
50857
87150
86649
91807
94965
86244
95704
32936
72701
85284
76375
88403
78834
33071
30306
66835
81808
104621
38791
47482
