40153
69343
33439
110414
113938
25775
80668
108516
43049
89683
113975
102720
40230
72964
99573
77248
60902
70840
63221
76963
100794
41880
54099
109478
54335
54034
70829
56720
47062
52814
39162
41378
73326
57929
47092
90674
70483
113525
110144
67370
55860
108309
107461
57530
106173
58622
56914
65697
106948
34623
88235
92216
24266
72539
101050
110715
103132
41349
66716
99167
56673
102833
103489
38916
58296
69975
85743
58484
103141
79462
32710
106800
73605
44414
90331
34944
114085
46834
95009
53971
111225
71034
101323
36950
50996
100204
60769
93573
98145
57612
98258
112077
99763
74899
75079
59412
100040
76345
33526
94507
103144
66409
75810
58358
95703
79775
45158
66157
67927
100309
45769
50145
90197
57990
75689
67355
28235
53959
70058
104647
30434
90354
69596
86211
47492
57988
67458
93613
64531
52757
50264
32154
100257
69242
36893
53159
78003
84118
109069
95394
92957
105905
89724
69845
47519
98621
82739
109290
67050
99996
101847
72305
110273
66977
80498
79419
98514
81611
57067
32433
46867
86531
51944
55830
60792
30800
71130
65635
66472
87504
56539
59818
77028
77789
72355
53120
104164
62385
86552
58052
32174
72758
40572
74705
89080
109123
59588
30385
93612
60254
98566
101508
108422
92506
120357
50668
76606
73354
34307
100250
51554
80302
95777
31390
97547
45137
99077
85101
68307
27678
71112
55798
34364
41587
64541
31645
104953
40579
109963
103574
57423
100461
41238
102555
46537
73392
41424
77139
104161
103508
58241
69295
49246
42978
113406
64810
103142
85358
33368
86950
84857
99031
72242
51666
62589
108942
62771
107110
77006
