42564
97614
52742
32097
27843
114074
92131
77911
95246
49682
110887
73065
60682
85007
29268
808
49198
111753
35433
55511
76577
83213
58767
52850
47000
68179
56740
110490
43235
50129
74605
30779
82407
102328
75987
64532
57210
46957
50207
34932
92625
109179
103066
71782
56319
46483
66729
96445
28688
39628
69936
49195
66229
87060
92084
85011
95221
102222
73197
61199
108496
91267
103667
107055
76608
70244
104908
37556
45176
110313
112650
43680
104171
86276
68983
57119
56981
35949
49684
100736
89952
107641
57643
110102
96441
61336
108879
47753
59970
34187
73272
29428
88864
96625
97498
70555
56955
66997
43863
107403
60805
93243
62287
113604
58100
84746
51794
105435
44761
32107
73275
76174
111696
72129
72225
136774
27082
79040
69382
95220
57731
104484
96777
105997
54259
101319
37531
60310
97866
34555
79524
80149
60619
94676
77250
70305
102512
106878
111205
50900
44479
98702
70266
47699
75410
78357
96649
60383
47714
107644
90845
108036
79464
46604
110720
70521
70389
101944
112418
34943
52452
75061
68295
84432
81512
113851
96143
96277
56942
97692
54438
68987
66223
33214
48754
61972
48225
46298
32412
64006
51496
90564
106367
108734
83339
35631
87637
105404
108378
90553
33216
105625
99307
80910
60986
95018
68087
73769
52268
98733
60115
104844
42396
112257
58702
80445
47914
66817
98082
101052
103498
96438
71426
73140
39258
28435
58417
99290
104220
111601
104445
99908
42801
91949
96843
53945
33978
83848
93748
50854
32665
69757
110413
93431
45696
79278
94207
110056
100899
39447
90777
59053
92558
88537
111760
46199
48472
111884
109565
37052
37640
58754
34674
43746
102019
104403
33668
30754
39961
97709
113181
51341
61725
42600
71816
45981
37913
29955
112514
57226
53827
52065
104517
38306
88867
123330
52812
77407
42802
99315
27008
98918
101552
71337
91638
105530
65964
79204
44154
80254
91853
113623
105514
46379
77222
66575
96429
86612
95686
72621
91885
48316
52838
64259
68544
100418
62230
33065
91708
107647
76486
112553
103579
92514
105430
65910
69384
28436
77880
83576
43126
28528
93241
72796
113710
48727
89106
110427
67112
46955
97962
78139
112785
62858
70590
99303
56157
75331
28295
73070
85349
104358
110363
68897
69226
88471
26975
85802
42458
62886
39886
64728
113977
103479
57283
31504
38218
32543
81763
91259
71504
74011
51502
38255
29336
36825
38868
46771
76340
47120
30294
81903
95518
81112
86257
40316
57429
68894
112696
89787
42295
97273
36211
106854
43359
88057
22821
96409
89343
49142
22768
110145
94083
37329
90975
64192
33758
72218
96032
79108
50523
108407
37315
37790
40043
47435
89849
88302
61431
102267
98915
102230
83594
51394
50655
93219
79591
38917
57893
71259
76466
53874
54368
57829
77442
89255
56485
51507
86606
35978
102255
87998
79388
98854
46393
46494
75493
94710
93097
28384
69874
48000
100699
85804
98520
62072
88927
70561
82642
80047
77976
35640
31348
55105
67788
98835
96772
80350
46514
65852
31563
48013
41879
74186
82325
107217
67325
63006
101534
112716
111923
77988
81576
28895
46015
99773
60657
61865
112289
112747
34362
68425
105643
47710
113278
86675
113023
111187
111870
81682
106637
60836
109911
112200
113517
113690
33030
60613
111278
43977
83997
37428
89426
113152
93019
83201
103664
49875
55554
33438
38672
78456
94014
91926
49054
81950
60593
47067
57891
69191
37045
55294
39898
81877
100278
112769
38062
47199
43525
38861
105509
86008
66999
113241
58492
30380
73363
106886
36474
99156
74665
80928
58405
49006
100381
88166
44235
56731
35612
107208
60560
71672
150887
61665
74197
112242
113600
101077
77944
40936
55768
35654
32443
57150
87841
35852
78891
61281
47194
66951
74925
72713
52157
107784
84624
55436
41756
58333
111874
108367
78356
109292
70847
81150
55262
38289
108277
47200
102655
88387
85638
44563
90068
55744
52874
103128
58832
45547
35552
66604
43363
95750
31040
47118
79735
62288
62338
95568
73673
67097
28356
95197
112925
75008
72691
79562
40478
33837
85608
57446
39304
88891
34718
113142
88612
28282
83446
46609
77098
37050
45051
60522
55735
75273
30866
90659
109323
89803
41827
101318
65704
51049
55482
58788
113744
54166
53584
29889
56657
67465
91924
42408
101264
75779
86439
93099
38077
99085
73351
81407
77864
72509
92245
74478
47017
93582
22822
41739
97430
58557
100202
93098
35510
52133
28651
89440
71631
85783
52962
103697
79504
89545
108699
18022
107743
75317
99019
65332
64312
77210
83095
106088
113035
49335
103087
100522
59405
58420
43327
31752
71832
55111
92209
48518
