79033
72456
60301
96271
85124
34868
41996
33954
77105
100752
75685
48019
68217
108254
85859
85729
75902
76102
64910
80604
59849
93918
77054
98297
100251
107593
47847
35074
96575
74860
112723
81214
77187
93773
95269
52992
77279
64321
66486
110095
107272
61798
67403
103119
57213
65969
83788
28905
80678
71604
45711
96358
90718
46713
95142
66244
105301
39572
92817
54788
97591
32624
64802
105443
60692
66976
83575
86123
84649
76831
59747
38899
38892
111365
44331
70857
67508
37319
104402
37004
93860
87408
109286
70948
108386
79749
72970
47255
97473
94176
101689
33174
75423
38331
63293
52643
111710
86985
62428
70737
60462
113237
54332
74376
83567
26114
63543
90581
87494
67335
84220
60222
53733
33998
90615
34309
109326
111004
58514
72248
106713
82097
86262
72581
70171
47937
74374
89127
81500
99853
113373
47347
100034
53641
83413
67673
53626
32093
72925
101163
40749
63541
58468
29820
90396
91015
104962
110407
104938
34712
62454
86816
102993
89851
63492
88231
106855
56523
30945
63280
46059
54435
80995
91001
56023
32349
65679
65326
61580
89816
62352
60297
38348
63605
