50517
94389
104723
104016
72233
35985
74130
105361
70162
80647
72344
45286
83647
105450
107656
82165
84005
45268
45938
54032
81419
68267
88370
78736
76900
71475
33872
87004
65466
91064
30254
109024
95393
41393
78523
89722
47650
72365
85930
43819
55485
105323
78400
91396
39940
96361
111231
102043
87746
109126
79792
98107
113076
31182
103457
106708
94989
32315
67620
45008
45606
84222
76776
58330
84469
92066
31574
72505
69752
74081
62297
113503
107249
101761
60458
58348
96388
96932
87135
95473
83941
32858
31104
54812
112025
104542
53974
55068
46165
64411
56504
112133
76967
78816
96221
110577
64199
63152
107981
81859
55007
72393
62000
106941
31476
85778
113932
40512
96530
75196
49913
66630
96801
85121
75469
49828
67076
108886
49678
57436
82161
105032
86890
77213
45197
34111
86095
110005
37486
48018
105548
109143
64969
84309
94113
101843
98486
95348
75777
70535
111041
106375
84502
43683
58893
95668
36702
86508
113582
35819
59808
71111
54212
40365
38078
56343
114142
44539
90689
45254
86654
98337
70758
112619
60398
85227
111758
57196
88938
69010
29071
50176
88122
73224
72662
84552
82051
47580
38994
68674
57431
80271
50677
56909
32106
56518
67024
57395
50262
78539
53256
96331
112363
60534
100254
72548
59919
99435
90141
93993
