82186
57401
56842
61695
51759
43524
112090
79630
35348
60006
100131
51161
106832
41084
65539
79629
75666
49245
33897
41590
41044
44342
71338
49778
79150
98325
88521
11730
64222
112730
88200
58507
81860
90235
41387
38267
97307
107873
94926
62188
81720
29984
86380
64571
57363
67647
65984
100815
93403
99312
89172
101482
109332
77199
29702
73221
73020
88347
20012
96234
107498
86471
50686
106397
79237
70913
84470
64550
93158
54606
77121
50703
61977
65517
47379
59624
95060
87272
64164
82540
102445
88754
31568
67169
79235
93999
82903
42666
54877
132680
84813
61988
100542
102374
40054
90393
122761
45856
105428
98217
101317
58993
84282
26391
101281
76422
81198
105186
66528
67108
82900
17877
50957
69777
103396
45083
68522
70867
70419
22272
87113
75495
85593
81713
94736
34038
70868
71893
83580
35673
49260
78369
111705
89850
84278
113137
95058
81717
23338
110560
89020
61501
33956
65779
50614
104748
54097
105909
27353
82795
80844
33446
94379
67875
81426
78598
69162
42878
96226
64232
27182
98830
92829
88788
61815
45171
95056
79091
105121
66085
112215
59403
61741
42753
88683
87906
46084
57911
84280
104452
99873
85256
91362
113133
111089
92857
105184
89194
90995
47299
46958
36021
108399
21527
38506
91640
55028
42063
46981
109283
16677
113852
89230
67896
95335
39289
28997
141697
109637
78257
61527
37362
71992
42567
41688
37830
50966
96670
27086
67393
62185
30859
100887
81309
108084
73546
83033
102731
65191
49984
80786
72080
77014
86228
92693
109669
63357
36423
36321
94573
33909
56901
22958
96136
113158
99308
34422
62992
78298
50488
75728
58530
76327
66105
45787
31769
50895
105102
97629
32160
59428
60381
109782
76336
101957
60913
88639
104991
90828
71660
39651
102375
108909
40850
35449
71278
76428
87830
46646
108088
74951
112368
50522
48947
98395
106759
57729
109060
105369
90826
99601
111698
57397
65146
36395
98987
80519
89830
54196
112895
60558
113797
39236
44078
79755
56999
68860
102191
27282
34305
76753
15339
87503
38871
75515
58258
46989
88155
71008
73684
28849
37649
68625
58612
94889
35452
50485
38179
62721
79789
60414
56206
40652
113508
103864
29992
51205
91668
73563
76254
79628
65706
88804
84039
79220
29729
80311
50077
20010
62311
34480
81186
105344
44792
63817
65707
78718
32939
105683
84284
66086
94570
42354
60679
57823
58937
56636
96525
109840
66079
109343
142535
49071
53197
47124
89621
60447
108680
117893
88491
85957
52412
105254
38519
79551
89534
95821
30274
88266
39034
81522
34372
66019
60804
83553
35558
54071
97341
76009
38194
31356
82535
78476
54076
55670
108129
45978
71116
48051
106555
64901
87507
47289
110269
79149
39081
37324
77816
107524
36911
54439
107097
71462
76433
55025
83612
