40153
89141
69343
58162
16237
112210
93501
87236
61719
38882
33439
53623
106813
93699
113044
96862
110414
136920
74987
75961
83283
100305
86281
96748
43369
71963
40077
49135
39870
102919
113938
24234
87188
99747
25775
29787
80988
103699
94654
78074
135162
45205
30649
92903
80668
80703
63735
55555
82698
58176
95792
59810
49181
44427
43351
43226
50517
90779
108516
105229
113080
89937
76646
45535
70849
88839
113640
107552
100915
40747
73421
98584
34901
27399
43049
6803
77900
63358
85015
59314
114064
81091
64632
76098
71519
102416
103905
51035
92616
72710
80093
64258
58547
40584
41118
39485
107907
72565
46445
113933
100042
113516
41918
85054
99964
40220
89683
90606
28318
61699
41202
103987
94389
78610
50731
77956
90523
66980
49653
68010
36624
82800
74102
33122
33532
106296
94902
113283
98441
60019
97365
83345
90922
32798
59319
56546
105166
61173
32626
108126
30991
90676
104451
87216
28340
112502
99146
113826
104723
39546
80706
88679
97471
28590
30224
71537
104016
70682
64377
56294
88654
111880
23938
93497
61000
82638
91812
72233
92097
75986
51603
35985
79217
78108
112282
37760
110359
32737
113975
50027
87730
50078
71547
108589
39018
100032
37654
44246
29498
40148
94236
81133
74130
78813
54400
109197
69895
101081
85492
85714
105361
44581
30393
102720
40230
54316
96887
73862
39866
73348
59506
39390
92832
59798
94967
96002
92207
52004
95298
49826
104842
45537
73596
32551
60117
65814
79843
72964
61419
83910
61565
99573
55552
33590
89535
45164
97553
106376
53603
59815
75533
55010
38891
55412
70162
77248
80191
109619
99794
95955
50329
61730
77013
113679
60902
39334
55120
106997
64391
70840
108010
108511
37979
53171
53500
64272
87388
63221
72069
63275
57526
106976
72135
110380
105247
89204
30339
98694
84225
76963
19979
93892
71916
38117
112998
100794
62211
108091
78198
78390
42078
68750
28806
94003
36163
42799
79300
65659
65762
100344
41880
108587
108392
55359
61816
72142
38337
45520
98769
110821
97349
107723
29293
87258
105005
65504
105587
54099
67476
104654
52126
111215
67610
97034
51014
54925
83726
108559
109478
100328
91016
54335
47853
59452
94409
100364
54034
100581
95141
107049
101385
111227
48380
54367
98744
91878
113812
64884
107803
38155
27906
41484
105010
39265
50704
56394
70829
26507
53402
58189
69775
107440
80647
58827
97992
83790
100812
25649
64431
72344
32557
56720
105235
66473
33304
104713
86938
45604
92180
35615
79668
87850
92905
67837
77564
80901
47062
58809
91649
108246
45286
106210
102286
68351
94334
93941
27080
67479
82380
100203
80773
71131
88986
92670
74993
44547
109413
40409
95806
55302
61873
73295
32451
52814
55398
99400
58185
105330
109520
51686
83647
43323
84397
33354
96900
65808
56131
33612
63739
32989
107530
79155
54217
105450
58037
24259
98826
71851
66833
7311
105962
35232
60481
90355
107656
104112
64535
101492
51561
60970
112026
46706
82295
91963
37213
50720
39162
89493
38995
93966
83195
103227
108591
95012
79815
106761
99034
37729
20626
46543
82052
70409
74387
69386
86083
58707
68870
99833
34122
77195
113552
84372
101713
100252
84525
41378
14344
77915
54998
58167
75333
76607
92103
51646
82895
82165
78008
31103
73326
61030
47343
52465
84005
52830
77606
76892
62053
78880
111181
38229
29562
49387
69418
33369
45268
94807
72597
75178
93206
64342
102273
62577
80518
50089
29241
81027
34304
51360
52230
26693
55513
57929
78642
111821
46621
47092
112324
45688
86503
90674
104610
57978
107482
79191
70483
99772
113525
52803
54096
35912
86254
54961
74884
93870
58286
93759
83189
97090
82368
36946
70359
61397
110144
45686
62121
76611
107868
85045
78234
86416
66774
105267
95459
55827
37308
72584
60827
97466
41049
33323
84724
87457
103171
67370
95636
42752
45472
49857
97704
91190
66117
106559
113901
63215
92302
109563
51665
113702
104695
86778
52556
108737
67334
68371
43706
93088
83648
32727
43066
45938
57371
43712
45055
55860
98184
97474
63800
108309
92878
91532
80797
98143
94825
33251
78441
103727
111166
92758
91443
46063
107461
92096
98439
45183
112192
82414
80246
75193
80192
54032
58584
64383
53410
113712
34896
98494
75854
44592
81605
57394
98322
81419
18919
33957
70413
26096
51568
68267
60102
56767
92102
78532
47820
67058
90758
88370
90934
66467
69410
57530
111027
91361
69220
57975
49444
75901
62238
32172
28624
62947
106173
49956
35228
77733
48647
39624
45077
74176
48704
78736
97550
96355
113105
42179
60738
56119
66956
51745
65613
105973
58622
46016
61322
110886
109847
73637
77154
76900
108585
71475
93171
100609
55322
36090
85307
27382
56914
48239
52144
100704
58599
52111
65086
61408
54760
37786
73124
53213
23230
100647
65697
107215
88645
85718
105581
111129
113815
112625
109476
58412
70834
54757
89398
48726
33872
82005
70134
87004
100763
112306
106948
70300
94006
76498
65466
95810
92490
46388
66416
68098
109760
56979
105125
86588
70703
58214
34623
62365
89415
86305
58406
109668
79119
88235
57128
109779
107958
88525
83568
79945
28007
90855
67078
92216
46836
50071
68289
94899
42122
106670
107649
48443
104854
71785
47303
54090
103073
69811
56719
66209
44754
114148
24266
30872
70836
24676
50759
72539
65989
98640
84729
101050
34123
28914
44470
24133
55935
107703
29017
36798
74978
91064
89321
36479
30254
60280
95124
111911
80205
78536
91177
82796
54831
71544
62793
112705
86919
36601
32922
84205
60616
29367
104946
75865
76100
110715
64324
54750
73396
59552
27782
78963
71498
87846
77981
25620
96370
77955
85148
59612
61009
102281
65748
109024
40731
95393
87492
66471
94200
112695
64034
106010
107790
83518
14194
72958
50215
67836
99571
75174
69835
86901
87309
32747
98339
62952
41393
81394
106492
72932
40056
80403
85210
91189
67879
78523
52924
42805
103132
43735
42202
54389
35299
89722
48275
98438
102039
47650
43078
95437
70107
30587
84111
93938
88931
38884
79991
34814
98210
109089
40155
44231
59035
41349
106874
84447
84103
60099
48080
86833
58763
104117
112653
41730
92184
106187
94359
80263
91300
107575
56258
59894
32627
74833
57249
107326
96283
54889
111785
66716
95308
87304
110474
100790
45200
99280
106693
79042
96521
72365
48138
85930
39331
85446
75179
58337
86878
45152
45536
83532
103672
42711
43498
79511
40363
60500
67074
103625
99167
84107
109529
78218
38166
50497
79454
43819
108640
67746
69834
107384
95794
56673
87931
94020
78857
105990
90450
55485
107550
90095
102833
33248
52925
37934
103489
44329
82597
82333
89375
107866
37433
38916
54313
55815
58007
42965
105323
41032
58300
46629
103744
43925
108519
57437
113878
62418
62351
56910
78400
50835
88739
86610
40535
88381
58296
71471
44501
47024
50746
73916
70009
83174
38862
99967
34969
111642
81582
67919
91396
77797
106429
112130
113899
64369
41173
112813
70735
39940
91171
23820
51699
87506
69975
104678
41671
82394
45925
74830
91514
61794
100583
80770
27921
85743
56594
69636
32794
63356
79783
96361
29629
58484
113746
33254
95945
34804
70919
75139
109067
60620
49765
55099
52941
64806
101152
36980
111231
103141
61024
69457
30252
103114
94434
62415
49193
58359
57705
45289
106909
57263
58994
76213
60831
79462
32710
69377
41588
33782
106800
52328
60035
92970
102043
85038
47442
84637
87746
39764
44376
97250
68337
79642
58188
73605
101938
32255
73182
62818
54010
42207
37762
109126
112070
69615
63462
91367
50724
91021
61363
56544
39936
94901
78054
66212
49555
60346
51050
104021
44583
45834
30271
90825
51608
100000
26512
101125
112366
100539
45498
47894
79792
67090
113654
45766
110723
87749
44414
59301
69116
58538
50113
69616
76915
102992
112700
68871
94527
85408
43346
84929
85612
97054
107627
48125
92715
56616
52525
32790
90331
46244
111791
72794
44935
80755
48627
102887
72860
43502
70859
89190
62350
70476
67567
34944
33391
91560
40890
95784
50404
98107
114085
68182
109350
62429
38044
112657
32589
6796
92834
112894
70402
97793
113076
58464
45156
82429
87842
57503
95036
39345
94372
91186
49341
26570
96536
39527
75243
110442
107946
31182
39387
34050
94295
97874
70170
103457
5289
46834
99702
72059
106708
95009
88478
63678
47609
67229
57340
72104
50244
88649
64390
94989
100295
35822
79882
107837
53971
46020
53594
59696
70917
105250
78677
111225
112661
104657
83564
75737
63858
16556
71034
44091
68617
54672
60991
89609
40355
54970
81692
57347
25017
32315
72841
106295
81410
99325
102912
26260
96539
96952
91536
67620
99842
51767
58291
75729
107358
73323
67337
54433
66334
71708
103669
69006
50930
61778
41795
49557
56014
49415
30797
72109
100633
36238
76272
101323
93376
69328
31652
41560
101079
94816
85781
96819
53404
37470
77346
112988
100382
106032
90869
67891
50220
72088
58360
69395
103849
30563
78217
42094
79387
113371
103140
45598
36950
69365
60537
78917
80274
78299
45008
109737
47802
51779
68379
61623
108790
100712
45606
55388
44132
34999
95844
110708
81567
92019
51849
58039
101490
86711
59688
34006
85542
33406
61463
101619
98747
29312
95149
50996
73957
113282
88205
92067
94522
70727
80580
75757
100940
68838
107724
109443
82009
36875
52968
112665
53287
113335
82854
62754
96471
58353
45287
92958
88317
84222
111465
99142
90054
100204
66930
38178
62277
96686
101614
103289
111502
109334
110587
103346
99030
60769
86307
36221
27990
29332
37209
113831
111968
39208
95017
81333
93573
111273
59396
105789
79521
32615
61551
108617
69891
77754
32133
60837
65513
83718
105433
73743
83480
109512
71344
68485
52225
76776
34918
111230
58330
84469
45078
91566
105151
69892
68781
92125
77141
82427
92066
113845
31574
108768
35977
61406
83171
92441
52601
101107
56098
108416
98145
36298
84018
95084
53625
45308
55372
56509
104159
106477
101682
67245
111459
44590
34982
110582
25343
61752
71534
99506
97154
96478
70506
32946
39932
56641
85184
68850
56564
33207
86379
37639
56429
109915
30400
101693
58628
90440
86825
90756
71232
108385
73651
49334
113834
78632
73956
67454
81811
65336
57612
98078
49120
100481
92408
67957
72505
57202
103521
98258
69752
96404
106336
106925
72020
83101
105026
44130
108266
44399
112077
44326
109299
99763
79479
74081
58802
63677
111193
58269
95570
36170
58881
73988
79310
63091
88816
36186
50024
95151
103907
50964
99700
91026
104045
45755
55751
68575
74899
95057
75079
73843
78487
55727
59412
33449
71002
97665
40497
46111
72511
80556
100040
55885
43607
62297
8856
35528
92540
112208
43077
89870
103053
79833
82007
36366
113503
107249
99387
79819
108799
54467
30561
51714
90083
101761
60458
82268
88847
43333
61677
97380
98623
92022
49134
69131
50076
109084
113359
107528
105639
68448
80346
102841
87669
113991
91578
60910
25728
93581
27753
91209
91036
80081
91947
103059
55187
109303
44325
36876
68865
58430
94081
58348
138807
72319
98518
92620
102052
102939
91374
60125
112478
111975
77482
96388
90749
106677
49618
96932
68675
40384
40074
59451
99328
45557
113575
67133
112852
49151
100618
84480
45052
35396
86448
59239
71606
111603
37434
56741
89268
86991
53396
79994
94088
104420
51435
64875
55283
72306
96015
112627
94538
70223
33236
76501
91220
102899
88767
30993
41395
108523
76654
87135
37490
113601
28176
102505
79086
104474
96000
34706
55873
52856
110274
77501
42988
70985
52276
92764
73922
68714
41624
75350
95473
46673
99347
103502
70786
66507
111276
107681
51337
31892
36897
105272
50143
82784
76345
34331
28497
53155
54216
108358
98820
56667
95966
94609
94466
86736
53598
99878
59918
80234
100045
73338
1831
81641
47494
35537
85458
80607
62792
68881
112309
107288
34607
87536
40918
6455
100339
83560
74156
92265
74047
79995
59778
109417
73745
60309
33526
58307
101597
112487
109459
109277
114482
46600
96622
136793
53723
78881
94184
83941
86559
32858
100955
33810
52837
93967
42948
75711
86817
99651
31104
66457
95893
94507
87465
65072
54812
49168
82274
101625
36353
94580
34927
52913
33873
94074
63816
36837
63363
37884
103446
112025
41401
93211
48974
61434
43842
43060
91301
55643
110500
52700
104542
44444
58315
113003
14707
101126
106442
86764
63897
93402
94921
65857
95264
53974
50324
68420
48786
35054
30220
56315
58009
103144
38912
96902
66409
59838
46945
53420
88066
85967
62955
44753
32033
79360
44317
73069
31979
61038
55068
94464
64221
47091
39031
75810
105578
99266
58358
95406
90448
49227
113224
55688
113637
59662
113045
107095
62210
92145
55810
78656
71626
112258
87790
92614
93964
92940
96223
96537
109079
79726
95703
91236
86637
96484
76320
102966
29747
46165
103481
57516
97183
110689
26016
79775
40518
34124
75753
45158
71831
105697
93857
69301
66157
43876
56567
58357
106560
72430
100983
105890
76784
69654
101807
79301
112388
64909
98976
36097
54805
109517
74021
58605
67958
43486
100486
40795
62801
88550
74520
29453
36063
100612
112678
88388
107379
51662
41483
60183
43652
44022
97998
112648
46223
64411
42466
58999
88697
65333
34902
62108
54022
71197
60496
31740
109175
81621
37374
67927
45977
100309
76688
37267
98220
45769
38251
69612
49509
54385
50145
82287
39895
61428
51036
84523
98231
90402
78655
113581
62298
64426
99114
49431
90197
59437
103780
57990
64898
102045
80570
33740
57305
43252
66543
59775
90607
93639
35981
111056
72567
88312
80200
104257
51217
45265
75689
105638
79054
19596
94823
68883
57505
67705
29326
56504
56316
88753
50750
92755
105833
47408
62450
36223
33339
45936
67355
85531
111034
41140
40753
28235
72366
124419
71466
53959
46300
56392
56078
63171
86557
104646
52231
93370
60165
88935
102232
68445
70058
99513
28863
113402
34406
94769
53744
104258
75641
35065
69387
34873
76672
104647
70519
93320
67559
44786
109962
62284
108179
36071
89436
30751
107706
153248
30434
46645
93381
99587
90354
51268
49588
52739
100632
72228
100039
112563
98054
55026
112133
77865
33508
62043
76967
52466
53148
89289
33234
69596
47949
81344
86211
54436
94726
100619
48718
96328
65978
65176
33611
33688
30498
60622
47492
84864
91777
109095
75596
57988
110700
110530
50831
99313
60069
101784
34735
92437
65358
47026
94964
68141
75755
78816
109597
31684
84954
99436
63601
67458
87815
60752
97766
113728
70516
69809
96389
111951
27179
30599
29429
90077
83584
33206
93613
40727
58386
84767
88921
38790
78661
64531
78732
56441
87681
58235
81517
101960
52757
55287
98132
38270
130085
69173
74328
50264
39137
37385
54499
37017
111400
79841
54232
65471
83850
42798
62117
28567
78106
65369
46903
56314
71456
85046
71182
29730
104009
104031
83650
78783
76667
98103
79494
41793
72123
46476
34019
25525
113639
75403
65421
32154
73787
59807
90459
109346
77764
100257
84219
62946
78717
53985
96221
88329
69242
109509
38521
36893
100387
56669
86741
53856
45357
69582
91060
57931
53159
79420
78182
90215
33570
61432
109784
105291
29431
101678
78003
71980
16073
35588
76512
92912
62097
33662
100981
89689
108795
112651
76267
101366
81335
28123
56783
66056
84118
94135
42147
106353
108037
110804
49892
95293
53633
67878
63876
110897
30275
88493
59628
34225
41459
58782
73655
86452
56421
109069
96227
82225
33787
33556
93246
89091
41042
110577
90518
40583
38605
76901
40510
98223
97898
33305
46668
69030
86477
97429
83548
61574
50763
102420
96593
74055
71589
92496
35389
72345
89257
54929
36924
102454
79343
64199
98212
76558
28366
106189
44312
113136
112770
95267
83461
60670
46966
108688
86147
60694
63869
64534
98459
98753
81213
67343
53263
99335
31992
107018
110044
50721
77586
57535
107651
106903
98256
63728
41486
32686
86526
99918
77158
103460
28791
56095
63152
41791
60637
112076
97436
93558
102594
63425
62872
62507
42540
85266
107981
104634
76005
90329
109934
111289
91544
96802
61132
111163
25989
35788
41933
55626
61973
59834
107872
67464
32744
94172
54785
106881
78345
104724
59729
107785
64731
102674
95394
25951
66959
101824
35659
73183
113942
41342
49938
45476
113658
40733
35965
106630
100521
59007
59450
42148
51097
26576
92957
54709
32221
47097
91065
64113
66306
105905
81723
103005
73168
45179
46053
79982
87548
67895
51178
77638
78533
66124
70219
72952
84097
81859
55007
72685
28887
41086
102215
79369
92206
110943
40234
57919
112504
79645
54387
89724
37941
110917
113251
41898
72704
77714
84867
63055
74135
110956
35860
97419
60569
104871
109615
77548
107869
77660
106928
28354
102897
60810
72393
58750
39518
111930
62000
75736
44499
106941
108008
58639
69845
103077
62009
69102
56234
47519
62931
54533
78396
86658
52340
53417
67356
86619
21525
102605
41321
74436
88383
99741
104135
83486
73537
84787
78346
66406
72431
101839
98621
70370
54254
77017
66894
59350
31476
63619
87787
104165
68603
82739
157291
55160
58174
96196
72971
85370
62025
56427
70949
108665
84349
31142
85255
95690
91184
92296
89490
70202
85778
89259
39726
90199
93830
65962
92494
113932
75766
110040
78402
71113
94809
69189
99389
102034
109290
61915
29001
56018
49394
76908
80569
65705
40411
99275
39734
40512
105315
41171
76873
84819
95205
41090
43298
80924
80783
111335
71567
104547
28502
44394
98564
112674
72241
79588
96530
90521
94776
61321
70693
86563
78109
66126
49831
88738
33524
52341
73092
75196
31646
83562
53030
89029
55630
62704
80120
49913
95853
66630
33660
105671
97085
77277
84365
29369
81773
32168
44014
32063
56286
32738
91554
71761
92799
35013
67527
50424
48226
107690
74847
67050
37323
26019
60171
71154
105236
61998
93390
105570
51682
34703
67637
99996
67441
66034
75980
69970
35134
97830
87677
96801
99592
25300
105797
86235
101847
78831
64367
49171
72305
108887
111985
82964
110273
98891
65914
107583
35052
44294
70101
56718
40646
56660
29214
72947
111797
59299
87916
66977
90349
110411
54214
99183
73910
54628
85121
64605
37489
86616
52475
112937
52794
64970
47036
98299
49137
60747
76624
107475
80498
108460
59640
114048
75469
107955
38082
109852
63539
40159
97151
79342
49828
52003
106823
102799
103072
78702
111568
95210
98838
93552
112367
60659
66227
61010
85457
109871
88923
90203
33786
77312
53960
63871
86725
46294
80714
56296
46774
100831
79419
83587
98961
97410
66504
98514
81611
87812
67076
86138
41218
64059
64837
104641
22873
66773
45859
50025
78757
113057
99966
69429
42120
64280
80156
98265
48914
66324
57067
78314
109924
108886
50365
52103
70520
97860
52591
102440
45136
104694
84053
92376
74798
54019
89299
93640
110031
72324
102810
85676
32433
96509
65681
96822
46867
80710
49166
113793
63362
87726
113659
102916
84108
105241
66610
100242
107875
74483
62447
86531
40362
51944
113863
31020
108252
101811
57974
49678
66160
85860
76425
52604
33376
94715
47451
110450
42992
101825
109976
52123
34206
61700
78155
32768
94877
104005
101062
102587
55830
44591
73177
61825
55438
105333
113955
81209
36399
75527
33963
28324
80941
50241
48973
24224
96811
27617
23226
80851
55474
113123
57436
103178
97241
74378
82161
105035
46193
89802
93859
108145
51473
96941
36836
89385
39173
29706
76975
78977
69587
85787
67079
86977
65719
101922
112760
33366
61750
113392
42100
48222
76860
93339
106584
68898
102840
76125
58543
32797
66920
71205
97229
100453
49558
84424
62440
110692
83204
36191
72873
112688
55467
98390
106535
71334
43319
110852
64162
63088
82954
108695
60792
80031
40058
58171
42864
46403
28821
103545
90686
109080
143865
35075
39632
106411
30800
42558
34655
71571
41854
34163
33372
43615
74486
78968
71130
61881
47177
46561
61602
103115
35559
89778
50564
96467
40540
76103
41322
64378
65635
69960
107604
103130
56737
33937
70879
37528
76891
113399
66472
7054
110036
138391
111499
62212
61701
58254
108531
59649
85228
72003
76440
105032
93758
56527
53464
91297
31050
67636
99141
86890
26113
59553
49593
81640
103180
63185
70003
42913
68855
75964
62041
73894
58011
109174
7387
81254
57353
102794
77213
76354
78474
36116
69751
88592
45197
35550
95118
81194
102481
81699
56596
63705
95343
42957
71618
62163
101413
94840
45589
87606
36161
34111
108391
52609
66031
87504
25293
32306
63889
98752
105960
56872
86095
69645
67340
55729
107010
76881
48007
65143
41053
62302
83731
102955
105826
109502
56539
100578
53447
73751
73896
88684
69589
106054
84318
60036
51650
64822
46198
50310
84836
112129
76423
25842
84007
59818
77429
103983
92348
80839
46038
110005
71429
68014
78192
107337
90213
76023
78005
77028
86815
94850
74310
77789
87831
93299
42874
64238
43282
72355
108315
90555
42531
39277
97348
97510
60754
105745
76364
83642
111404
43708
53120
64449
102867
77649
26594
108606
70115
97469
63086
52482
98040
56873
100046
100527
54432
37486
56952
107350
104164
31790
75603
62385
44540
82834
61960
46582
107228
93542
61067
85078
67619
110691
67675
108740
44526
68845
46405
70882
70515
41400
65634
38844
86552
88991
112820
57005
72861
109280
64406
56099
86809
112692
56840
65611
69778
35720
113325
58292
71663
58052
105975
80503
70546
103201
89737
48018
41223
69842
64714
100160
33856
76751
53123
104271
27217
60992
70686
105548
83699
72953
109143
113072
56013
28357
64969
76247
47892
26638
95065
30149
95741
101589
93826
58250
106665
41603
67907
106248
105482
84309
114057
87534
59346
55369
94113
54049
101843
102532
80505
96469
106180
80785
81718
44466
47953
79848
32437
104015
67809
26971
90726
90854
44680
73174
91055
105306
60279
63083
43453
75561
88825
113006
35984
76913
98486
96884
35524
69139
34492
95348
49167
49133
40899
49108
107048
84117
57996
112195
109388
83804
55081
32174
72758
70391
78385
56853
107131
86656
95845
46357
52485
73057
75777
99045
78734
84505
75598
85879
40572
37655
96273
93168
105809
38161
48784
89685
48650
73760
135463
71605
63271
53306
52969
29439
60378
36264
94705
113944
78769
101080
94968
77688
107420
97441
50322
76426
50848
53501
75308
96269
109733
69585
109762
70945
39139
111790
70522
71581
72838
102064
70178
70535
84244
89384
94325
84476
33442
26863
73832
79922
104395
89293
61908
61838
71012
35997
77917
65141
103401
79246
100660
59584
62774
67171
40945
64523
54605
46029
91238
70537
46965
71011
53406
110485
104116
110918
79838
98922
111671
99987
112250
102471
99748
112496
103856
31717
33738
45654
74705
43959
50911
78130
64080
89080
64032
109123
60577
111041
94862
82973
105882
64190
32034
26424
106375
84502
100398
95074
89731
57282
102501
39372
69789
44936
93130
40383
52234
43614
63330
79996
34184
56027
32861
45262
61600
97245
43070
47487
44234
44762
107344
79128
73270
32938
63107
52028
87409
43683
59588
85719
75841
48761
103867
76906
58893
111952
94424
69145
95668
30385
93612
76985
67855
107657
37648
111467
53878
80698
70759
36702
55046
91043
44244
57932
63679
111403
108920
5288
111771
111817
60254
84740
53290
98566
69383
109516
93841
95346
99749
59323
52994
33855
61841
104726
94549
57614
62865
113407
101508
108422
85736
103767
86152
28780
64575
77715
68088
77757
66867
70368
75208
19859
103280
79188
90168
47472
37641
82955
35770
31546
75646
53411
91483
46438
94431
86548
36239
92506
38913
62069
76793
98580
102942
38013
104715
54488
76367
86508
76693
45531
42877
99911
109505
79088
111049
80573
47638
75297
120357
111918
87909
70741
50668
109434
91886
59524
111050
97927
37769
81303
88830
45820
92627
113582
36088
71791
60574
99393
84211
70899
61721
35819
85361
92255
80098
92709
67512
89430
94838
90423
81807
44703
110419
65241
59808
77345
100693
60903
98009
42688
55435
64510
50712
56447
42712
105192
36791
108766
61110
113987
102958
99532
43076
71111
73376
100939
63290
100429
93388
72622
78469
19294
54212
102369
40365
75274
107518
50088
109129
86536
37022
84157
34173
57435
100417
100205
94030
105290
66248
38078
47659
43116
61720
70835
69976
48244
57959
99446
64446
76606
73139
63874
50393
81748
60071
94542
109891
81919
98108
61571
87907
58262
109629
111795
49383
33522
92466
34930
81786
61128
74370
94219
103931
111858
63632
34910
61675
113697
56522
89077
42338
82191
111820
98703
65631
111681
77987
42553
61178
59965
60987
35986
43559
73354
70482
56419
55781
82361
108207
56343
36246
72299
57730
55330
36978
102207
32796
72842
112658
53136
85876
52232
114142
64488
62141
87761
44741
86088
56117
103902
113951
72136
45687
86020
100448
32558
58251
81690
68204
53552
42555
39003
71082
95637
13388
105979
80712
90057
112194
29495
34307
100250
30268
42796
94358
99588
91444
61032
65714
53815
51554
44539
60351
88313
69359
26109
91219
83577
69478
94469
64036
112616
42728
90689
111627
54329
40170
95765
80302
93836
98842
86282
72335
100637
95777
68985
107463
48604
41139
60730
66335
81637
45254
109717
84210
35227
44964
43794
66622
86544
31390
78825
60673
45528
86654
72025
97547
102386
104906
45137
93504
66914
58471
56618
46967
58160
113266
77622
71401
102638
71524
90018
65419
78107
89687
61932
38431
112209
99944
97211
106712
99077
72504
111319
36932
113970
94725
68400
65327
64578
65099
98337
98513
105943
113068
56533
55715
112855
76623
97822
70758
111295
50221
67808
96477
112819
109738
93724
86524
107371
108839
106676
85907
73626
112619
41204
33178
92537
85101
32347
77887
62244
49535
101838
40705
92099
68307
68117
62566
61201
45241
83476
36944
81552
29704
103080
113747
94007
77127
31346
52911
72301
67617
63003
32040
113820
59940
95338
109909
112702
85406
81232
27678
42717
74753
88698
80292
66021
86550
89328
58483
46030
75512
103806
58196
78885
84727
50610
68225
32704
60398
103750
94994
13869
56050
38872
98678
76003
40222
105634
97413
37763
111605
67237
111754
105298
49819
97611
83779
99092
45225
63087
32082
42502
12516
91588
31823
49532
33719
82673
77352
107304
33210
102851
31455
62175
105269
101018
87212
100307
61898
50697
64899
92953
15882
99782
113312
77533
77092
92966
85227
48760
111758
116691
71112
55280
84949
91299
55156
32039
100501
55011
32992
33375
76706
67437
34708
9568
73015
107424
102194
111064
76844
52143
55798
108461
114372
71403
63706
77009
78965
34044
90781
64732
83358
78287
34364
104158
69640
60772
88455
47465
109821
98050
50715
96685
92359
40672
41792
82948
99595
21443
90022
62574
112962
106417
74028
74909
93925
64645
64540
57196
97478
102614
112370
98667
94824
80798
86377
85451
74652
93380
104576
80095
60463
88938
100745
41587
98410
64541
110147
80287
80944
48121
91154
85048
69010
55635
98316
91063
95926
86102
55683
48826
80704
58615
69393
63294
62115
19296
38086
26028
74859
55326
105128
107114
66341
67359
60494
40429
33359
56996
29071
55802
29501
65370
109429
39976
99154
88755
98076
97791
78471
98658
99168
100088
91208
28500
80025
50176
85811
55541
88122
95788
80592
61615
73224
82801
103356
32625
31645
36623
59400
63745
36735
55574
55816
85097
86090
103491
44899
93579
80094
44128
54761
59150
102065
27127
113883
104953
98914
46538
96602
108693
100683
43546
97179
106659
64885
72662
80708
66478
65967
84552
47966
48477
59648
48126
109046
30137
103332
39013
103996
102890
109490
40357
40579
82051
47580
88223
109963
35989
69948
37015
96120
104414
38994
51733
107916
87466
71353
16810
73624
88741
77228
81508
54103
89992
39981
96970
104127
107355
107646
94192
29366
103574
52552
30253
65884
57423
45360
112672
108615
68674
108893
90227
92950
45175
55290
55867
47488
57431
50091
66039
53167
40183
95209
97411
35210
93592
100461
79386
65995
30133
112556
72960
90008
69604
91053
57868
2180
80502
66706
82290
96217
90189
47834
83569
65505
94966
103564
65674
41238
41477
32672
89761
72725
96947
50022
83422
67540
77641
73558
88699
35807
73178
88137
46323
88352
50627
45710
96105
80271
67202
95800
50430
58239
103242
113864
57580
53225
102555
46537
50425
41228
83180
32193
79189
48676
63526
54500
70782
80366
80784
54995
100279
39395
79784
73392
103133
41424
88318
51836
50677
95032
110444
59966
43313
35804
66632
77139
106495
106946
35234
47325
55631
53610
68872
107333
41339
66865
67881
104161
51285
36670
104914
77257
47445
99570
99042
105623
45356
69344
79345
46453
60105
108450
56909
103508
63523
41883
106188
86166
32106
71114
90330
104419
40311
97053
10525
56438
70018
53692
32223
32945
30938
112050
58220
54517
102628
108953
92979
13156
59434
46200
100771
58241
99044
91187
45283
104174
61448
64317
32410
81572
69295
113343
59133
98284
32743
81846
68491
70692
82372
75550
57082
57659
49246
104218
101049
42978
108068
93010
42360
30233
45142
51271
80538
111526
104813
108453
17671
30499
27410
80398
87696
45138
63051
56518
60307
69123
69059
102787
80555
36635
42199
41873
86063
58958
43072
99027
60918
39163
111111
105838
105234
113406
60229
67024
85105
85756
92727
51032
109501
31458
98479
36303
80487
28941
64810
40360
68880
53477
60722
32664
74995
89725
28216
100502
101127
57972
105748
80775
23815
51642
53147
99495
75247
107143
57395
42861
93126
75117
37883
78117
77414
32926
69355
62944
50262
106822
45104
61676
101937
108739
98080
92988
105190
79435
109829
78539
44368
90216
54624
91052
103142
70842
62422
135951
89055
36269
56700
111269
101289
28455
79772
69745
113689
41494
35830
107516
80509
50111
37475
34142
75271
75517
81559
62799
71768
41622
93560
72325
109324
85358
53256
59330
62304
33368
36708
92713
66641
52461
74309
96331
112363
97100
34121
30396
54520
36152
28343
63998
58004
42180
1832
71081
77895
113936
88652
86383
72348
93880
59714
109975
85231
107307
44543
92835
84122
94462
93275
86125
18423
111508
62807
45932
100154
70760
60416
68844
80105
97275
102414
28667
86224
41309
86950
60534
82482
112833
59414
85145
69542
62448
76836
80464
88857
44178
54253
103129
19295
43500
96344
67362
34371
81030
48109
77500
105001
82707
96396
100254
49757
72548
96058
32235
44232
37020
39467
83311
73702
94470
47165
77979
33554
113535
85115
96384
39894
56227
29413
62071
51876
56381
113592
66686
99548
43203
97101
99605
44085
47204
45621
31342
57981
98043
48026
38789
114114
84857
43556
89301
73623
58515
52993
105807
59919
64379
57800
60271
99031
65836
109918
23328
69754
101755
36567
72242
77157
43326
59650
42514
88615
85232
77736
113830
73660
92389
60980
33512
67053
67638
54936
92100
92495
45947
77020
51666
93995
62589
63065
89475
40493
98683
107945
85430
56503
52852
87524
79400
113725
69894
40515
49067
108942
97996
51022
79195
61984
95129
96055
40736
71452
39978
62771
91748
94288
38302
41867
38867
37364
112840
81914
107110
91582
91952
49744
89727
113998
99435
104649
46303
41069
112280
78976
84174
64155
31358
36886
36035
89019
73686
94711
90141
30386
56535
49502
49170
57470
37217
97598
73620
41262
92954
91594
73119
111026
110703
17736
66957
106978
98153
102224
91032
30467
97242
104679
93920
46585
103857
81045
65786
44910
61023
53725
35954
91042
94188
64136
93993
72341
110874
77006
58075
88326
80603
34359
49827
111010
98481
