96748
71963
135162
82698
95792
76646
88839
72565
113516
61173
112502
50027
71547
108589
54316
59506
92207
60117
79843
55552
99794
61730
55120
37979
112998
68750
42799
110821
98744
50704
100812
92180
92670
95806
73295
99400
33612
54217
93966
34122
92103
49387
78642
45688
86503
57978
72584
60827
87457
45472
113702
45183
90758
57975
28624
48704
51745
85307
61408
23230
109476
58412
89398
70134
66416
70703
109668
42122
71785
30872
84729
34123
82796
104946
78963
40731
64034
87309
91189
67879
35299
70107
38884
104117
91300
45200
39331
107384
107550
37433
42965
106429
51699
52941
60035
79642
58188
62818
94901
51050
30271
47894
45766
69116
102992
111791
72794
43502
33391
38044
95036
75243
57340
75737
54433
31652
41560
85781
113371
44132
34999
110708
96471
45287
83718
68485
77141
92441
53625
110582
56641
73956
98078
49120
57202
103521
106925
58802
58881
33449
40497
54467
82268
68448
25728
93581
55187
109303
98518
40074
49151
84480
35396
86448
111603
55283
108523
104474
35537
85458
42948
63816
37884
103446
93211
55643
50324
35054
44753
113224
92614
92940
91236
43876
79301
100486
65333
71197
81621
45977
69612
35981
67705
88753
85531
60165
53744
70519
67559
109962
60069
99436
63601
38790
78732
58235
85046
29730
104009
78783
79494
25525
86741
79420
61432
29431
28123
49892
58782
96593
102454
106189
46966
60694
32686
85266
61132
54785
47097
45179
67895
66124
28887
113251
102897
62009
53417
66406
59350
104165
39726
90199
110040
61915
56018
76873
80924
28502
112674
79588
52341
56286
32738
107690
105236
98891
29214
64605
52794
38082
109852
60659
88923
86725
87812
41218
104641
22873
50025
78757
69429
50365
54019
101811
105333
28324
51473
85787
65719
33366
106584
32797
84424
98390
41854
33372
108531
70003
102481
69645
67340
73751
73896
112129
77429
86815
68845
41400
58292
105975
70546
70686
58250
80505
96469
73174
60279
76913
57996
70391
95845
38161
63271
60378
50322
50848
96269
70522
89384
70537
104116
111671
99748
112496
78130
60577
89731
87409
85719
37648
70759
69383
52994
62865
86152
64575
77757
94431
86548
62069
87909
36088
99393
70899
50712
56447
36791
57435
69976
81748
109891
103931
111858
61178
82361
86088
58251
42555
40170
72335
41139
46967
38431
55715
93724
108839
85907
92537
62566
81232
42717
88698
58483
103806
58196
50610
82673
31455
100307
77533
76706
80798
98410
80287
80944
55683
67359
85811
103356
44899
93579
65967
109490
69948
77228
107646
66039
65995
72960
96217
94966
41477
73558
103242
57580
54995
66632
108450
41883
32945
92979
99044
81846
93010
107143
69355
79435
75271
93560
109324
92713
66641
109975
86224
85145
105001
56227
56381
57800
109918
23328
36567
67638
40515
38302
41867
37364
104649
57470
73620
106978
30467
91042
