93501
96862
80988
30991
99146
30224
64377
79217
94236
69895
89535
38891
80191
95955
105247
97034
107049
38155
64431
61873
58037
112026
106761
55513
112324
35912
82368
62121
49857
106559
83648
33251
103727
92096
77733
61322
83568
56719
66209
55935
80205
99571
79991
94359
57249
111785
89375
46629
57437
56910
81582
63356
95945
62415
52328
92970
44376
78054
49555
60346
85612
49341
94295
50244
100295
70917
78677
16556
96952
75729
107358
49415
30797
69365
47802
68379
70727
100940
109443
53287
36221
113831
69891
32133
60837
69892
85184
101693
58628
63677
95151
46111
80556
51714
92022
45557
94088
42988
94466
99878
40918
100339
112487
87465
110500
94921
95264
48786
99266
96537
97183
110689
76784
36063
82287
61428
64426
59437
80570
104257
92755
52739
62043
50831
94964
83584
33206
37385
28567
71182
104031
45357
101678
76512
108795
112651
95293
41459
102420
53263
76005
96802
32744
40733
106630
110943
77714
106928
62931
73537
93830
80569
40411
94776
95853
92799
50424
51682
73910
54628
64970
97151
77312
80714
83587
109924
70520
45136
85676
84108
107875
76425
52604
42992
109976
80851
74378
89385
113392
100453
109080
143865
42558
37528
138391
58254
81194
87606
53447
51650
107350
93542
38844
112692
55369
34492
52485
93168
89685
109762
72838
70178
94862
82973
102501
40383
79128
111771
95346
104726
94549
31546
98580
80573
65241
77345
42688
64510
84157
81919
74370
43559
72842
85876
87761
80712
94358
91444
60351
48604
113266
72504
77887
52911
86550
68225
97413
64899
48760
91299
32992
98667
63294
33359
109429
97791
100088
55541
55816
87466
73624
45360
45175
40183
96947
51836
51285
104914
45356
46453
56438
32410
32743
104218
101049
87696
69059
102787
85756
51642
75117
109829
28455
113689
35830
71768
77895
86383
100154
88857
47165
51876
45621
38789
64379
60271
69894
51022
41262
91594
17736
