12556
50292
100411
26309
82006
53200
78512
33894
49852
99050
39845
74302
31758
100547
70954
104044
35447
113117
55991
72317
69933
24226
87508
100286
54568
80533
35438
99781
53163
70060
73041
104623
41087
53405
107119
68521
49690
52197
85335
41499
42090
25938
44948
104597
91479
73650
47322
50670
105761
47291
87833
67284
85220
52502
62593
68138
106154
113463
50701
41608
28237
80540
86823
51727
109632
62773
36871
104082
84972
85249
51729
35446
88314
75258
53671
55656
91971
51445
98810
109675
41482
47817
85568
109638
63021
119138
50330
50985
136917
28496
55990
28219
94436
53973
56174
112710
86454
96671
81357
42990
75115
36355
53507
98599
105844
58576
81612
28562
84811
55992
24225
83328
45242
108536
112823
50994
107457
48053
80266
67934
42092
38961
72316
105980
11735
57644
103328
71576
82744
52508
13183
112826
28996
34131
32492
55724
26527
93626
108853
39312
113757
50774
44269
101480
22818
31051
51736
42935
116030
23988
15386
49306
65234
90425
46452
92160
97264
53673
34822
79146
44174
100386
62075
119584
35726
96964
95674
88020
52510
111935
38030
121575
84506
68893
90549
95100
66873
103176
82610
54895
32291
61333
112970
55220
80278
88024
100118
84292
106861
104628
680
91380
24429
101030
45228
76796
88019
53670
47622
85546
74430
98647
100616
16722
58523
42556
66078
49909
103037
106838
33992
73371
101609
103023
88544
24432
56412
149920
78508
109845
52198
100800
109660
55996
81570
65957
30090
59149
55752
90039
74192
32860
113294
66331
32292
77317
102353
92243
58248
65747
43404
54075
104992
35440
58027
65996
87908
85944
57538
81061
59157
91847
22765
41085
41821
85424
58242
33374
63606
69531
89623
65475
41993
38759
48912
98715
110054
59890
55242
28520
68849
32330
38018
48908
103024
43206
103312
89894
65232
14908
82334
57895
81068
90429
92273
96663
103035
44794
111306
91607
50169
112773
53788
24413
75203
76778
37234
80539
80229
53505
51845
63934
99684
47617
101679
102476
47044
58742
37596
104154
63794
3505
48033
97180
60046
29929
72625
101980
41005
37331
112728
49323
20455
55766
77165
50919
76252
101470
52506
74150
85547
51734
113425
86948
82106
34169
103870
104328
103484
113605
35445
62099
27736
22764
61777
113824
95994
54012
52503
104313
62588
112444
104627
112971
41083
34897
146799
109297
62444
17672
63404
104247
43452
44837
84279
52509
98593
111307
73166
20457
108289
48831
30020
104309
54121
47744
58035
59140
16724
47075
54579
76420
10305
55489
63174
49378
54018
73085
79223
106068
31812
110017
46155
60862
33301
59304
81952
57647
74146
92391
82116
62940
61435
64713
79937
101220
50992
29181
91156
38493
27996
53988
80264
51721
72268
90530
37459
28998
53705
105862
46991
47318
50716
26526
110034
55824
96345
57839
90082
70034
78507
80386
105500
114019
30709
65789
67980
74048
44010
68896
47815
25943
109474
111109
101613
61916
103792
42841
53672
91383
25036
92272
72634
105860
99497
60979
