77900
58547
107907
61699
103987
90523
108126
39018
54400
92832
77013
106997
30339
98694
94003
38337
98769
65504
79668
102286
66833
105962
47343
76892
78880
51360
85045
86416
52556
68371
43066
64383
49444
79945
50071
28914
88931
60099
74833
75179
86610
50746
38862
64369
87506
69636
60620
61024
76213
91367
90825
48627
70170
57347
50220
78917
61623
58353
37209
39208
65513
83171
71534
100481
95570
113991
80081
59451
89268
41395
96000
77501
73922
47494
58315
38912
46945
32033
92145
67958
29453
60496
76688
59775
68883
33234
94726
110530
30599
91060
105291
108037
88493
38605
44312
72685
84867
110956
60569
58639
78396
56660
47036
76624
59640
63539
90203
66504
104694
102587
33963
55467
46403
75964
73894
76354
98752
97469
56873
47892
93826
35984
33442
100660
64190
43614
47487
111817
85736
79188
90423
63632
56522
59965
103902
113951
64036
102386
71524
103080
94007
67617
76003
107304
62574
93380
95926
86102
29501
80025
47488
50627
48676
54500
100279
47325
66865
36670
77257
99042
97053
102628
109501
53147
107516
59330
44178
96058
77979
66686
43203
114114
58515
33512
52852
94711
46585
111010
