104737
73656
81436
113247
98372
51087
72381
107817
34966
79104
107219
113839
48790
105535
30650
136071
44424
58610
49511
110334
95182
88118
67455
38889
62425
100717
56687
36291
57718
101014
55804
102068
100340
68627
64416
94362
106945
92571
44216
110446
62892
105501
89523
60043
110004
26574
68386
62743
78936
62789
75014
82709
108471
111451
94123
113245
97610
58705
96545
68399
85431
105937
52027
40906
90347
98161
102062
87767
96567
53248
69136
92753
90086
71122
42367
53112
94837
38254
87925
50858
112821
78611
72394
90979
98624
76644
107922
79258
108547
42971
72831
85151
74907
76537
94783
57656
45159
35493
89708
36973
82814
62703
113405
47590
82747
111399
96350
68784
61959
98757
75697
60796
76378
57636
60452
54914
106038
54557
113847
50398
77650
88650
75667
82745
88219
36289
104994
84026
83965
51040
111140
77536
99758
46322
27090
71230
63588
51181
93086
45036
87126
95895
42840
77487
70992
74800
66144
112052
83403
72463
111040
87082
38022
70423
76835
42826
75954
79727
51790
104861
43868
73674
88136
79874
80623
96099
66243
102894
114150
56572
87270
99915
81222
102059
108542
80609
108968
50239
34025
64835
31524
94442
101970
72401
77822
57361
56473
66771
44074
86953
77676
61780
49738
77843
58822
106986
79873
78937
103840
41825
94952
93653
65831
63437
112321
41866
28617
45473
110669
66753
61078
72391
97363
27404
94284
72576
33063
100914
73428
67121
41172
93343
56104
44596
75026
64572
110962
24131
78057
64039
101147
72916
69133
38727
61581
87572
111125
107247
136314
34276
98144
34858
61871
89111
36070
112054
113884
77441
97940
80309
95294
114066
74900
51190
53115
93994
100333
92728
65309
67055
99973
81707
112482
72005
76443
66245
73915
32494
40638
90612
84718
37609
71217
87079
108092
84542
82953
113857
28618
83077
94559
94530
110333
69762
56746
89124
110449
101765
51098
46570
67387
38736
103045
90165
39620
95711
88766
32179
55473
113009
32555
48108
45846
57566
53260
33249
51165
58843
96856
78056
110555
99012
101258
106980
43061
105492
30782
73246
74544
96088
71474
78765
67605
107334
13891
88239
74991
47893
105103
100268
103223
39953
112151
85791
86015
84862
82046
75691
62483
28859
48451
72583
110381
57168
46917
81221
83864
109981
58631
41497
65354
91014
99515
76948
31023
76081
107927
53759
37137
69479
68573
65628
53607
66889
29626
66083
110048
99905
54751
41458
99202
53442
89352
80130
90613
62208
87510
73550
69760
55324
97206
94925
37142
106707
76846
90933
102554
79349
59926
78077
46185
99392
111085
90921
62111
101228
28616
59732
102306
67438
55547
104548
113669
95043
109270
36700
78873
113765
78710
59679
54787
110298
44433
92450
52754
55550
111030
107015
106211
38344
98495
98714
92369
112950
70404
94626
65264
41817
91550
37707
100565
71506
83408
46902
61968
60128
65661
40766
83865
61970
93305
87517
58146
32194
31589
93059
30258
53741
82584
44203
66148
97417
69470
32318
79599
73536
76671
105031
45074
65759
81920
66141
86676
57760
29821
70239
82939
36114
42365
76657
66098
60278
73268
93557
113036
45400
65525
84517
40392
82649
105232
