63514
47434
102350
93355
89088
86775
49423
74653
108462
59797
51648
81795
33717
56782
98900
100907
44263
23976
67209
44451
89596
109113
60270
72570
92551
90824
99675
53431
79401
58293
107963
58723
111160
43711
94844
62084
52584
83364
28862
93516
47884
69617
46953
91425
63511
41216
88711
81928
95737
34194
43616
48867
80701
45785
65366
106944
42037
64591
76041
50174
35316
55884
144325
81330
30992
111960
123353
112042
101771
23968
85927
97784
92493
58814
68095
136739
51314
101367
64549
93548
80273
68158
41862
50829
54384
64149
31477
54901
110399
62864
111251
67406
30851
50216
101844
73294
96547
83583
80626
97303
110554
31800
39356
107705
30944
58824
72966
89129
82663
48692
94112
49386
51639
95852
106649
93624
82844
9993
104413
87132
61319
107601
97230
139465
56058
33623
37317
101435
36020
90871
68026
113207
109600
72470
73962
58550
108402
68410
62627
63001
85395
31809
108810
47066
113055
42665
83586
31789
36349
92657
49452
84302
101899
27483
113648
77608
49210
75808
102013
58026
27085
40886
82675
83274
101101
86012
34589
96235
56794
34400
54040
65612
104849
75319
85909
75355
95903
95014
35721
100201
34378
98762
18530
46711
88234
81129
72760
111316
88585
25917
100401
87221
105474
106181
104281
58613
32751
79078
67099
83229
49256
47480
61442
108132
98759
77973
106281
37580
104285
110013
30941
82382
65868
69973
62727
101046
96132
24160
30558
30477
105708
98490
103515
54871
71632
74027
94708
38841
42862
99477
79039
41490
109096
96399
71617
47721
82742
102376
34125
97353
67888
92375
113999
90142
62731
108598
116214
113699
59487
106238
99887
90687
105805
54431
86911
43692
98805
86165
41599
48645
30600
47089
105113
80121
97442
100245
111961
69591
76633
33365
109787
76366
90792
51033
77255
114067
46335
109195
67311
97537
77686
52129
31293
111122
107999
45270
83555
104719
82551
103572
72568
47683
51542
46866
62303
72520
60040
84445
42709
56617
70078
31839
59800
74866
61933
44292
41872
30947
72611
48546
101162
86311
57604
99134
99185
113393
93678
87137
92964
82690
90465
78967
39255
57762
32560
46049
108635
80780
29174
60493
67503
94429
113787
90363
58169
90356
86429
117378
84204
58638
76419
96903
49009
69969
25679
41865
42215
90468
60737
100130
70883
113856
20224
89082
94511
103543
37595
57966
98044
40962
113172
32731
55437
95494
58955
95396
104609
61985
69345
20703
62770
71446
86070
73614
62719
96195
66649
80829
26549
55249
111497
83246
73619
95000
107595
41250
83966
9022
53989
86555
80114
90490
100428
69546
111268
50751
66194
84856
73815
96804
67375
111718
74583
68210
114126
106464
107033
70077
95534
81024
32736
54809
84123
53525
110489
34152
97775
79079
154444
61326
45148
36265
84310
48959
114477
62722
74019
95801
85035
104043
31457
61006
97418
52765
55721
93905
29427
54328
98620
40964
61782
90220
69635
104136
67404
64410
60842
74152
64729
73652
94806
30384
109100
89469
107394
64621
48489
95870
102363
50913
101654
52999
70047
77914
56065
31413
47605
93307
102858
69306
61900
95952
84200
86509
67960
28597
46266
100813
32161
51990
143973
66631
99729
67305
93839
66650
65472
39484
89675
98681
89083
36531
35952
87604
66888
35996
81679
88167
68112
62601
57790
106691
112433
120814
33793
56624
14790
98889
27397
97929
77353
62604
104811
26094
78692
74711
67184
88071
108134
56698
97433
50003
106666
57577
45011
67634
70869
75513
54654
37300
108130
92295
83336
86538
95647
52526
85872
113534
89532
44643
86036
58366
50613
111981
57426
41556
86609
40728
38113
78789
106920
24503
65821
56320
90463
68092
58510
47597
56128
87547
31650
139626
35051
37935
72891
91104
85918
106556
78524
92101
62190
76297
95964
80374
87742
39738
88655
92797
113276
37214
47876
53537
90720
76782
66236
74832
90577
93853
33181
81696
86085
31435
47454
75400
45288
64292
57069
81532
74333
113978
94900
51602
113667
87509
70267
55514
82693
56147
112067
89940
93583
73589
106551
82945
66014
68548
35428
27664
59183
41404
112761
77921
75457
110185
101161
80397
33123
75206
102360
31433
74739
27826
111823
113969
44264
84854
77024
76429
68910
38088
50444
23740
42537
85240
56217
87463
49068
82627
74059
110557
113394
103063
58537
83903
26466
78709
61872
90360
88526
57473
99496
82381
27774
58393
57345
88774
63826
75440
86549
75118
97592
86916
29210
79793
88411
111520
51638
20746
28708
27943
55621
40754
37706
52545
41998
85853
88410
69396
54334
71755
50112
79958
51960
31159
62052
63009
81023
55418
105737
36164
112062
24786
29019
76781
33121
60812
114147
109715
64147
93908
129657
48602
71042
57815
109568
30076
81960
93412
43590
70828
111714
16405
73548
88134
95008
49610
30943
99906
111719
81874
41869
52131
73090
93703
35702
78703
55442
52930
82396
48641
112420
110645
87196
39361
65082
55777
52075
98904
54355
84215
83022
80578
69124
63587
101588
56846
64129
52540
37702
48747
93485
102979
72322
52741
93341
62236
22255
48564
79632
33702
77886
84635
59106
42984
83155
43838
87058
65850
102883
71919
25404
72258
39252
97157
99697
78708
66847
78788
112757
59038
33120
67176
102305
55741
71128
58585
105278
70015
83873
100337
88987
40832
34166
101700
77266
6670
93625
37236
56525
137743
49607
102809
86458
73817
83484
32862
56094
73249
31033
89614
93404
24644
106919
58069
85548
39400
31198
104917
100158
79516
109569
81176
61130
84202
92025
77712
75518
91739
100793
33208
29171
19688
96274
59215
29294
89888
113941
82275
132310
30948
35602
43639
85336
96354
56795
39837
56672
78803
20409
101653
78521
109087
59212
45782
94760
83069
90629
104707
78178
28769
33235
68859
99080
74904
28457
94111
89307
88940
82578
107147
23367
99041
73840
38500
47503
107042
106818
45757
45269
106426
109163
66323
41601
36786
98310
45278
78087
80060
112493
58351
82014
46889
51637
80092
49609
68630
72211
52486
101483
30078
66089
78818
65787
80771
63461
64894
104612
57487
83377
107448
62213
106116
43674
96020
106391
59494
49568
93701
112106
95331
64558
91959
42368
66482
105608
94907
109213
107016
33003
102365
42460
62545
78883
46722
69388
87452
80564
38647
64233
80190
98425
53892
32792
42806
55409
101103
84723
89537
88523
85248
72630
37030
42787
73089
112434
48486
90953
100806
95155
76380
76504
87184
61781
42934
90745
35462
43068
57642
78541
40447
44559
69813
99778
111332
81429
94582
60460
76710
63654
39852
60409
58008
112360
68848
45976
70032
97454
82536
52070
86932
101840
81502
104013
50967
97340
32162
30483
34720
96347
90025
50845
61113
108852
60735
108748
40177
36900
79396
103031
64641
69405
45256
94834
77253
64460
29499
54362
77734
58487
100822
33861
70553
86914
52415
75823
32165
97514
62572
91296
48015
93788
113400
90531
107028
8207
44044
29525
55633
34420
66300
98147
101512
95540
36155
79985
92698
71665
32164
81993
81698
62991
99491
71922
51317
87156
69953
97398
40748
90690
48447
62327
65136
103018
91399
22597
84317
73606
86255
34680
109152
36478
52536
103068
38885
41780
94151
107045
76962
41529
99270
30792
41388
69321
71445
41189
70091
42914
47060
44133
67804
110784
12942
85262
96541
64380
67443
41917
61392
47766
60658
113284
103296
