108434
42564
97614
52742
32097
70659
29504
27843
114074
92131
85823
77911
95246
49682
110887
73065
60682
85007
29268
808
93233
49198
111753
35433
55511
76577
83213
58767
57229
52850
47000
68179
112780
56740
111151
110490
81764
43235
50129
74605
84276
112156
30779
82407
113173
102328
75987
64532
57210
46957
50207
34932
45328
77849
92625
97816
109179
103066
71782
73778
56319
97496
46483
82467
66729
92525
45943
96445
28688
39628
69936
49195
66229
27049
87060
95289
92084
83641
85011
95221
102222
73197
108163
105532
80260
61199
108496
91267
103667
107055
76608
70244
104908
39670
37556
45176
121135
110313
112650
43680
104171
86276
68983
57119
56981
97205
35949
43930
49684
100736
39072
89952
107641
71001
82352
57643
49837
84038
83399
110102
96441
61336
75922
57894
53049
108879
80255
47753
59970
32931
60325
34187
73272
63308
49023
29428
88864
47679
96625
97498
70555
56955
66997
84027
43863
107403
60805
93243
69432
62287
113604
58100
84746
51794
105435
44761
32107
73275
80807
76174
73852
111696
72129
72225
136774
27082
69984
71815
79040
69382
95220
103551
57731
91846
104484
96777
78211
105997
54259
101319
92642
37531
60310
97866
34555
79524
80149
60619
94676
77250
70305
81302
59867
56156
82704
102512
74281
106878
111205
50900
44479
98702
70266
47699
75410
78357
96649
39974
100437
60383
68282
76066
21596
47714
80259
107644
69602
90845
68620
108036
79464
46604
70408
100056
69023
110720
102862
70521
100766
70389
111891
101944
112418
34943
56474
52452
75061
68295
84432
82130
81512
68623
113851
96143
96277
56942
78310
97692
84633
75573
54438
70791
75700
68987
66223
33214
48754
61972
48225
46298
32412
64006
51496
90564
113706
106367
108734
45102
83339
35631
87637
105404
108378
90553
33216
105625
99307
80910
61688
60986
50217
72669
95018
113493
66878
89707
85444
68087
104895
46178
109514
73769
52268
96608
98733
36630
111210
60115
92465
92844
76584
104844
42396
112257
32722
91148
137245
53308
86463
58702
80445
47914
66214
66817
93199
98082
61304
101052
103498
96438
67369
71426
73140
39258
31654
28435
58480
58417
99290
104220
38915
45301
40984
71792
7380
94947
111601
104445
41540
99908
50683
42801
58407
91949
104105
96843
49606
111152
90113
40337
53945
101803
53997
74704
33978
96184
83848
93748
30088
97656
50854
32665
69757
110413
93431
82860
38574
45696
108712
78147
79278
94207
110056
100899
104152
39447
90777
39685
59053
85278
53397
92558
88537
71802
111760
46199
54180
48472
111884
44952
91827
109565
112113
37052
37430
109984
83220
72420
37640
94421
87036
58754
34674
93780
43746
51213
70420
79910
99329
102019
104403
33668
30754
46606
39961
43311
97709
113181
38234
51341
40282
68441
86944
61725
42600
82798
79490
71816
45981
37913
93433
29955
112514
57226
45470
53827
52065
84477
30092
104517
38306
88867
123330
52812
77407
38863
66675
80828
42802
104600
99315
27008
73046
98918
101552
69013
92985
65542
59372
71337
91638
88980
77574
105530
65964
79204
44154
80254
91853
90929
95245
40726
113623
105514
46379
77222
98537
66575
34520
96429
81393
106249
86612
95686
72621
56889
46599
97124
91885
48316
52838
70628
64259
68544
53812
100418
62230
66730
33674
43644
33065
91708
75408
97313
107647
76486
108866
112553
46501
103579
45151
92514
105430
65910
69384
28436
77880
83576
43126
110647
28528
93241
72796
79068
113710
48727
89106
110427
57714
67112
48751
46955
97962
93751
67380
78139
112785
55051
41336
62858
70590
99303
56157
98693
75331
28295
73070
101305
85349
104358
110363
68897
57057
51125
69226
88471
26975
90373
85802
45316
29891
42458
62886
39886
64728
113977
59269
103479
57283
31504
38218
32543
76406
101017
81763
91259
71504
74011
7379
51502
38255
76408
80455
53254
70000
29336
36825
34391
38868
57665
46771
76340
47120
30294
81903
95518
81112
79416
84504
86257
40316
57429
110358
68894
77861
112696
89787
42295
78919
41224
84507
97273
46789
42684
36211
106854
53179
43359
87218
61436
88057
22821
96409
103173
89343
49142
22768
110145
94083
37329
53063
90975
64192
33758
72218
96032
79108
50523
108407
37315
37790
40043
108448
47435
89849
88302
61431
37836
102267
84289
98915
56108
32842
102230
83594
51394
110186
50655
93219
79591
38917
32539
57893
71259
76466
53874
54368
87620
85896
57829
77809
55149
101320
77442
62616
89255
56485
84394
51507
54555
71830
86606
35978
102255
87998
79388
98854
46393
107638
89829
60770
46494
61154
90831
91586
54479
92633
40803
97139
75493
93662
41968
94710
93097
28384
72514
71420
69874
90928
40269
101338
48000
83917
100699
85804
98520
62072
88927
70561
82642
95104
80047
77976
35640
85058
31348
55105
67788
98835
55269
107712
96772
61332
52939
92837
80350
40314
46514
65852
31563
90320
96527
48013
41879
74186
82325
30221
107217
67325
63006
101534
81770
112716
111923
110521
77988
81576
28895
48626
92552
46015
99773
78316
111766
60657
61865
79831
112289
112747
34362
50928
68425
99827
105643
47710
113278
86675
113023
111187
111870
81682
58821
37195
106637
60836
42192
109911
70557
112200
113517
113690
53019
90207
33030
113502
60613
111278
73219
43977
68361
83997
37428
89426
113152
93019
46607
83201
103664
49875
89547
55554
22507
33438
38672
78456
94014
91926
61298
49054
78090
81950
60593
47067
57891
114127
69191
50021
37045
55294
39898
81877
100278
112769
38062
47199
43525
38861
105509
86082
86008
66999
113241
66415
58492
30380
73363
102213
106886
36474
98200
68738
99156
74665
88689
80928
58405
49006
93214
100381
92349
88166
44235
98427
56731
35612
107208
60560
68336
71672
150887
61327
61665
74197
112242
113600
66206
101077
77944
103172
68853
39831
106005
40936
55115
55768
103839
35654
91093
32443
105568
57150
87841
35852
78891
61281
111196
47194
66951
74925
76889
56290
72713
40833
52157
107784
51697
14335
84624
55436
41756
58333
111874
111900
108367
78356
105971
96766
109292
70847
81150
55262
38289
89031
108277
47200
69581
102655
88387
85638
44563
83421
90068
55744
52874
111389
78535
103128
58832
45547
35552
66604
80822
43363
95750
31040
47118
79735
62288
62338
95568
59866
105656
73673
99822
802
67097
28356
79442
95197
112925
75008
72691
81079
110057
59422
79562
70880
40478
33837
85608
57446
112197
39304
89471
88891
34718
104151
113142
88612
37741
110527
48669
28282
83446
46609
77098
67087
43046
37050
112703
45051
60522
55735
75273
30866
90659
109323
90434
89803
41827
28258
101318
65704
51049
55482
58788
101274
108725
113744
54166
53584
29889
108579
54828
56657
67465
73066
64726
91924
91568
42408
101264
97636
42157
78858
75779
86439
93099
38077
99085
73351
78138
81407
77864
28434
72509
99058
111580
38664
72158
92245
74478
47017
56629
93582
22822
41739
97430
58557
66880
100202
93098
48707
86589
35510
55881
104870
58191
90657
52133
93715
28651
89440
99556
74129
71631
85783
113971
104896
52962
103697
79504
105856
90206
89545
108699
18022
107743
75317
35972
99019
35736
65332
64312
77210
83095
36121
52823
106088
112614
113035
49335
103087
100522
50876
59405
58396
58420
43327
31752
54543
61433
71832
55111
106673
92209
48518
