87236
74987
30649
50517
45535
85015
51035
80093
94389
49653
90922
104723
88679
104016
111880
91812
72233
51603
35985
44246
29498
40148
74130
85492
105361
83910
70162
63275
93892
62211
51014
41484
69775
80647
72344
105235
35615
45286
44547
40409
83647
65808
105450
98826
107656
37213
79815
58167
82165
61030
84005
33369
45268
107482
86254
76611
107868
97466
91190
45938
57371
54032
98494
81419
68267
88370
75901
49956
78736
65613
109847
76900
71475
93171
105581
33872
87004
70300
65466
56979
58214
79119
57128
109779
47303
44754
24133
91064
30254
71544
62793
76100
64324
109024
95393
83518
75174
41393
78523
42805
89722
102039
47650
59035
96283
72365
85930
43498
78218
38166
43819
55485
52925
105323
78400
88739
47024
91396
77797
39940
104678
96361
113746
33254
111231
57263
102043
87746
32255
109126
69615
101125
79792
69616
112700
85408
43346
92715
52525
62350
70476
98107
68182
113076
91186
31182
103457
106708
94989
112661
83564
63858
32315
67620
99842
66334
50930
49557
100633
93376
58360
79387
103140
45008
109737
45606
86711
88205
80580
113335
92958
88317
84222
38178
96686
99030
32615
76776
111230
58330
84469
105151
92066
31574
104159
61752
68850
30400
49334
72505
69752
109299
74081
68575
95057
62297
113503
107249
99387
30561
90083
101761
60458
60910
58348
96388
106677
96932
113575
112852
100618
104420
87135
34706
92764
95473
34331
28497
94184
83941
32858
100955
31104
54812
112025
43060
104542
106442
53974
55068
39031
59662
107095
93964
96484
76320
46165
26016
40518
74520
51662
64411
37267
39895
84523
103780
56504
62450
45936
56078
63171
93320
89436
49588
112133
76967
47949
54436
78816
87815
96389
54499
37017
65369
34019
96221
38521
33662
81335
82225
33787
33556
110577
98223
83548
92496
36924
64199
98212
63869
63152
63425
107981
73183
113658
81859
55007
92206
72704
77660
60810
72393
39518
111930
62000
106941
72431
66894
31476
87787
62025
31142
85778
65962
113932
40512
96530
75196
83562
49913
66630
32063
48226
66034
96801
86235
49171
44294
85121
49137
75469
40159
49828
85457
67076
98265
108886
49166
108252
49678
94877
75527
55474
57436
103178
82161
36836
29706
69587
67079
49558
112688
43319
110852
80031
90686
64378
69960
76891
105032
56527
99141
86890
81254
77213
69751
45197
34111
86095
41053
62302
83731
110005
68014
42874
64449
102867
52482
100046
37486
56952
85078
67619
86809
80503
48018
105548
109143
64969
106248
84309
94113
101843
80785
98486
69139
95348
107048
75777
85879
37655
96273
135463
36264
94968
97441
39139
70535
94325
54605
45654
50911
111041
106375
84502
44936
43683
58893
69145
95668
36702
91043
103767
77715
38913
102942
86508
70741
45820
113582
35819
59808
113987
99532
71111
93388
78469
54212
40365
107518
38078
70835
33522
89077
56343
36246
114142
64488
62141
71082
29495
65714
44539
26109
69478
94469
112616
42728
90689
45254
44964
86544
86654
77622
102638
113970
98337
70758
112619
49535
68117
32040
80292
60398
94994
40222
111754
85227
111758
104158
74028
74909
93925
64645
57196
112370
80095
88938
110147
69010
38086
26028
56996
29071
99154
88755
78471
99168
50176
88122
95788
73224
63745
27127
113883
64885
72662
84552
48126
30137
82051
47580
104414
38994
88741
89992
104127
52552
65884
68674
55867
57431
69604
80271
95800
80366
50677
35804
106946
56909
32106
112050
59434
59133
82372
57659
42360
30499
56518
39163
105838
67024
31458
68880
57972
57395
50262
101937
78539
54624
91052
36269
101289
75517
81559
53256
96331
112363
45932
60534
67362
100254
72548
37020
48026
59919
54936
92495
81914
99435
90141
49170
93920
64136
93993
