42564
32097
27843
92131
85007
35433
55511
58767
52850
47000
56740
82407
102328
46957
50207
109179
71782
49195
87060
95221
103667
104908
37556
112650
104171
86276
57119
61336
108879
47753
29428
88864
96625
56955
93243
51794
105435
76174
69382
95220
104484
96777
79524
60619
106878
50900
98702
70266
75410
78357
108036
79464
34943
75061
96143
96277
54438
68987
33214
48225
46298
32412
90564
106367
35631
105404
33216
68087
98733
47914
66817
101052
71426
73140
39258
58417
104220
99908
96843
33978
93748
50854
32665
90777
59053
88537
46199
48472
37640
30754
97709
113181
61725
29955
112514
38306
88867
77407
42802
101552
71337
91638
79204
80254
105514
77222
66575
86612
95686
100418
33065
103579
92514
69384
28436
43126
93241
113710
112785
56157
75331
73070
104358
110363
68897
39886
64728
103479
57283
38218
32543
91259
71504
51502
38255
29336
38868
46771
30294
89787
106854
49142
33758
108407
40043
61431
102267
102230
50655
93219
76466
77442
35978
46393
94710
28384
48000
85804
98520
82642
80047
77976
31348
67788
65852
67325
63006
111923
77988
81576
61865
112747
34362
113278
111870
81682
112200
60613
43977
89426
83201
33438
39898
81877
112769
38062
47199
66999
58492
30380
73363
99156
80928
49006
44235
107208
60560
71672
55768
35654
57150
66951
74925
72713
78356
109292
70847
38289
85638
44563
90068
103128
31040
79735
28356
95197
79562
28282
37050
60522
55735
75273
90659
109323
41827
51049
55482
58788
113744
54166
53584
91924
42408
101264
77864
92245
47017
93582
41739
100202
35510
28651
85783
89545
107743
99019
103087
43327
92209
