47434
102350
59797
51648
56782
23976
109113
60270
58293
58723
43711
28862
64591
50174
97784
58814
64149
110399
73294
83583
30944
72966
51639
95852
106649
61319
33623
37317
68410
31789
84302
27483
27085
82675
101101
88234
81129
87221
49256
47480
108132
30941
69973
96132
74027
38841
71617
82742
102376
90142
108598
116214
59487
99887
86165
76366
51033
77255
114067
109195
77686
111122
46866
72520
31839
59800
61933
41872
30947
101162
93678
57762
46049
108635
60493
94429
117378
69969
25679
41865
100130
37595
57966
98044
40962
58955
104609
20703
62770
86070
96195
66649
111497
83246
73619
95000
107595
41250
53989
86555
80114
100428
111268
50751
84856
111718
70077
32736
54809
34152
97775
79079
36265
97418
52765
60842
74152
94806
30384
107394
102858
89675
36531
87604
88167
120814
56624
14790
27397
77353
62604
74711
67184
75513
83336
86538
95647
50613
111981
57426
86609
58510
72891
78524
92101
95964
80374
39738
88655
90577
93853
31435
47454
75400
81532
74333
113978
70267
55514
82693
93583
106551
66014
35428
27664
41404
77921
80397
102360
31433
27826
111823
44264
84854
50444
23740
85240
87463
74059
110557
103063
58537
26466
88526
88411
111520
55621
37706
69396
54334
71755
79958
55418
36164
112062
64147
109568
30076
81960
95008
30943
111719
52131
35702
110645
39361
84215
83022
63587
52540
72322
93341
62236
59106
43838
65850
25404
78708
112757
105278
70015
100337
34166
77266
93625
56525
49607
86458
83484
32862
58069
39400
75518
91739
33208
82275
30948
35602
56795
101653
90629
78178
74904
28457
107147
23367
38500
106818
109163
112493
58351
52486
101483
30078
80771
62213
49568
91959
42368
66482
94907
109213
53892
42787
100806
95155
42934
81429
94582
45976
82536
97340
30483
108852
40177
79396
45256
86914
113400
107028
79985
92698
32164
69953
48447
22597
84317
86255
34680
103068
76962
41529
41388
41189
42914
47766
