93699
40077
49135
94654
43226
90779
105229
34901
114064
64632
71519
64258
39485
40220
28318
74102
32798
93497
61000
37760
44581
30393
94967
61565
75533
113679
100344
45520
87258
105587
100581
54367
113812
66473
45604
106210
68351
27080
67479
88986
55302
109520
43323
63739
107530
24259
50720
103227
74387
84372
111181
97090
113901
92302
67334
45055
63800
78441
111166
58584
60102
69220
39624
45077
42179
56119
77154
112306
92490
46388
58406
107958
68289
95124
73396
87846
59612
61009
102281
65748
87492
94200
85210
52924
48080
80263
86878
108640
67746
90095
82597
55815
43925
88381
73916
34969
55099
57705
84637
39764
45834
100000
100539
50113
68871
32790
80755
70859
87842
47609
104657
81692
25017
61778
36238
69395
51779
108790
85542
113282
94522
111465
90054
62277
103346
29332
105789
91566
95084
45308
106477
34982
25343
32946
39932
33207
86379
109915
86825
113834
79479
55751
35528
103053
108799
88847
87669
91036
111975
53396
79994
33236
76654
28176
46673
51337
98820
94609
86736
100045
80607
68881
83560
92265
59778
109417
73745
109277
52837
75711
95893
36353
34927
94074
91301
101126
65857
64221
55810
71626
86637
102966
69301
69654
40795
107379
60183
43652
42466
49509
54385
57305
43252
105833
41140
40753
68445
113402
94769
36071
100039
96328
84864
91777
75596
99313
81517
38270
62117
83650
73787
57931
109784
92912
42147
63876
86452
56421
90518
40510
112770
98459
98256
63728
42540
41933
67464
78345
102674
35659
74135
28354
44499
88383
99741
70370
55160
89490
41171
84819
95205
111335
86563
60171
35134
105797
82964
90349
86616
114048
33786
46294
97410
64837
99966
48914
78314
52103
110031
80710
40362
113863
47451
34206
61700
81209
48973
27617
76125
97229
62440
36191
42864
47177
103130
113399
76440
67636
59553
36116
35550
52609
105960
109502
84007
103983
78192
107337
64238
90555
83642
70115
75603
61067
67675
108740
44526
112820
103201
89737
53123
72953
95065
44466
47953
79848
104015
26971
44680
75561
112195
99045
105809
53306
78769
79922
89293
35997
53406
31717
105882
26424
95074
39372
32861
63107
107657
44244
57932
84740
109516
93841
99749
61841
57614
76367
109505
111918
109434
61721
80098
98009
102958
66248
50393
98108
61571
58262
49383
92466
94219
42338
32558
81690
42796
99588
91219
54329
100637
68985
60730
43794
58471
99944
94725
111295
67808
109738
85406
97611
45225
61898
99782
113312
84949
108461
83358
96685
40672
112962
104576
55326
82801
55574
44128
47966
59648
39013
40357
54103
112672
50091
95209
112556
80502
83569
88699
113864
80784
79784
59966
68872
67881
99570
69344
79345
60105
106188
53692
32223
30938
58220
108953
91187
57082
60307
80555
85105
92727
93126
70842
62799
63998
88652
92835
60416
97275
76836
34371
82707
73702
96384
29413
31342
105807
101755
77157
45947
77020
63065
107945
87524
91582
46303
78976
31358
30386
49502
91032
44910
94188
