103110
89474
36150
111366
74020
65990
60965
51157
44904
50982
52008
79124
97626
81878
92456
81137
57559
113840
92261
99975
52603
60835
105355
98665
92269
32016
101164
78978
98264
101150
55846
109964
46251
107289
84209
70105
90671
76640
51750
81899
61631
69532
57445
56862
96501
94119
108521
91535
23224
106951
37299
88127
105288
83067
35301
43685
87273
55808
44931
109251
68421
84788
44302
58528
46252
67372
44493
77224
94329
49624
83652
56261
46534
57467
71573
38728
55465
78545
38908
63050
84638
68269
60121
77692
81784
32925
55329
98993
86426
104718
63295
58532
81032
76141
108659
87220
102227
84650
59851
74973
71014
106357
38158
88750
75456
102835
89781
105266
72863
76670
97246
107689
93111
47724
70474
72507
49451
98934
48113
80470
28391
53613
27867
66020
65945
46054
37321
82567
65182
88229
56468
75532
49521
92574
112914
94905
92897
107190
111117
53305
98773
55746
59288
111789
29500
84203
60708
101525
32030
100404
63680
64182
38089
113832
58144
109465
40834
104495
95970
57081
57510
108724
77876
107113
71570
79192
38796
50432
113401
107165
67873
113366
90579
105972
32059
74488
63184
102069
35386
78884
113768
105469
69560
76099
54861
32734
67894
79519
72483
54512
49136
106168
31651
110222
26263
99596
62046
30273
44020
89169
60962
89319
84933
77858
87727
53604
105781
88277
83673
71451
66654
63542
105493
90283
28458
70225
76840
84004
52833
88268
82001
80992
37194
76368
42773
77888
100127
99704
97435
91662
77378
15342
75982
83376
26357
81507
43367
105472
62146
113520
93969
47231
80450
87802
88759
40069
31292
30182
73175
98901
88721
71439
77618
32196
73540
81609
103483
52099
74148
70565
91669
66193
113950
45847
73601
77808
59086
79993
59324
89839
110976
68864
109825
49154
97772
73747
108423
62875
77749
29350
91191
89805
62971
61112
85459
58365
57809
105704
107497
89818
69279
81252
96018
76004
29318
36554
50423
106405
82175
33790
65356
108294
45986
82728
75391
62815
56031
42551
66546
107308
80772
108004
110253
106346
103458
34651
73938
93382
102882
55185
73383
89726
68091
63758
101504
32436
94627
24817
85209
105657
83834
38177
101203
106322
74852
85371
40041
106398
103374
74628
77162
44413
83427
73412
89795
80676
70349
96784
35988
45709
75825
110860
89363
99555
87443
98356
92424
51995
91868
70475
111079
78879
39626
92725
40997
80996
67608
88440
98664
101421
34026
53430
97673
22874
24587
45988
93484
63196
86646
86653
30632
75057
64306
32718
63359
90357
36194
88756
37859
61269
94535
54330
100192
88282
59449
98001
54442
93754
70524
107860
103693
76811
106095
92544
108171
93652
40645
111773
44698
73307
96529
105343
66445
38894
77978
107043
109102
58806
82775
45180
103347
107952
57349
70205
92595
41047
30395
74050
71339
111438
74235
76074
101333
31656
43617
104624
72661
112004
73657
82011
102917
39315
80776
61558
40961
99727
33288
36189
93128
32308
77436
111725
44752
83253
85978
77203
44933
37467
60999
111429
53611
69127
109477
61867
29347
78819
25153
87059
85785
96360
78595
30631
45602
78887
35953
54260
67036
50743
35320
72820
110367
44502
47864
26920
65778
92004
103933
84446
41064
89087
79075
69182
109916
40571
52881
31367
77800
68779
63072
39739
85498
14930
97716
37371
92487
89936
93301
84428
84489
113796
99437
110461
105989
55469
68239
93379
59418
103260
52932
55266
81607
96812
101633
92300
89611
53984
69841
104441
33520
59505
96401
45987
30817
98349
68364
31350
39697
41589
112038
63459
60100
106099
49611
90381
105575
86652
72549
78933
86995
112295
61272
87894
51684
53089
37037
97691
105926
99572
85409
104471
60144
65948
30815
45392
46411
41502
74906
86277
87512
53211
108742
56739
49209
32405
111907
106936
77036
69932
112544
60968
105742
28220
105233
63813
26296
79523
96658
48163
71320
88125
104231
60225
86940
87233
105137
40544
102529
61190
57294
64902
106899
38723
60322
78088
84218
32864
106664
78393
68745
91215
26038
111031
30813
107851
59709
56033
60224
77889
99638
107222
78759
60674
81478
104866
58446
93282
39408
52853
112744
47233
73567
60252
65085
61355
67405
57230
53888
112675
44249
85717
31832
56015
54758
76543
60834
108573
45995
59802
87840
80201
59217
33969
100128
45630
93784
112554
26458
27180
54797
69437
75600
75422
63836
46265
70984
42760
101432
48510
70362
88747
60251
86957
109920
58216
94140
50916
76284
62013
37007
84283
103497
86562
108662
45992
100675
79082
73368
107309
61111
90401
87190
81895
37885
86309
77546
91478
85317
48173
51283
86024
93054
46588
64440
100572
94159
102623
48606
98375
77689
74476
50995
103137
75769
91117
91774
93641
65439
109592
97637
113403
77502
83656
50825
41804
107140
53872
103055
95097
99538
78285
99901
109873
97694
67706
73146
58517
33378
88925
33221
89064
105056
98074
66152
83655
44785
35618
84281
93922
59666
60775
71450
74231
94506
128833
62893
69945
90087
82901
58882
93365
98679
67859
44973
41950
40896
38847
69840
105092
99196
50749
38998
26230
72892
112453
60830
83472
99731
26314
61008
87747
40724
45147
52594
78055
82228
51775
112597
109641
93395
58545
101621
39523
107388
111247
95438
84345
84444
53341
104971
36304
72146
47833
53218
71108
43497
57178
66982
96218
73803
50857
60802
82598
87252
32203
87150
86649
91807
94965
70264
65624
77129
86244
111712
63283
41670
100685
30541
66373
79595
97149
72364
59448
61622
41399
95704
89258
39853
80396
66063
86883
35921
51607
94185
41282
83771
86813
110486
82024
89196
45390
86203
80765
65702
74650
104496
32936
45994
72701
109023
82197
91543
74975
82261
45534
97597
30630
85373
64640
84051
47641
49021
89780
39554
78272
42024
111381
82996
68443
48368
60486
73088
95892
97539
103022
98224
85284
76375
88403
93706
79431
35137
45383
55135
36877
111197
101084
97867
78834
33071
31558
56191
30306
47274
91515
33370
101906
94290
73078
45993
66835
30809
48628
32346
81808
106379
65975
42089
94904
83206
98549
65840
104621
109204
36299
85380
102170
99545
66443
79526
38791
97286
47185
65636
47482
76681
65915
83838
44212
93349
46203
69873
53265
90867
53849
