87236
30649
45535
85015
80093
49653
90922
111880
91812
51603
44246
85492
83910
41484
69775
35615
40409
98826
37213
79815
33369
107482
86254
76611
107868
91190
98494
93171
70300
109779
44754
71544
62793
76100
64324
83518
75174
42805
43498
78218
52925
47024
33254
32255
69615
101125
69616
43346
70476
68182
112661
83564
63858
99842
50930
100633
93376
109737
86711
88205
80580
88317
38178
96686
32615
111230
105151
104159
49334
68575
95057
99387
90083
104420
34706
92764
34331
28497
94184
100955
43060
106442
93964
76320
40518
51662
39895
84523
62450
45936
56078
63171
93320
89436
49588
54436
87815
96389
54499
65369
33787
92496
36924
98212
63425
73183
113658
77660
60810
39518
111930
66894
87787
31142
65962
83562
32063
48226
49171
44294
49137
85457
98265
49166
108252
94877
75527
55474
69587
67079
49558
112688
110852
80031
90686
64378
56527
81254
69751
41053
62302
68014
42874
64449
102867
100046
56952
85078
67619
86809
80503
69139
37655
96273
135463
54605
50911
44936
69145
103767
77715
38913
102942
70741
113987
99532
107518
70835
94469
112616
42728
44964
77622
102638
113970
49535
40222
74028
74909
112370
80095
110147
26028
56996
78471
99168
63745
113883
64885
30137
88741
104127
52552
55867
112050
59434
57659
30499
105838
31458
57972
101937
91052
101289
45932
67362
37020
48026
81914
49170
