63984
70849
56782
97626
52603
73375
32798
23938
78108
50027
72698
87388
98694
79300
94329
80027
67406
101492
45268
27867
104610
107482
74884
82368
85045
27784
67370
40886
57394
66467
85117
106531
66956
73637
55322
52111
111129
82005
89415
67099
48443
65989
62793
78963
83694
113851
55485
82333
37433
88662
44501
69591
80770
81989
62333
112175
60213
50333
67090
31839
88478
98082
71034
62607
54970
99325
100018
64790
94664
100382
101490
90356
37383
65356
113845
84018
53625
99506
90756
28291
55249
63128
95000
81980
89870
102841
104843
68675
55283
37490
113601
68067
78879
75350
53155
65721
33526
34189
33810
93967
60842
110109
90357
87790
54442
70524
112388
68120
38251
69612
52871
97313
33740
45265
19596
56392
63171
70058
153248
109095
69173
72671
50898
78182
28123
67878
17033
37705
105905
74333
84097
106854
21525
31367
58174
95436
80569
91554
113968
39697
52475
79793
100831
97860
66160
101825
42558
33372
56737
70879
51773
34362
76364
105643
98040
98395
83699
59295
72758
46357
104604
63271
112123
35997
59584
79838
66154
100398
105097
96461
35602
91483
84448
76693
82949
70899
91696
100205
61675
98703
111681
57525
86702
102274
98074
83208
68327
55942
29729
46967
112855
73626
94907
34007
82673
61464
102851
116691
107424
100745
64541
60494
29071
89621
104953
80708
112360
96701
69948
51733
107916
101840
66299
2180
96947
83422
50627
100730
63197
61448
90233
93010
64589
113400
28326
85105
94855
50270
1832
18423
60534
91399
48109
22597
38250
86255
73623
42979
94288
66443
81695
107110
46303
