50517
85015
39485
53124
49653
60006
84844
50078
61419
69936
49195
54034
42982
45173
92169
114146
59566
83647
105450
84800
45160
96625
28592
88229
84972
111117
44761
67105
38665
48024
79040
65613
71475
27382
91846
104484
77876
101319
60619
92216
112314
30254
67011
67836
42202
46604
113501
34943
78218
96361
86525
75139
48225
45289
64006
60831
69781
98107
77808
61778
69395
66502
45606
73147
110253
67454
60482
36480
50120
60458
85371
88847
59691
96388
82798
72191
112514
87135
77407
32858
54812
43060
37859
73069
94685
99481
33065
35981
81425
63601
46476
96221
26975
42458
110577
92101
86477
36924
98212
108688
59172
107981
42295
81859
28887
49142
79108
54211
87908
108665
84349
113932
88738
103260
49068
32159
96801
70101
60770
53013
70690
111306
49558
104652
80031
34655
95118
90685
79632
54432
109143
84309
26458
83997
71581
113152
89293
54605
102471
113605
52028
36702
57063
113241
91886
73363
97379
56447
80928
48763
44235
97637
50140
101077
114142
34307
55768
44539
87841
78891
44964
52157
101808
76003
31195
72892
33210
29072
71403
57196
26028
89414
63745
113883
72662
57431
57868
81034
58788
71191
57082
91052
41739
101289
98183
59749
56227
113592
97086
81808
113830
92495
91748
91582
99435
109230
90141
