89141
112210
75961
102919
104504
99747
135162
92903
63735
108798
44904
37303
51648
100915
46847
41118
66980
98665
105166
53431
39546
92097
93516
46057
109197
44581
73862
49616
39390
49826
106944
45537
99326
92787
72135
85927
38117
61816
98769
67610
51014
47853
100364
69931
95141
91291
105010
39265
70731
64431
91649
94334
31800
108659
114069
48692
33354
64535
82295
95852
89835
89172
56058
29241
106714
52230
78642
45921
79191
84724
87457
103171
104695
59914
49452
43066
91443
45183
90934
47965
101525
69410
48647
105973
81129
58599
45423
89398
86588
32059
74488
88525
90855
103073
98640
101050
72338
82382
36601
71498
77955
35055
94708
38841
65455
87378
78523
103132
48275
68716
59894
54889
87304
99280
79511
94020
99967
67919
69975
83376
45925
79783
77255
49765
64806
41588
47442
63462
36406
90825
112366
56616
44935
95784
50404
92834
97874
99546
97121
66261
37268
88650
35822
107837
46020
41872
73323
53404
112988
62741
57762
95844
110708
92019
80780
44253
90054
66930
36221
27990
76283
83480
45078
84008
108416
69345
36720
108385
81811
67957
73614
89401
74081
63758
72511
112208
36366
113359
105639
100694
106464
60125
112478
56741
88915
51995
102505
41624
54097
104043
54216
97418
94633
41401
89469
44444
92882
63897
93402
68420
62955
31979
48057
83531
46266
106722
34124
106560
97998
64411
98681
62108
100309
90197
64898
50750
56624
72366
87231
52231
34873
44786
30751
79859
100632
98054
74235
60752
112004
84190
80776
56441
65471
42798
65421
100257
53985
24503
16073
100981
88493
93246
89091
41042
40583
71630
83461
99335
31992
60637
61973
107872
104724
64731
41342
35965
57069
35320
73168
46053
51602
35132
77638
72952
65076
53172
29664
78346
70949
93301
84489
29001
80924
104547
106930
44394
90521
97085
84365
87463
82627
35013
34703
69841
64367
40646
57345
87916
73910
52320
98299
107949
97151
97592
52003
28708
112367
60659
53960
66115
98961
99572
45859
99966
74798
44320
46867
62447
51944
85860
94715
32160
34047
82161
73548
101922
112760
93339
71205
83204
72873
47128
34049
38520
28821
103545
64405
43615
76103
82396
48641
92068
98904
91297
58627
84215
61274
26113
38723
60063
87606
48747
41053
94850
77789
97348
107228
65634
56099
27217
112675
87534
35647
102532
76913
49167
109388
49607
47893
93404
24644
33442
65141
113524
91238
103856
74705
32034
102501
52234
56027
113941
73270
85719
102296
53878
85336
69383
57614
66867
99911
120357
72826
46102
92627
92709
42712
102958
47503
86536
37022
110098
100417
105290
61720
29341
64446
66323
111795
42553
35986
80092
49609
55330
72211
104394
99538
52232
78690
68204
112194
88313
91219
48408
107448
53863
60673
72025
56618
90087
112209
97211
141456
53523
48128
41204
32347
101838
40705
69840
73094
77127
63003
95338
75512
32704
105634
99092
77352
87747
38647
50046
67437
34708
102194
89537
88523
112434
99595
76380
61781
60463
71108
69393
52462
107114
44899
54761
46538
58008
41670
16810
81508
96970
104013
47696
45360
53167
90025
61113
66706
47834
83569
65674
53225
32193
79189
108200
35234
68902
47445
44631
58146
97729
70018
58220
45534
32410
81572
101049
45138
69123
36635
41873
111111
31458
40360
66300
75247
92988
34142
85358
113936
70760
69542
54406
102393
97101
47204
98043
42365
40493
113725
102170
41867
49744
113998
89019
56535
92954
96541
109347
61023
53725
72341
110874
98481
