65990
89088
90937
86775
103699
51157
81091
113933
105355
97471
28590
61000
94236
91535
40230
80701
87001
109619
55120
53500
63221
57526
76963
94362
92710
54335
51843
27906
26507
56720
33881
63549
106195
63597
75313
34122
69418
101482
57929
47092
90674
109332
70483
95459
92302
51665
77608
107461
111789
29500
107498
111696
78532
47820
46077
101911
58622
65098
73104
82223
70834
63184
107649
50759
44470
29367
52771
107790
89169
64164
46560
40363
76840
84004
38916
46629
67169
86610
47024
69377
72520
45156
87842
34050
5289
67229
38641
69777
85781
47802
22272
61463
75495
53238
70883
41547
55372
104609
37639
71232
30063
98078
50964
95057
55727
46111
84140
79833
40041
74628
89795
77482
44262
40074
71606
111603
36265
61334
31457
88136
83560
53723
69635
78162
110500
104542
60002
94535
58009
47605
77646
94442
57516
107860
66157
72430
36097
62801
111773
58831
49431
81679
101048
45936
28235
86703
85264
97706
106986
64965
33508
62043
101333
43617
67144
111951
39875
88921
38506
55806
98103
41736
112651
35058
95293
46668
28791
78819
25153
85266
45602
45476
26576
104871
41321
57616
96196
81491
39739
65705
99437
61321
62704
67527
56485
63459
13762
56296
64280
36164
24786
45799
113955
57815
95008
78977
93703
85228
31050
46570
108909
58535
45589
33157
72322
84318
59818
48947
104164
112757
46405
99283
47233
65085
105975
80503
67405
75727
56015
32437
113550
56853
105809
71605
56094
109733
70945
72838
44078
94862
37945
43639
5288
42877
59524
111050
41965
89430
44703
103137
107042
53442
108255
45687
151608
100250
95765
107463
80311
93371
61932
111319
96477
82592
52911
109909
59732
68422
98678
42502
64233
54843
78965
98410
96218
73803
84585
98914
40579
100685
55290
66039
40183
93592
72364
65505
51472
89258
72725
78767
56738
79396
50425
30274
50677
106495
105623
83043
42199
99027
98479
89055
78705
78966
97010
77537
92978
107307
81030
99548
44085
38789
88922
43556
30658
73660
62589
37324
41069
36886
44910
77006
