58335
88389
63578
63358
61699
78610
68010
98441
80997
88679
109964
111880
72233
76640
113975
96800
79890
95489
83910
109251
77248
64391
72069
105247
26677
58814
42799
38337
105587
90571
100328
59452
110399
86276
47938
76141
44363
52814
53122
79155
58143
89781
92894
45975
87132
84525
14344
77915
92103
69547
68960
102273
94123
70048
53613
86254
97466
94905
49857
111051
58584
68267
47751
88919
93171
100609
100704
85718
100763
65466
66416
111347
88235
68289
77973
72539
28914
54750
59552
87846
98490
96646
109096
66172
31607
60099
79289
86833
71451
86878
56673
37934
80992
48645
50835
82394
61794
58359
33782
111498
62818
42207
66212
26512
101125
87749
54740
69116
84929
101281
71576
87865
70402
113076
95036
96536
61933
105250
84467
57347
67620
41795
56014
109562
59224
60024
109291
78917
109737
87142
72693
67503
98747
92067
39562
82009
111465
82175
113831
111968
33790
108867
31574
42551
112916
49334
57202
44130
50024
91026
35528
101203
82007
106322
108799
69131
60910
81024
110860
91454
108651
49600
79086
99878
86653
65857
30220
103144
52999
44753
70047
103438
112258
48542
93652
41483
105711
112215
88312
109102
88167
90166
87853
54407
109962
62284
49588
72228
55026
112133
83944
95647
47376
64531
52757
37385
62117
28567
79494
90215
42063
100800
101366
90209
75721
38605
60670
87742
39738
107819
110962
113658
19773
67036
47097
40234
49608
60569
82945
77660
68548
56234
44268
99741
67061
31476
87787
72971
64382
89259
64515
40512
41090
79591
28502
75196
55469
113468
29369
32063
55266
71761
112994
78709
67055
98891
29214
40513
80498
79342
65701
78933
78702
98838
85853
62992
63009
85409
108886
59093
96509
74534
113793
74483
75965
81209
55474
55938
74378
41906
66475
105706
62440
110692
99906
63088
82954
82714
61602
67636
103180
62041
102481
55729
76881
76244
83642
58446
56873
87890
67619
37195
56216
104015
50431
40899
32174
78385
107918
37655
52969
50919
58069
102064
103353
49277
71011
111671
63298
70676
75259
32861
29294
19421
63107
111952
94424
111467
77019
105509
50419
86548
58631
99393
73840
106818
68625
96131
43469
34173
78087
56522
57730
103864
87761
58251
51205
91444
89064
85287
84281
78825
91218
55506
67859
107371
59940
66238
42717
109213
46030
56050
99731
33719
87212
50697
92953
100806
74652
80095
88938
80287
48121
74859
66341
94971
91208
84552
65624
114128
71506
68674
35210
112556
72960
62320
88495
83771
52156
99042
41883
90330
65608
91543
100771
48021
34372
90045
86063
48368
38194
77414
95630
45510
32164
55824
51245
56700
65713
111724
41622
71116
30396
58004
85231
71631
35004
40259
80464
44178
64901
96396
39467
66686
45621
114114
50337
88615
42089
89674
60015
98683
98421
108942
79195
79526
94711
53265
93993
111010
