103110
33439
72456
111366
59661
91935
55555
105229
98372
88839
107552
64632
80093
48790
90606
36477
136071
44424
78978
30224
41996
70105
58244
95182
24226
38889
62425
87273
58611
38891
75685
108392
102068
86246
100340
71573
97034
38565
54925
44216
38908
110446
80647
87306
75411
55686
63414
64583
68386
62743
78936
84397
58037
113934
38229
59138
66724
111451
104396
112324
37321
70359
96545
93088
105937
83648
33251
92758
85286
90758
107593
62947
96567
96355
92753
35074
76900
37373
96575
113401
87925
97399
83568
112723
87204
114148
74978
112821
75865
77981
49136
94200
90979
107922
42990
50396
85151
109089
84103
112152
98599
105493
49172
79499
57656
52833
82001
82814
66486
57437
77888
80121
85075
82747
111399
96350
61959
98757
48754
61461
60620
49193
57636
84207
78054
57213
109464
62008
54914
85612
48125
60040
54557
50398
70170
44798
70917
109825
110954
28905
107358
49415
55724
51040
68379
99758
46322
81252
27090
72578
44269
90468
42824
81624
93086
32133
42840
105151
61406
95084
60433
101693
58628
69569
83403
79310
95151
55751
80026
95674
72463
51714
87082
113991
96516
96784
62758
89268
64413
88767
32624
64802
47412
95801
67608
88762
60692
65325
66976
60309
114150
87465
49168
75057
37884
71931
81222
94921
83490
80609
56022
74690
50239
92145
103481
72401
49215
57361
70857
44074
45769
82287
59437
80570
105310
32764
77676
46300
57349
61780
70948
55636
58822
84864
57988
94964
112321
83584
28617
71182
104031
76667
94284
85760
101678
39859
96705
41459
79343
67121
56091
56095
62872
62507
42540
64572
32292
96802
78345
109158
24131
78057
66306
68093
38727
59964
108512
62428
107247
54533
136314
86619
69182
65996
73537
83567
85778
60696
36067
111335
22765
93379
114066
84575
107690
67637
53115
100333
49171
82964
72947
94045
64970
36412
49137
61010
83587
105926
73915
31354
109924
45136
84053
49166
109155
52604
51897
104741
82953
28618
83077
100453
34309
35075
110968
72248
37528
113399
58254
84218
88766
98752
79538
50981
45846
86262
96856
48328
59038
101258
108740
43061
112820
71796
105492
95065
83873
30782
88987
83080
34492
67605
13891
52485
93168
74991
50527
56173
86308
53406
39953
112151
56999
62791
114135
87190
57168
83864
95346
104726
94431
45782
70741
70833
65722
70263
98375
102266
107927
53759
54186
69479
68573
80062
47659
50393
99905
41458
43559
99202
72842
85876
80130
90613
38890
62981
91668
30268
42796
97206
93836
107576
60730
97547
103808
92500
63492
81675
106359
77563
47075
49535
28616
52929
48011
78873
64899
78710
63280
104576
55683
63294
55326
111030
33359
38344
109429
36623
45312
51771
86470
92391
77129
88223
37015
62940
83408
46902
45175
111378
60735
95704
75731
103564
61968
83865
35921
104047
83733
61970
87517
31589
68491
30258
60804
64640
30499
84450
85756
32664
93126
44203
108739
44368
90082
28455
59330
73536
97867
41309
89816
43500
91038
51876
66141
29821
38348
64379
41780
76657
87524
88814
49170
41262
91594
110703
45400
