86281
42744
113071
59797
113080
52008
38052
68651
109113
85054
105444
55846
59798
68421
37979
88068
94003
80260
54099
46534
60680
101713
93403
99312
98934
94807
108446
39167
36946
66774
113604
98773
42797
56767
48704
57081
105972
104854
82220
70836
34123
29017
105274
32922
67894
26263
34125
52992
90142
58337
52452
102833
91216
97435
54438
32873
59781
47231
76213
39936
71439
41231
32790
111791
97793
69784
110556
40160
99842
89805
33877
31652
41560
94816
85459
113757
44132
69279
101619
50774
54909
110587
65513
94511
44256
56098
34982
37052
96404
106336
112077
103907
104045
105657
80114
100428
98623
80081
92620
90749
71006
53525
84506
86991
31892
42144
62792
74156
64857
61782
94184
83941
75711
94610
91301
34025
31413
96226
100813
101623
109517
29453
108685
38894
68883
71707
53744
110366
84280
108386
70780
45011
33688
50831
86538
27179
73657
102250
40727
73070
54232
46643
70740
97155
51634
105291
34737
78524
53995
25951
41688
54891
26920
54960
92206
45161
62009
69102
72431
38064
31142
95855
105293
58512
76908
99275
104032
96530
60909
53874
105671
59418
32168
105057
37323
75980
69970
111985
111797
38082
46774
90609
72531
104471
55418
52591
96822
87726
108252
53733
102587
73177
63780
29706
85787
33366
111719
106411
61190
28164
51845
106664
57353
38839
69298
39277
103494
53120
77649
97469
63086
60543
25990
112744
73567
62339
71663
61355
47892
74064
55369
80785
37887
49160
107131
73057
50848
69585
109762
89426
71012
37007
33208
49165
111403
75552
45531
88693
87909
87788
58351
78818
60351
111627
39437
44785
95132
54121
68307
70847
60398
92604
38872
83779
39022
66982
73224
61909
111712
97149
65995
81557
77641
109323
65946
39395
66632
109023
102628
45283
64317
75550
100425
80102
106822
76375
86125
82482
85115
77157
60980
61984
54213
60008
