27843
47434
102350
82186
63522
82006
53200
56842
81795
44263
43524
113516
90824
111160
46953
95737
55884
88200
62211
108091
58507
90235
41387
38267
85039
95971
97307
25938
92905
85163
94926
93941
82663
93966
61336
65984
109739
99833
107601
54998
47753
139465
45688
58550
58753
49521
86012
54040
46184
88234
35302
38897
54090
112422
24676
98702
61977
43078
79464
69023
113699
67074
99887
78857
105805
86911
113878
93999
97442
70735
87506
114067
52941
32412
77686
31293
100542
111122
107999
105428
98217
43346
46866
42396
66528
67108
54790
95688
57604
103396
68522
61623
98487
99908
87113
51545
42505
58638
94736
60737
37595
91003
73619
107595
84856
74583
107033
54809
105272
52765
33446
30384
107394
48296
95406
69306
91596
34941
92544
61815
45171
105121
44215
59403
45180
91362
111089
47492
105184
54654
75755
83336
77148
50613
95335
72891
110897
103479
95964
109637
86147
78257
47876
59450
65747
87509
56147
93583
27086
66014
27664
99543
53850
111303
112761
75457
81309
8070
102360
61728
71113
32539
87148
104071
26466
88774
63826
56901
42879
105575
111520
99308
71755
76327
29019
31769
100242
105102
97629
101062
100699
30076
81960
96941
31348
52131
90828
89052
102375
42913
103549
40850
67325
96231
107805
56846
85123
46646
22255
59106
102883
106759
105278
109060
101843
90826
32862
105463
89830
70522
39400
77917
110485
113797
91739
64190
61600
87503
38871
78521
58397
58258
111049
88830
71008
73684
89307
61110
23367
38500
37649
94889
109163
76606
36786
98310
56206
113508
63461
98235
65706
88804
93269
62213
106116
128833
50077
49568
112106
92099
29269
29704
81186
52936
63817
105683
42806
107388
109343
40429
69813
102065
82536
48301
89852
33673
88266
33861
62572
93163
34420
82535
98080
81698
108129
53256
45978
87507
94151
42689
67053
107040
75048
42914
73686
107097
71462
67443
83612
