104737
113247
51087
72381
111753
79104
58786
60301
46445
96271
113840
105535
103987
30650
36624
85124
106296
53977
48221
58610
110506
55525
49511
51750
33954
110334
88118
85492
105288
32551
100717
77105
100752
80191
68217
113679
108254
85859
53615
101014
85729
78455
108559
92571
107049
62892
40926
110004
75902
26574
61873
64910
80604
59849
105023
88750
111796
112026
93918
82709
59581
108471
75178
62577
77054
58705
85311
113901
98297
68399
67334
68371
88314
92878
80797
98161
102062
100251
63680
74176
53248
69136
93525
36090
71122
112625
94837
38254
52538
74860
50330
50858
64051
94436
60280
78611
81214
72394
76644
108547
72831
65637
93773
69472
74907
94359
53619
77279
94357
45536
64321
99167
88268
55815
36973
37194
62703
109802
110095
62415
75697
60796
61798
51496
107457
67934
103119
72023
100539
69326
76915
65969
68871
94527
59420
106038
103328
114085
67114
113847
57340
82745
78677
49154
97772
81410
58291
29350
80678
58803
104994
83965
113371
104780
78299
45711
74914
43478
29332
51181
45986
45036
96358
32946
85184
90718
46713
110898
66144
105026
63677
85209
38177
82618
111040
92022
95142
111935
66244
105301
76835
59674
39572
54788
42826
97591
90549
113183
70475
73674
73922
79874
60044
80623
82832
105443
83575
86123
101597
46600
102894
84649
76831
59747
99915
97096
113003
101126
102059
108542
50324
94464
64835
38892
82255
111365
45158
76784
44331
49767
36063
66771
82656
49509
98231
100641
57305
90607
104402
37004
93860
92755
87408
109286
113402
77843
79749
108179
79873
78937
103840
97823
41825
94952
93653
65831
72970
76720
38437
63437
45473
83913
110669
61078
72391
97363
66067
101901
47255
72576
33063
86741
97473
94176
76512
101689
34225
62392
55752
112770
56104
36825
38331
75026
102594
41933
67464
64039
102530
72685
69133
43173
86985
61581
111125
98144
89793
89111
106633
70737
60462
36070
64202
113237
74376
92296
40891
26114
63543
27384
77441
86563
80309
80120
95294
81607
69118
60171
35134
90581
92728
58637
45987
98349
54628
41589
72005
89066
106823
80714
76443
113057
98265
45392
67335
80710
37609
53211
107875
49209
84220
47451
63778
87079
94877
84542
112544
113857
102557
33998
73980
90615
49643
82904
76941
94530
69762
104511
89124
41322
110449
48837
101765
112071
51098
81640
106713
38736
95711
55473
113009
48108
95859
57566
33249
70776
107350
97180
92211
61067
85078
106980
67675
86552
86809
100160
70171
73246
74544
47937
71474
93451
108573
78765
74374
84117
107334
113760
88239
89127
40388
81500
100268
103223
99853
47347
50916
63855
85791
78130
84862
100034
39372
82431
75691
62483
28859
83413
45992
67673
100675
53626
79082
72583
110381
32093
71389
46917
105203
72925
56561
111771
44599
101163
40749
58468
90032
90396
91014
99515
65241
64510
76948
31023
109302
75475
104742
39551
91015
104962
65023
53607
50512
66889
29626
110407
110048
73354
87510
73550
55324
34712
69359
108754
37142
62454
54518
86816
102554
59926
89851
78077
46185
99392
111085
41829
106855
56440
62111
74663
70028
108277
68225
55547
111605
109270
36700
63760
113765
67469
58545
59679
46155
56079
44433
92450
46059
98936
62115
106211
98495
98714
54435
55541
92369
80995
30748
70404
56023
99128
65264
41817
37707
71353
100565
69653
66373
38774
32349
63026
40766
65679
51607
79784
35202
45390
93305
104914
65326
46453
101638
45994
10525
37375
56438
53692
30938
108953
91187
104174
69295
30233
53741
87696
63051
42024
92727
73351
82584
68555
50716
66148
64288
98224
69470
71768
93560
45383
76671
105031
28241
88857
65759
94290
45993
73702
96384
81920
62352
86676
60297
60271
36114
91383
55940
66098
38302
60278
72562
93557
57376
97242
104679
65525
84517
71896
105232
