74987
83571
51035
54356
98264
93266
37760
69532
40148
71342
101535
88139
70162
63275
105235
63739
75456
47724
70680
36057
66892
83586
57371
75901
38089
94006
58214
79119
79524
24133
91064
61009
71632
41393
102039
59035
88739
77797
113746
57263
39764
112070
103079
69616
112700
85408
92715
52525
59086
91318
66334
49557
37470
47271
58360
103140
44778
113335
92958
109334
108617
84469
68850
33207
30400
102882
60212
113575
112852
100618
47025
40900
92424
108523
53598
86646
31104
112025
61269
39031
107095
74520
103780
107043
56078
68445
47949
50897
61558
56747
57931
81335
82225
33556
90518
77586
98256
66959
64292
72820
55007
44499
77800
104165
62025
44264
77277
32738
66034
41394
86725
52103
102810
75527
103178
36836
42864
103130
59553
61940
62302
83731
63472
78192
64238
64826
103201
106665
106248
73174
69139
107048
99045
85879
96273
36264
48722
97441
75600
94325
58893
91043
84740
85317
77715
38913
65524
94760
109434
45820
71791
93388
65439
78525
33522
89077
29914
42509
108207
36246
71082
29495
65714
26109
94469
90689
86544
62893
105344
94994
58465
104158
109821
93925
64645
56769
72146
35462
88755
50176
86649
39013
86244
104414
89992
97411
69604
45710
95800
80366
106946
102231
99913
59133
82372
42360
39243
80555
39163
74995
57395
61361
36269
79772
75517
96331
97275
100254
54936
107945
