61734
73421
64258
39845
74302
40667
31758
75987
111687
104044
72317
41087
57718
42090
44341
44948
50717
55302
50670
62789
99034
98676
113463
105267
36871
60805
40906
113712
57731
47817
85568
38796
102512
59612
96671
100537
84811
62351
56266
93969
80910
38961
72794
68087
84382
52508
112826
99290
93626
111140
101480
93573
46452
97264
77487
86825
96964
54467
38022
76654
99315
50563
113623
71626
24429
75569
85546
62298
105430
124419
104624
62858
88471
27404
85802
72392
89257
90039
57535
113294
77317
68894
64113
43404
88057
86862
22768
88383
88302
106494
63606
51507
90349
38759
52794
46494
85457
78298
68849
93640
102916
111907
103312
71976
70561
76125
111004
110333
75643
35550
47044
90353
58747
111187
72581
61753
29929
41005
113690
37331
104271
33030
44680
110050
42074
113425
62951
81199
113824
52503
75297
46989
29820
104760
65354
100572
114018
63404
29031
42338
102207
73166
108289
99588
67808
81552
47200
52874
47118
79223
101124
99782
74028
110298
75578
85048
81952
82801
88612
61435
46609
88699
91156
88352
65661
36670
32743
135951
96345
105500
74048
25943
31342
45947
93483
49502
