96748
94654
60682
50517
76577
58767
85015
47000
39485
53124
43235
49653
60006
50207
112502
95474
57711
71782
90671
51603
84844
47884
50078
61419
69936
45164
49195
84788
78390
77224
38728
54034
42982
60790
100812
45173
25649
92169
80901
114146
59566
83647
105450
107656
96441
95012
105266
84800
97581
108879
80470
49023
88864
45160
96625
28592
88229
75532
103284
33323
64766
91190
84972
55362
111117
51794
44761
67105
38665
82675
48024
79040
42179
65613
69382
71475
27382
101298
91846
108724
104484
77876
53213
54757
101319
70300
60619
92216
77250
47303
81302
112314
30254
105469
50900
64324
67011
50215
67836
42202
107644
46604
113501
75179
43498
34943
78218
96143
91171
75982
33214
96361
86525
75139
61024
48225
45289
64006
60831
87802
33216
105625
95018
69781
40890
98107
77808
31182
84341
86463
66214
112661
96438
61778
58480
76272
38915
69395
71792
66502
90656
45606
50683
42801
58407
66869
96843
101803
33978
99884
32665
110413
39685
59053
73147
108004
110253
106346
112113
67454
60482
101504
87036
36480
62297
107249
99387
50120
90083
60458
85371
88847
106398
113181
59691
84212
91374
96388
70077
82798
71816
79994
72191
87443
29955
112514
87135
52856
108358
77407
32858
66457
54812
92619
43060
71337
91638
37859
65964
73069
91853
109079
94685
99481
26016
96429
106095
30388
112648
107766
33065
76486
35981
36223
42556
104646
28863
113498
81425
111438
74711
67184
89106
47026
65813
63601
41375
78139
112785
55051
41336
70590
78661
37017
85349
36061
46476
62946
96221
47428
26975
90373
42458
112396
110577
92101
32543
86477
74055
36924
98212
108688
59172
97436
107981
54785
40316
100521
42295
84507
81859
28887
102215
49142
90975
81210
41404
79108
108407
37315
48523
54211
87908
82739
108665
84349
81602
113932
78402
109290
49394
71264
100791
77364
88738
113187
103260
49068
32159
88526
96801
71830
70101
87998
59185
79388
60770
30810
96334
41968
72324
53013
70690
96811
62460
111306
49558
52939
104652
80031
40314
34655
96527
105137
63185
107217
90565
95118
90685
81699
95343
111923
89753
54864
67340
39722
79632
112289
113278
54432
52853
113517
85950
109143
105482
84309
114057
60613
43977
26458
83997
77152
71581
70535
113152
89293
93508
54605
83201
102471
95949
89731
113605
52028
60484
36702
57932
52994
112769
113407
38062
47199
57063
91478
33657
113241
58492
91886
73363
113582
74237
67512
97379
94838
94159
112479
56447
99156
74665
80928
48763
100429
49006
78876
44235
94030
48244
97637
98108
79789
95178
50140
96650
101077
114142
109873
84851
34307
55768
44539
87841
78891
44964
31390
74925
86654
104906
52157
41756
45276
93724
78356
101808
113747
85638
90068
109218
76003
31195
103128
111754
72892
33210
82228
84213
62338
69987
29072
89240
71403
75008
57196
26028
33837
29501
86167
89414
63745
113883
108693
72662
47580
67672
38994
48669
83446
90227
37050
57431
57868
54884
81034
89803
51049
47325
58788
108450
108725
32936
72701
92979
52813
71191
81846
57082
57659
38077
68880
51932
101127
50262
74493
91052
74478
41739
111269
101289
66880
62304
92713
55881
58191
109975
92835
74129
98183
80478
59749
56227
62071
113592
97086
81808
113830
92495
103087
91748
38791
91582
99435
109230
90141
97598
65786
64136
