38882
74020
80703
82698
43226
37198
72250
43049
32616
76098
92456
72565
56101
69289
37630
80706
109618
89575
90234
101081
108521
39866
92832
60117
44931
48019
95955
102222
49850
49624
106945
100159
79894
60121
77692
72922
92670
106849
99400
56131
66833
60481
104112
91963
37213
82052
86083
84372
69639
84005
76892
34304
99528
111821
90871
58151
35912
54961
79261
52487
68410
96187
85431
33571
111166
90347
98439
88408
100404
62238
108585
107215
42367
113815
77559
93053
34623
109668
67078
37612
24266
51875
53973
103537
54512
31651
72958
69835
70107
84111
98210
41349
92184
91300
31060
53604
111785
66716
88754
85930
90450
107550
45159
50163
58300
99704
38862
57995
29629
62146
103141
106800
84637
61988
88721
72400
114143
113654
86960
48627
102887
43502
94372
26570
107946
46834
89839
100295
106220
104077
28335
111225
89609
91191
72109
84026
108312
55681
77536
71604
55393
47964
29312
80580
100940
82854
62754
45287
88317
90830
96686
30088
103346
95017
111273
49306
109512
92125
83171
100386
107308
70992
37081
74800
73956
57612
92408
103521
106925
72020
108266
55185
83246
32436
24817
39165
80556
35526
49134
50076
38644
55187
73412
74712
94081
102939
29355
32988
92817
98356
91220
28115
62057
53023
92764
107681
50143
28497
80996
47494
34607
58307
109277
114482
63363
87270
103446
64803
61038
56065
102066
98001
57070
77822
67958
40795
112678
88388
50362
100978
105343
31740
39895
51036
31653
64426
37319
34963
94823
58806
85531
93370
49738
104647
36071
69596
100619
42512
110700
65358
31684
97962
87815
52107
51663
93613
76685
112092
58366
75549
65369
110363
96275
44752
109509
38521
91060
78003
92912
95225
42147
56421
93209
76901
92496
35389
31763
74011
41172
29313
64534
32686
52643
111289
102044
107785
42148
77106
78533
66124
70219
92004
89724
50832
92992
74135
72916
103933
28354
40571
80187
68779
90249
85255
75766
110040
112054
98564
79588
113884
97940
45484
58673
54368
33102
110919
44014
74900
64173
74059
74847
105094
101847
112482
46586
47036
107475
107955
61272
55242
97691
97410
40638
113863
60222
110450
78155
28324
60079
93859
60652
86977
68898
79523
85885
71130
46561
58514
65635
41033
55777
54582
53464
80539
57294
68855
60322
12376
58011
63006
36116
71618
105960
32555
64822
56033
92348
80839
60224
68014
76023
72355
77889
65850
60674
70115
58843
110555
99012
57596
70882
35720
113325
76751
95741
101589
54281
99601
69480
54758
91055
105306
88825
80201
81101
83804
59217
89685
48650
94705
78769
107420
96944
46265
70984
105103
73832
93019
90444
61838
106325
109920
53170
110724
109123
111041
105882
99976
43614
54650
47067
79316
47487
20590
30385
68616
99749
33855
94549
38541
39194
46438
36239
109087
86024
79088
87650
35258
55435
108766
113987
93641
109129
70835
63874
77502
91180
60987
31575
89464
36978
53136
44741
86088
56117
32558
53156
73146
39003
95637
94358
94925
72335
76846
81637
59666
58160
71524
106712
98679
94725
68400
56533
55715
75703
112819
81232
43499
66021
86550
89328
82910
55744
40222
105298
38687
83472
32082
113669
101018
48601
78055
85227
48760
91299
76706
73673
84345
39453
21443
97478
86377
63057
36304
110147
91063
80704
32625
55574
55816
85097
86090
74032
113319
112950
44238
97179
51567
82051
88741
39981
77583
94192
47488
79386
91053
108852
96217
32672
103165
45468
113864
89397
83180
54995
59966
82024
77257
29243
106188
25458
104232
54828
57122
104218
60918
111381
61605
92231
23815
79435
109829
97417
62422
97430
56920
41494
107516
50111
66862
79927
45792
59714
94462
70080
93275
85783
45932
53109
78773
61286
72548
83267
30809
48026
89301
65836
70239
69754
100091
77020
65887
85380
31358
44212
73119
98153
42030
103857
81045
58075
