40977
48695
64663
59810
43351
89468
61173
110359
37299
61730
60902
107119
109583
58189
89523
55398
24259
75014
62593
106154
65945
85426
67440
92102
52345
77733
61156
23230
55990
78536
54831
60616
27782
112695
75115
89319
48865
50746
81582
39629
63356
85038
58188
11735
72059
72104
25017
34006
29318
108687
59396
35071
61551
90777
57663
80772
73383
58269
86555
97549
99328
49151
90231
49851
32065
80234
81641
59778
74152
100192
91380
108592
102045
99587
52466
65176
100829
36893
100387
69582
66056
58782
97898
69030
98753
30564
32744
45179
35860
107910
41085
47170
104148
37489
41088
105241
33376
80481
89894
105035
71334
96658
53788
143865
66048
39361
62163
36161
74033
84836
65991
39408
26638
31832
57996
33969
79246
113373
76284
34184
109229
79188
31546
76367
88498
92255
24881
69782
74484
101228
103080
67438
42787
104971
91241
53218
103996
46578
77879
45843
104813
80775
57839
113689
87156
40748
42180
85954
111508
103018
68896
77979
109474
92880
113770
101755
93995
38019
38867
35954
