99806
67453
71519
66902
48613
104723
31456
84209
96501
44246
74130
100286
75533
50829
107803
104718
44547
78969
49387
86503
57978
92574
59933
78441
54032
32030
28624
77154
69221
84000
101046
72483
109024
83518
80403
112145
48080
87727
90095
60329
39940
104678
58994
104719
79552
43604
103483
109667
53971
104657
50957
72841
106295
30563
108790
86429
111502
76776
58330
32731
56564
18034
109299
68575
62550
103053
113503
30561
103496
82268
64357
95473
68881
59838
58311
60502
60496
37267
54385
61428
66888
86953
86557
99177
91777
96389
54499
56486
77436
40510
89147
65622
63869
67343
107651
71005
52473
72704
71711
70370
66894
85498
46861
86235
103072
66504
50025
48973
71224
65719
64162
104991
105032
107337
93299
106797
62385
64434
59802
50318
33321
42646
60378
84502
53478
107657
62865
66012
86508
42088
49024
38078
34930
66083
113697
72299
38928
60828
41836
57487
67589
79349
58471
72504
98337
112788
33178
32040
58483
46722
60830
111758
84949
47465
62574
111639
99154
31888
54103
90189
74133
95032
77077
69344
56909
91296
90531
67024
36303
39570
107143
65700
105190
47656
85284
97100
113467
59650
91636
63065
100458
53247
91032
