58162
136920
71963
113938
29787
60965
45535
80866
40584
60835
33122
64532
32016
90676
109179
103066
75986
112282
87730
106951
96002
85283
83067
55552
33590
24963
42078
29293
52126
110313
50959
34193
98993
58532
43323
33612
54217
46706
69386
41378
34187
39874
46621
31296
62287
108737
98184
81419
57975
106173
110886
73124
95810
94899
91177
32734
84205
85148
30273
98438
84447
61204
107575
95308
100790
45152
79454
87931
44329
76368
108519
85743
83186
45957
79462
87746
87490
110723
81609
110442
95009
88649
101382
60991
67337
101323
93376
101079
108853
103849
45008
111601
109086
53945
96471
68485
34918
36894
51751
62815
110387
36170
112902
36075
55885
97380
86258
72319
40282
112627
33236
51337
36897
73338
82795
112309
87536
96622
94423
61123
38912
62210
78656
40518
105890
79301
58766
98220
78655
83372
88753
47408
64453
48949
100039
89289
81344
97766
70516
78732
28295
79841
71456
69226
109346
71980
72981
39289
61574
110044
44596
41791
90329
36112
92957
91065
79645
41898
63282
64192
50655
80783
112674
72241
81581
49831
105989
71259
31646
87300
71154
67441
35052
99183
112937
112295
102951
42120
63362
61825
69932
87097
39173
80350
31563
66472
59364
76487
27866
48007
69589
60036
78708
46582
110691
69778
69842
56013
61303
43453
70391
100128
97192
88680
69437
103401
46965
110918
110634
81212
91926
108662
107344
75646
47638
50668
81303
60574
60903
105192
98698
54212
105979
105484
35618
61281
97928
58882
106676
67232
38998
45547
55156
52143
63706
55635
40938
105946
30541
95843
90008
61622
31042
82290
52931
65702
74650
82197
59434
50870
93059
113077
98073
47641
111526
113406
81407
37475
52461
77895
86950
101906
40736
94552
81914
83838
111026
66957
112437
34359
