58162
136920
71963
113938
65990
29787
89088
90937
86775
103699
60965
51157
45535
81091
80866
40584
113933
60835
105355
33122
64532
32016
90676
97471
28590
109179
103066
61000
75986
112282
87730
94236
91535
40230
106951
80701
96002
87001
85283
83067
55552
33590
24963
109619
55120
53500
63221
57526
76963
42078
29293
52126
94362
92710
54335
51843
110313
27906
50959
26507
34193
56720
98993
33881
58532
63549
106195
43323
33612
54217
46706
63597
69386
75313
34122
41378
34187
69418
101482
57929
39874
46621
47092
90674
109332
70483
95459
92302
51665
31296
62287
108737
98184
77608
107461
111789
29500
107498
111696
81419
78532
47820
57975
106173
46077
101911
58622
110886
65098
73124
73104
82223
70834
95810
63184
94899
107649
50759
44470
91177
32734
84205
29367
52771
85148
107790
30273
98438
84447
61204
89169
64164
107575
95308
100790
46560
45152
40363
76840
79454
84004
87931
44329
38916
76368
46629
108519
67169
86610
47024
85743
83186
45957
79462
69377
87746
87490
110723
81609
72520
45156
87842
110442
34050
5289
95009
67229
88649
101382
38641
60991
67337
69777
101323
93376
101079
85781
108853
103849
45008
47802
111601
109086
22272
61463
75495
53238
53945
96471
70883
41547
68485
34918
36894
51751
55372
62815
104609
37639
71232
30063
98078
110387
36170
112902
50964
95057
55727
36075
46111
55885
84140
79833
40041
97380
74628
89795
86258
72319
77482
40282
44262
40074
71606
111603
36265
112627
33236
61334
51337
36897
31457
88136
73338
82795
112309
87536
83560
96622
53723
69635
78162
110500
104542
94423
60002
61123
94535
58009
38912
47605
62210
78656
77646
94442
57516
40518
107860
66157
72430
105890
79301
36097
62801
111773
58831
58766
98220
78655
83372
49431
81679
88753
101048
47408
45936
64453
28235
86703
85264
48949
97706
106986
100039
64965
33508
62043
89289
81344
101333
43617
97766
70516
67144
111951
39875
88921
78732
28295
38506
79841
55806
71456
98103
69226
109346
71980
41736
72981
112651
35058
95293
39289
46668
61574
110044
44596
28791
41791
78819
25153
85266
90329
36112
45602
45476
26576
92957
91065
79645
41898
63282
104871
64192
41321
57616
96196
81491
39739
65705
99437
50655
80783
112674
72241
61321
81581
49831
105989
71259
31646
62704
87300
67527
71154
67441
56485
35052
99183
112937
63459
112295
13762
102951
56296
42120
64280
36164
24786
63362
45799
61825
113955
57815
69932
87097
95008
39173
78977
80350
93703
31563
66472
85228
31050
46570
59364
76487
108909
58535
27866
45589
33157
48007
72322
69589
84318
60036
59818
48947
104164
78708
112757
46582
110691
46405
99283
47233
69778
65085
105975
80503
69842
67405
56013
61303
75727
56015
32437
43453
113550
70391
100128
97192
56853
105809
71605
56094
88680
69437
109733
70945
72838
103401
46965
110918
110634
81212
44078
94862
91926
108662
37945
107344
43639
5288
75646
42877
47638
50668
59524
111050
81303
60574
41965
89430
44703
60903
105192
103137
107042
98698
54212
53442
108255
45687
151608
105979
100250
95765
105484
35618
107463
61281
80311
97928
58882
93371
61932
111319
96477
106676
67232
82592
52911
109909
59732
38998
68422
98678
45547
42502
64233
54843
55156
52143
63706
78965
98410
55635
40938
96218
73803
84585
98914
105946
40579
100685
30541
95843
55290
66039
40183
93592
72364
90008
61622
31042
82290
65505
51472
89258
72725
78767
56738
79396
50425
30274
50677
106495
52931
105623
65702
74650
82197
59434
50870
83043
93059
113077
98073
47641
111526
42199
99027
113406
98479
81407
89055
78705
78966
37475
52461
97010
77895
77537
92978
107307
86950
81030
101906
99548
44085
38789
88922
43556
30658
73660
62589
37324
40736
94552
81914
41069
36886
83838
111026
66957
112437
44910
77006
34359
