40153
89474
32097
63514
50292
27843
47434
102350
93355
82186
63522
74653
78074
99090
82006
53200
49181
57401
56842
108462
81795
33717
113640
98900
44263
81878
61695
23976
43524
113277
111980
89596
113516
92261
112090
43651
60270
72570
92551
90824
113283
99675
69217
100131
51161
38151
79401
58293
107963
58723
111160
43711
62084
52584
83364
35985
79217
46953
63511
41216
88711
95737
87508
34194
43616
48867
71338
105033
65366
98325
47769
88521
11730
64222
64591
76041
50174
99794
39334
55884
144325
108511
81330
30992
111960
106976
112730
101771
23968
88200
112998
62211
108091
92493
68095
136739
51314
44493
58507
106721
94439
90235
101367
64549
93548
68158
41862
41387
38267
85039
95971
111969
54384
97307
107873
66744
70829
104171
63530
25938
58827
111251
30851
86426
92905
101844
73294
85163
96547
73650
110554
94926
93941
39356
62188
31503
84650
107705
30944
58824
71014
89129
85596
82663
29984
94112
51639
107259
106649
93966
93624
61336
106761
65984
82844
20626
9993
109739
99833
72863
93111
61319
107601
54998
71236
47753
49451
139465
33623
81027
101435
36020
45688
68026
113207
66020
109600
58550
108402
93759
83189
58753
29702
49521
63001
97704
108810
63215
47066
73221
31789
31899
84302
101899
73020
27483
113648
75808
49664
102013
58026
27085
20012
112192
96234
86471
83274
98322
18919
101101
86012
34589
96235
56794
54040
65612
104849
85909
88805
75355
106397
35228
95903
95014
35721
100201
97550
34378
98762
79237
46184
77637
88234
35302
72760
37786
91447
111316
88585
25917
88645
100401
105474
84470
104281
58613
32751
105125
38897
83229
49256
64550
93158
61442
108132
54090
69811
54606
112422
98759
24676
84729
106281
28219
77121
104285
80205
30941
65868
69973
62727
98702
58604
112710
61977
96132
24160
40731
30558
105708
54871
74027
107268
42862
99477
47379
79039
41490
91189
43078
47721
82742
59624
102376
97353
79464
67888
69023
42463
92375
113999
62731
108598
82540
105781
58016
116214
41370
113699
63542
106238
67074
99887
50690
78857
105805
49013
64064
86911
54313
43692
53621
98805
56942
41599
30600
47089
113878
56910
93999
45242
82903
97442
15342
111961
54877
76633
112130
33365
109787
70735
87506
53436
90792
51033
132680
114067
109195
52941
61751
67311
32412
84813
97537
77686
52129
31293
100542
111122
107999
45270
50724
40054
56544
100811
90393
122761
45856
105428
98217
103572
101317
111567
72568
43346
51542
46866
62303
61595
42709
70078
113174
76422
75190
49341
42396
66528
103457
59800
99702
67108
54790
28325
50244
82900
82912
79882
44292
30947
72611
95688
48546
16556
57604
73747
96952
75729
103669
99185
69006
103396
89495
83307
93678
87137
92964
45083
68522
70867
42094
78967
39255
61623
32560
46049
105704
98487
51849
108635
99908
29174
60493
70419
94429
113787
90363
58169
87113
103975
117378
109443
51545
84204
42505
58638
96903
100163
49009
57806
69969
25679
41865
42215
94736
60737
100130
79521
20542
91239
38203
113856
20224
89082
37595
98044
40962
79146
113172
55437
44174
95396
104159
67245
110582
96478
20703
62770
52608
70868
83936
103458
71446
83580
73651
34651
86070
60216
62719
98258
35673
72371
96195
66649
80829
91003
26549
37640
111497
49260
73619
75079
107595
78487
41250
40497
83003
9022
104438
9552
69546
111268
50751
66194
84856
73815
43952
67375
25728
91209
23338
74583
109303
68210
114126
82891
98518
107033
35988
32736
89020
54809
84123
110489
34152
86448
79079
154444
33956
61326
45148
84310
65779
76501
50614
102899
48959
114477
74019
104748
55873
70985
70786
85035
105272
52765
53430
93905
27353
29427
57740
67913
98620
40964
110559
66077
63196
33446
44398
90220
104136
51722
94379
67404
64410
101552
64729
55220
73652
63359
94806
30384
52700
78598
109100
107394
64621
48489
48296
95870
102363
50913
69162
101654
54330
41352
53420
44317
95108
77914
43554
95406
102858
69306
95952
91596
71587
86509
67960
28597
97183
32161
75753
64232
51990
143973
66631
100983
34941
98976
92829
88788
92544
61815
45171
87039
66650
39484
89675
100418
105121
65333
66085
44215
45977
89083
36531
35952
87604
90402
113581
59403
48063
35996
42753
68112
57790
106691
120814
33793
45180
87906
14790
98889
27397
60165
99068
30395
104811
74050
78692
85256
91362
97535
88071
108134
56698
97433
50003
86211
57577
76074
111089
47492
67634
105184
70869
75513
54654
75755
108130
92295
107964
83336
72661
47299
46958
58234
33206
52526
85872
56157
77148
113534
89532
44643
21527
86036
50613
113184
109845
34019
113639
32308
41556
86609
78717
69843
78789
106920
53159
56320
109283
109660
96372
68092
58510
47597
56128
89230
95335
35051
37935
72891
91104
110897
77203
85918
103479
33305
62190
95964
80374
141697
44312
109637
88655
86147
37214
78257
47876
53537
90720
76005
25989
76782
30631
74832
90577
93853
33181
81696
86085
31435
45288
59450
81532
94900
51178
65747
47864
113667
87509
79369
70267
55514
82693
72395
56147
112067
63055
109401
93583
73589
106551
54075
27086
66014
67393
27664
99543
40580
53850
74389
64097
111303
62185
59183
85483
109916
87476
31657
112761
77921
75457
110185
30859
101161
49571
157291
33123
75206
100887
81309
33711
60070
8070
102360
31433
74739
61728
27826
111823
108084
113969
40397
71113
105082
83033
76429
65191
68910
50444
32539
42537
52341
77014
86228
87148
93407
85240
56217
110557
104071
69531
113394
103063
58537
109669
83903
63357
26466
89611
61872
93994
90360
99496
82381
108887
113081
34698
74740
88774
66977
63826
56901
42879
75440
86549
76624
90381
105575
75118
29210
88411
86652
22958
98266
111520
59890
51638
20746
113158
99308
55621
40754
88923
41998
88410
77312
69396
54334
71755
50488
79958
51960
31159
62052
58530
81023
108590
104641
22873
80156
76327
48914
112062
29019
70520
60812
114147
109715
31769
64147
86277
102548
100242
93908
105102
76425
42218
97629
129657
101062
60396
100699
109782
109568
24224
30076
81960
43590
70828
77036
111714
16405
96941
88134
101957
49610
60913
88639
83300
31348
98390
30943
81874
41869
52131
90828
73090
78703
89052
112420
110645
71660
87196
52075
62212
39651
59649
102529
101112
54355
37234
80229
102375
42913
103549
40850
30200
69124
67325
96231
107805
76354
101588
56846
64129
52540
76428
85123
37702
46646
93485
102979
52741
40412
93341
77429
22255
33702
84635
59106
108315
74951
42984
83155
43838
70689
78759
30335
26594
102883
71919
39252
99697
66847
78788
33120
41400
72625
88991
106759
67176
102305
55741
34734
71128
58585
105278
70015
28357
109060
93826
105369
101843
90826
85717
60990
40832
34166
101700
77266
76543
6670
50028
93625
37236
111698
56525
65146
137743
97931
93784
112554
79553
102809
55766
86458
73817
73760
83484
32862
98987
80519
101080
73249
31033
89614
94968
105463
76426
29686
106919
89830
70522
85548
39400
31198
104917
60615
100158
104395
79516
109569
77917
82155
81176
67171
49665
61130
84202
92025
110485
94140
60558
113797
91739
39236
100793
53461
64190
29171
96274
38494
61600
73368
79128
82275
27282
87409
90401
132310
103867
34305
30948
37648
81895
107186
96354
95644
43663
56795
84364
39837
87503
56672
70368
78803
38871
20409
83245
62069
101653
78521
54488
58397
58258
111049
83069
90629
78178
112444
88830
33235
68859
36088
101961
99080
71008
28457
94111
73684
89307
88940
61110
82578
74476
107147
23367
60654
99041
38500
37649
19294
45757
94889
45269
106426
66200
57435
109163
50485
105847
76606
38179
62721
41601
61128
36786
98310
56206
80060
111820
112493
40652
113508
82014
46889
55781
51637
57404
68630
52486
78285
103902
30078
66089
65787
80771
63461
80712
98235
91144
105637
64894
98842
65706
104309
88804
83377
93922
93269
28790
84039
62213
79220
106116
128833
43674
96020
50077
106391
50744
49568
113068
93701
112106
95331
85907
20010
64558
62311
76420
92099
29269
29704
34480
81186
113820
44792
68288
95244
52936
107016
63817
102365
42460
90631
32939
46535
73085
62545
78883
105683
69388
87452
26314
80564
66086
94570
42354
80190
87661
36236
98425
60679
53892
42806
58937
76638
84343
55280
56636
55409
84723
101621
85248
107388
96525
72630
113106
111247
61504
37030
73089
28356
48486
90953
66079
76504
98667
87184
109343
94824
85451
55373
90745
43497
19296
57642
40429
53197
41190
82598
56652
78541
100088
85811
88122
95788
47124
40447
44559
69813
99778
81429
102065
60460
70264
101053
65967
39852
108680
117893
68848
45976
70032
88491
96120
97454
82536
87618
52070
86932
81502
50967
32162
64713
96347
50845
48301
107410
89852
96105
40177
36900
89534
103031
64641
69405
94834
77253
29499
103133
54362
77734
58487
64539
100822
66865
33673
88266
33861
63523
72268
70553
40311
39034
93906
52415
32165
66019
97514
62572
48015
107028
46666
93163
8207
44044
29525
80487
28941
34420
98147
95540
31356
103022
82535
78118
98080
78476
81698
62991
54076
35830
42703
108129
53256
99491
45978
51317
36708
97398
36877
48051
101084
48447
62327
65136
19295
87507
77500
96058
84317
72328
73606
66835
101613
109152
36478
52536
103068
38885
72242
106379
85232
94151
42689
107045
76962
41529
67053
39081
99270
98549
30792
51666
41388
69321
107040
34151
71445
75048
71452
107524
34176
36911
65636
42914
73686
44133
54439
67804
65915
110784
107097
12942
71462
85262
64380
69873
76433
67443
41917
47766
60658
55025
113284
112294
83612
