63514
50292
27843
47434
102350
82186
63522
78074
99090
82006
53200
49181
57401
56842
108462
81795
33717
98900
44263
81878
61695
43524
113277
89596
113516
92261
112090
43651
72570
92551
90824
99675
69217
100131
51161
38151
79401
107963
58723
111160
52584
35985
79217
46953
63511
41216
88711
95737
87508
48867
71338
105033
65366
98325
47769
88521
11730
64222
64591
50174
39334
55884
144325
108511
30992
111960
106976
112730
101771
23968
88200
62211
108091
92493
136739
44493
58507
106721
94439
90235
64549
93548
68158
41862
41387
38267
85039
95971
54384
97307
66744
104171
63530
25938
58827
111251
30851
92905
101844
85163
96547
73650
94926
93941
39356
62188
31503
84650
107705
58824
71014
89129
85596
82663
29984
94112
106649
93966
93624
61336
106761
65984
82844
9993
109739
99833
72863
93111
107601
54998
71236
47753
139465
81027
101435
36020
45688
68026
66020
58550
108402
93759
58753
29702
49521
63001
97704
108810
63215
47066
31789
31899
101899
73020
113648
75808
102013
27085
20012
112192
96234
86471
83274
98322
101101
86012
34589
96235
56794
54040
65612
104849
88805
75355
106397
95903
95014
100201
34378
98762
79237
46184
77637
88234
35302
72760
91447
88585
25917
105474
84470
104281
32751
105125
38897
83229
49256
64550
93158
61442
108132
54090
69811
54606
112422
24676
84729
28219
77121
104285
80205
65868
62727
98702
112710
61977
96132
24160
105708
54871
74027
107268
99477
47379
79039
41490
91189
43078
47721
82742
59624
97353
79464
69023
42463
92375
113999
62731
82540
116214
41370
113699
106238
67074
99887
50690
78857
105805
64064
86911
98805
56942
30600
47089
113878
56910
93999
45242
97442
15342
54877
76633
112130
33365
109787
70735
87506
53436
132680
114067
52941
61751
32412
84813
97537
77686
52129
31293
100542
111122
107999
45270
50724
40054
100811
90393
122761
45856
105428
98217
103572
101317
43346
51542
46866
62303
61595
42709
70078
113174
76422
75190
49341
42396
66528
99702
67108
54790
50244
82900
82912
79882
44292
95688
48546
16556
57604
73747
96952
75729
103669
69006
103396
89495
83307
87137
92964
45083
68522
70867
42094
78967
39255
61623
32560
46049
98487
51849
108635
99908
60493
70419
94429
90363
58169
87113
103975
117378
51545
84204
42505
58638
96903
100163
49009
69969
25679
42215
94736
60737
79521
20542
91239
38203
113856
20224
37595
40962
113172
55437
44174
95396
104159
110582
20703
52608
70868
83936
103458
71446
83580
73651
86070
60216
62719
35673
72371
96195
80829
91003
26549
111497
49260
73619
107595
78487
41250
83003
9022
104438
69546
111268
50751
66194
84856
73815
67375
25728
91209
23338
74583
68210
114126
82891
98518
107033
35988
32736
89020
54809
84123
34152
79079
33956
61326
65779
50614
102899
114477
74019
104748
70985
70786
85035
105272
52765
53430
93905
29427
67913
98620
40964
110559
66077
63196
33446
44398
104136
51722
94379
67404
64410
101552
64729
73652
63359
30384
78598
109100
107394
64621
48296
95870
102363
50913
69162
101654
41352
53420
44317
95406
102858
69306
95952
91596
97183
32161
64232
51990
143973
34941
92829
88788
92544
61815
45171
87039
66650
39484
105121
65333
66085
44215
89083
36531
35952
90402
113581
59403
48063
35996
68112
57790
106691
120814
33793
45180
87906
98889
27397
60165
99068
104811
74050
78692
85256
91362
88071
108134
56698
97433
86211
57577
76074
111089
47492
67634
105184
70869
54654
75755
92295
83336
72661
47299
46958
58234
33206
52526
56157
77148
113534
89532
44643
21527
86036
50613
113184
109845
34019
32308
41556
78789
106920
56320
109283
109660
96372
47597
56128
89230
95335
35051
37935
72891
110897
77203
103479
33305
62190
95964
141697
44312
109637
88655
86147
37214
78257
47876
53537
90720
76005
76782
74832
90577
93853
33181
81696
86085
45288
59450
81532
65747
113667
87509
79369
70267
82693
56147
112067
63055
93583
73589
54075
27086
66014
27664
99543
53850
74389
64097
111303
62185
59183
85483
109916
87476
31657
112761
77921
75457
110185
30859
101161
49571
157291
33123
75206
81309
60070
8070
102360
74739
61728
27826
111823
108084
40397
71113
105082
83033
76429
65191
50444
32539
42537
77014
86228
87148
85240
110557
104071
69531
103063
58537
109669
83903
63357
26466
89611
61872
93994
90360
99496
82381
113081
34698
74740
88774
63826
56901
42879
86549
76624
90381
105575
75118
29210
88411
86652
22958
98266
111520
59890
20746
113158
99308
40754
88923
41998
77312
69396
54334
71755
50488
79958
51960
31159
62052
81023
104641
22873
80156
76327
48914
112062
29019
70520
60812
114147
109715
31769
102548
100242
93908
105102
76425
42218
97629
129657
101062
60396
100699
109782
109568
24224
30076
81960
43590
70828
77036
111714
16405
96941
88134
101957
49610
60913
88639
83300
31348
98390
81874
41869
52131
90828
78703
89052
112420
110645
71660
87196
52075
39651
59649
102529
101112
54355
37234
80229
102375
42913
103549
40850
30200
67325
96231
107805
76354
101588
56846
64129
52540
76428
85123
37702
46646
102979
77429
22255
33702
84635
59106
74951
42984
83155
43838
70689
78759
30335
102883
71919
39252
99697
66847
41400
72625
88991
106759
67176
102305
55741
71128
58585
105278
70015
109060
105369
101843
90826
60990
40832
34166
101700
77266
76543
6670
50028
93625
37236
111698
56525
65146
137743
97931
93784
79553
102809
55766
73817
83484
32862
98987
80519
101080
31033
89614
94968
105463
76426
29686
106919
89830
70522
85548
39400
31198
60615
100158
79516
109569
77917
61130
84202
92025
110485
94140
60558
113797
91739
39236
53461
64190
96274
38494
61600
73368
79128
82275
27282
90401
132310
34305
37648
81895
96354
95644
43663
39837
87503
56672
78803
38871
20409
101653
78521
58397
58258
111049
83069
112444
88830
68859
101961
71008
28457
94111
73684
89307
61110
82578
74476
107147
23367
99041
38500
37649
45757
94889
45269
106426
66200
57435
109163
50485
76606
38179
62721
41601
61128
36786
98310
56206
80060
40652
113508
82014
46889
55781
51637
57404
68630
52486
103902
66089
65787
63461
80712
98235
91144
105637
64894
98842
65706
104309
88804
83377
93922
93269
28790
84039
62213
79220
106116
128833
43674
96020
50077
50744
49568
113068
93701
112106
95331
85907
20010
64558
76420
92099
29269
29704
34480
81186
44792
95244
52936
63817
102365
42460
90631
32939
73085
62545
78883
105683
87452
26314
80564
66086
94570
42354
80190
87661
36236
60679
42806
58937
76638
84343
55280
56636
55409
84723
101621
85248
107388
96525
72630
113106
111247
37030
73089
48486
90953
66079
76504
98667
109343
94824
55373
90745
43497
57642
40429
53197
41190
82598
78541
100088
88122
95788
47124
40447
44559
69813
99778
102065
60460
70264
101053
65967
108680
117893
68848
45976
88491
96120
97454
82536
87618
81502
50967
32162
64713
96347
50845
48301
107410
89852
96105
40177
36900
89534
103031
64641
69405
94834
77253
29499
77734
58487
64539
33673
88266
33861
63523
72268
70553
40311
39034
93906
52415
32165
66019
97514
62572
107028
46666
93163
8207
44044
29525
80487
28941
34420
95540
31356
82535
78118
98080
78476
81698
62991
54076
35830
42703
108129
53256
99491
45978
51317
97398
36877
48051
101084
62327
65136
87507
77500
96058
84317
72328
66835
101613
109152
52536
103068
38885
106379
94151
42689
107045
76962
41529
67053
39081
99270
98549
51666
41388
69321
107040
71445
75048
107524
36911
65636
42914
73686
44133
54439
67804
110784
107097
12942
71462
64380
69873
76433
67443
41917
60658
55025
113284
112294
83612
