63984
58162
99946
38882
136920
71963
113938
74020
65990
29787
89088
90937
86775
93383
103699
60965
90214
80703
82698
51157
43226
90779
37198
45535
70849
72250
56782
49288
98584
97626
43049
6803
59314
81091
32616
107219
76098
80866
92456
40584
72565
56101
113933
79689
99964
51216
94389
52603
60835
105355
78166
74102
33122
64532
55441
90922
73375
32798
59319
56546
32016
90676
69289
37630
87216
58731
80706
97471
28590
70682
109618
109179
103066
23938
61000
75986
78108
112282
32737
50027
87730
89575
39018
90234
94236
69895
101081
108521
91535
40230
106951
39866
80701
92832
83683
96002
112850
87001
60117
85283
83067
99573
55552
33590
89535
97553
44931
55010
24963
109619
48019
36291
95955
35316
72698
55120
85011
48894
53500
87388
63221
57526
98694
76963
102222
49850
42078
32641
79300
100344
45520
107723
94329
29293
80027
49624
68627
52126
94362
106945
92710
54335
100159
95528
101385
51843
98744
110313
27906
79894
60121
110087
50959
26507
34193
105501
77692
81784
97992
67406
72922
56720
60043
33304
98993
87850
33881
77564
63295
58532
27080
63549
80773
92670
74973
106195
106849
99400
58185
43323
56131
33612
54217
98826
49386
66833
7311
35232
60481
104112
101492
46706
91963
63597
57363
37213
83195
46543
82052
69386
86083
58707
75313
34122
84372
69639
100252
41378
76607
70474
78008
84005
76892
62053
34187
69418
45268
101482
34304
99528
57929
39874
111821
90871
27867
46621
47092
58151
90674
104610
109332
73962
107482
57980
70483
35912
54961
74884
79261
59928
97610
77199
52487
82368
68410
56468
96187
107868
85045
95459
27784
37308
67370
45472
92302
51665
65331
31296
52556
62287
108737
43706
85431
33571
43712
98184
77608
111166
90347
107461
40886
98439
111789
29500
107498
75854
111696
57394
81419
54246
70413
60102
78532
47820
88408
88370
66467
85117
57530
57975
100404
49444
62238
106173
39624
46454
106531
113105
46077
101911
66956
113832
58622
110886
73637
108585
65098
55322
48239
52111
61408
73124
73104
65697
107215
42367
82223
111129
78981
113815
70834
82005
112306
95810
77559
92490
58207
46388
93053
90579
109760
34623
89415
109668
67099
102597
109779
63184
102069
79945
67078
46836
50071
37612
94899
107649
58277
48443
24266
50759
65989
44470
51875
91177
53973
62793
54861
32734
84205
29367
78963
103537
52771
54512
25620
85148
107790
14194
31651
98624
72958
66156
69835
32747
99596
106492
42971
30273
98438
70107
84111
47153
88931
98210
44231
41349
84447
61204
89169
105701
100056
64164
77858
41730
92184
91300
31060
53604
107575
56258
57249
111785
66716
95308
110474
100790
88754
85930
46560
45152
83694
94783
40363
84107
76840
50497
79454
43819
84004
87931
90450
113851
55485
107550
45159
44329
35493
82333
37433
38916
76368
50163
58300
46629
108519
88662
67169
113579
86610
58296
99704
44501
47024
83174
38862
91662
69591
112813
57995
80770
27921
85743
81989
29629
43367
62146
109067
83186
62333
61084
111231
103141
30252
45957
106909
79462
112175
69377
106800
60213
50333
84637
87746
87490
61988
32255
109126
69615
89875
50256
30182
49555
44583
88721
72400
114143
67090
113654
110723
81609
58538
62939
86960
48627
102887
43502
72520
52268
112657
6796
31839
45156
87842
57503
94372
26570
110442
107946
79993
34050
94295
5289
46834
95009
89839
88478
67229
88649
101382
100295
38641
75667
106220
104077
28335
53594
88219
111225
98082
71034
62607
60991
86311
89609
40355
54970
99325
26260
100018
67337
62875
69777
91191
36289
72109
64790
101323
84026
93376
108312
101079
85781
94664
100382
106032
108853
55681
103849
47156
45008
47802
77536
111601
58039
101490
109086
71604
89818
55393
22272
47964
61463
75495
29312
90356
94522
53238
80580
100940
53945
108777
82854
62754
96471
37383
45287
36796
88317
90830
38178
96686
30088
103346
37209
70883
95017
65356
73920
111273
41547
49306
87126
95895
109512
68485
34918
111230
91566
92125
77141
113845
108768
83171
36894
84018
100386
51751
53625
55372
56509
62815
66546
104609
107308
71534
99506
70506
70992
113961
37081
37639
90756
71232
74800
73956
57612
30063
98078
92408
103521
69752
112052
106925
72020
110387
60647
108266
55185
28291
36170
55249
112902
63128
113871
83246
50964
32436
95000
95057
24817
81980
55727
39165
36075
46111
80556
100040
55885
8856
84140
89870
35526
79833
40041
103374
97380
49134
74628
50076
80346
102841
83427
70423
104843
91947
38644
55187
73412
89795
36876
80676
74712
94081
86258
72319
102052
102939
77482
40282
29355
68675
44262
40074
59451
32988
71606
92817
111603
37434
104420
55283
36265
72306
112627
98356
33236
91220
28115
104861
37490
113601
68067
107941
43868
34706
78879
62057
53023
39626
52276
61334
92764
75350
103502
107681
51337
36897
31336
50143
28497
80996
31457
88136
53155
88440
73338
1831
47494
80607
65721
82795
24587
112309
34607
87536
6455
83560
92265
33526
58307
112487
109277
114482
96622
53723
66243
34189
86559
69635
78162
33810
93967
94507
60842
110109
63363
87270
103446
110500
104542
94423
64803
90357
58315
60002
61123
94535
58009
38912
96902
101178
108968
61038
64221
56065
102066
47605
98001
113637
62210
78656
77646
87790
54442
96223
29747
94442
70524
57516
57070
40518
107860
66157
58357
72430
105890
69654
79301
112388
36097
91885
74021
77822
58605
67958
40795
62801
105336
112678
88388
85611
40645
111773
56473
44022
50362
100978
42466
105343
68120
31740
58831
58766
98220
38251
69612
50145
39895
89058
51036
52871
78655
31653
83372
64426
49431
97313
33740
37319
81679
93639
34963
45265
19596
94823
67067
57505
58806
88753
101048
47408
62450
45936
64453
75337
85531
28235
53959
77880
56392
63171
71834
86703
93370
70058
49738
94769
41047
104647
70519
85264
48949
97706
36071
153248
106986
93381
68266
100039
64965
33508
62043
89289
69596
81344
100619
101333
71133
42512
109095
110700
34735
65358
43617
31684
97962
87815
97766
70516
67144
111951
52107
82011
90077
102917
51663
93613
39875
88921
87061
76685
38790
78732
87681
28295
69173
112092
38506
111400
58366
79841
55806
68889
66753
78106
75549
72671
93128
53544
65369
110363
71456
96275
98103
72123
32990
75403
50898
69226
109346
44752
88329
109509
38521
45357
91060
78182
33570
71790
78003
71980
41736
92912
95225
72981
112651
35058
28123
84118
42147
106353
95293
39289
67878
30275
56421
96227
57030
85494
93209
76901
46668
17033
61574
102420
92496
35389
31763
74011
95267
47705
41172
29313
64534
113276
109477
110044
50721
87128
106903
44596
32686
28791
41791
68719
78819
25153
85266
52643
90329
37705
111289
36112
35788
55626
59834
94172
102044
107785
101824
35659
45602
45476
42148
26576
92957
32221
91065
105905
77106
110337
74333
78533
66124
70219
84097
106854
92004
79645
89724
37941
43359
50832
41898
92992
74135
101147
72916
63282
105792
104871
103933
54903
28354
60810
87529
111930
80143
47519
52005
79075
53417
70152
21525
64192
102605
41321
40571
34858
105307
80187
31367
68779
90249
54254
57616
58174
96196
81491
39739
14930
85255
92487
75766
110040
95436
84978
112054
80569
65705
40411
99437
39734
50655
80783
71567
98564
112674
72241
79588
113884
61321
70693
81581
97940
78109
49831
105989
45484
80786
71259
31646
14957
58673
62704
54368
68239
33102
112233
110919
44014
87300
91554
74900
64173
74059
67527
48226
74847
71154
51682
105094
99996
67441
92300
56485
99592
101847
72305
65309
113968
35052
99973
59299
68364
99183
112482
85121
39697
52475
112937
46586
47036
107475
63459
75469
70927
107955
63539
40159
79793
96136
112295
61272
95210
13762
93552
55242
102951
90203
56296
97691
100831
97410
98894
40638
42120
64280
60144
36164
57067
90612
24786
97860
92376
29667
85676
63362
21950
45799
84108
40362
113863
66160
60222
110450
101825
78155
61825
113955
28324
57815
49586
60079
103400
69932
53745
87097
93859
95008
39173
78977
60652
67079
86977
113392
68898
32797
79523
85885
40058
94559
80350
93703
42558
33372
71130
46561
31563
58514
113719
65635
56737
70879
41033
66472
7054
55777
54582
85228
72003
56527
53464
78926
31050
46570
59364
80539
76487
51773
57294
108909
106899
136629
68855
60322
12376
90165
73894
58011
109174
39620
58535
63006
36116
69751
88592
78393
63705
71618
27866
45589
105960
69645
33157
48007
102955
32555
72322
96023
69589
84318
60036
64822
25842
59818
56033
92348
80839
60224
68014
90213
76023
78005
74310
87831
42874
72355
77889
53260
34362
76364
65850
60674
64449
102867
105643
70115
104866
73834
58843
98040
110555
99012
37486
57596
48947
53618
104164
78708
112757
46582
110691
98395
46405
70882
99283
47233
69778
35720
113325
109911
65085
105975
80503
69842
67405
76751
53123
83699
72953
56013
61303
30149
95741
75727
101589
54281
59346
99601
56015
81718
59295
69480
32437
54758
91055
105306
43453
75561
88825
35984
96884
80201
81101
83804
59217
113550
72758
70391
100128
97192
56853
103534
46357
45630
78734
109176
66790
105809
104604
89685
48650
71605
63271
56094
88680
94705
78769
112123
107420
87686
69437
96944
53501
109733
70945
46265
70984
72838
105103
73832
93019
90444
61838
106325
35997
103401
59584
109920
53170
46965
104116
110918
79838
110634
112250
77712
42167
110724
109123
81212
44078
111041
94862
82973
105882
91926
66154
100398
57282
108662
82046
99976
81329
93130
43614
105097
54650
37945
47067
48451
79316
47487
107344
83473
59588
46602
96461
20590
30385
67855
35602
43639
39945
5288
68616
98566
99749
33855
94549
38541
88658
28780
77757
39194
47472
75646
91483
46438
84448
36239
92506
102942
109087
76693
72577
42877
86024
82949
79088
93054
47638
50668
59524
111050
81303
60574
70899
41965
89430
87650
44703
35258
60903
55435
105192
108766
113987
100939
103137
93641
107042
98698
54212
109129
91696
100205
70835
69976
57959
99446
73139
63874
81919
77502
58262
94219
61675
91180
98703
111681
57525
54751
60987
31575
89464
53442
57749
108255
86702
36978
53136
44741
86088
56117
45687
32558
151608
69760
53156
73146
39003
95637
105979
100250
94358
102274
94925
98074
83655
95765
105484
72335
72117
35618
107463
76846
56868
61281
83208
81637
59666
35227
68327
55942
29729
80311
46967
72713
97928
58160
71524
58882
93371
31820
61932
106712
111319
98679
94725
68400
65099
56533
55715
112855
75703
96477
112819
106676
67232
73626
90921
82592
42368
25015
105092
52911
94907
109909
34007
81232
27678
43499
59732
66021
86550
89328
82910
38998
50610
87070
86982
103750
78718
13869
55744
68422
98678
40222
105298
38687
73334
45547
92967
83472
32082
113669
95043
42502
12516
82673
61464
102851
64233
101018
48601
54843
15882
78055
81450
85227
48760
116691
91299
55156
109641
55011
76706
36156
9568
107424
80753
52143
63706
78965
54787
90781
64732
73673
47401
78287
84345
39453
96685
92359
41792
21443
106417
64540
97478
28382
112370
86377
63057
100745
36304
98410
64541
110147
64634
55635
40938
91063
54528
104754
80704
65083
60494
29071
96218
73803
39976
99168
80025
32625
55574
89621
55816
85097
86090
74032
93579
80094
44128
113319
84585
104953
98914
112950
44238
97179
80708
48477
51567
105946
112360
40579
82051
96701
35989
69948
51733
107916
45105
73624
88741
39981
100685
30541
101840
77583
94192
95843
30253
97340
55290
55867
47488
66039
66299
79595
40183
93592
149235
72364
100461
79386
90008
61622
91053
31042
108852
2180
82290
96217
65505
51472
32672
89258
72725
96947
83422
103165
78767
60128
56738
45468
50627
79396
58239
113864
89397
46537
50425
41827
83180
30274
52846
70782
54995
50677
59966
100730
86813
106495
82024
68872
41339
77257
52931
105623
45356
63197
65702
74650
26110
29243
103508
32194
106188
82197
25458
59434
104232
58241
54828
99044
57122
50870
61448
83043
93059
90233
70692
104218
113077
98073
93010
47641
111526
108453
64589
113400
28326
39554
78272
42199
58958
99027
60918
105234
113406
84621
111381
85105
98479
85841
68443
61605
92231
23815
81407
79435
109829
78539
97417
94855
62422
89055
78705
97430
56920
32318
78966
41494
107516
50111
37475
62799
35137
50270
52461
66862
97010
79927
1832
77895
78834
77537
45792
59714
92978
107307
44543
84122
94462
70080
93275
45074
18423
85783
62807
45932
100154
56191
53109
78773
86950
60534
76836
54253
61286
81030
91399
101906
48109
22597
49757
72548
38250
80144
83267
47165
33554
29413
86255
99548
44085
30809
48026
38789
68765
88922
43556
89301
73623
95295
30658
65836
42979
70239
69754
43326
73660
39735
100091
77020
62589
69894
65887
85380
37324
40736
39978
94552
94288
66443
81695
81914
107110
91952
97286
46303
41069
78976
103125
31358
36886
83838
44212
73119
111026
66957
98153
112437
42030
103857
81045
44910
90867
82649
77006
58075
34359
