60019
88690
55808
96803
92180
102227
48113
28237
83212
67880
46054
113525
113245
54096
66997
36349
44592
50686
100626
150689
71785
36798
87133
82796
66471
103515
74833
45200
54431
84991
70009
68784
39730
32710
40069
101938
51050
102992
33440
91669
66193
60537
33103
63464
82427
36186
71002
70420
89702
79380
99555
96015
41395
40997
111276
61006
32749
100339
106678
76377
42948
95893
33873
64306
93211
55643
47367
88756
93271
100612
76688
75689
74976
54436
65508
29429
29730
40728
89689
53633
97429
37467
106189
60694
86374
77158
93558
96360
87897
79982
87548
100314
113251
63072
90199
99389
105569
57473
65475
65914
54214
112508
87894
66773
69429
66324
105737
80941
46017
84424
39632
105826
53447
112129
97510
113041
44526
83273
60279
77435
60577
86562
69789
45262
43070
113721
76906
31355
84211
85361
31664
113600
53872
50326
71401
89687
109738
92537
92966
93380
83185
85353
63283
87466
105254
38519
80271
50430
100279
49713
110486
53988
82261
92350
64810
97539
69355
56511
52756
112686
84442
105883
34680
71766
23328
65840
57470
46585
34846
