63514
50292
27843
47434
102350
82186
63522
78074
82006
53200
49181
57401
56842
81795
33717
44263
61695
43524
89596
113516
92261
112090
43651
90824
69217
51161
38151
58723
111160
79217
46953
63511
41216
95737
87508
71338
105033
98325
47769
88521
11730
64222
39334
55884
144325
108511
30992
111960
106976
112730
88200
62211
108091
58507
94439
90235
41387
38267
85039
95971
97307
66744
104171
63530
25938
58827
111251
30851
92905
101844
85163
73650
94926
93941
39356
62188
31503
107705
58824
71014
89129
85596
82663
29984
106649
93966
93624
61336
106761
65984
9993
109739
99833
107601
54998
47753
139465
36020
45688
68026
66020
58550
93759
58753
29702
49521
97704
108810
47066
31789
31899
73020
113648
102013
20012
96234
86471
98322
101101
86012
34589
96235
54040
106397
95903
79237
46184
88234
35302
72760
91447
105474
104281
105125
38897
83229
93158
108132
54090
69811
54606
112422
24676
84729
28219
77121
80205
98702
61977
96132
105708
74027
99477
47379
91189
43078
82742
79464
69023
42463
113999
113699
67074
99887
78857
105805
86911
98805
56942
30600
113878
56910
93999
45242
97442
15342
54877
76633
112130
33365
109787
70735
87506
132680
114067
52941
32412
84813
77686
31293
100542
111122
107999
45270
50724
40054
100811
122761
45856
105428
98217
101317
43346
46866
61595
70078
76422
75190
49341
42396
66528
99702
67108
54790
50244
82900
82912
79882
95688
16556
57604
96952
103669
103396
45083
68522
70867
42094
61623
46049
98487
51849
99908
60493
70419
90363
87113
51545
42505
58638
100163
69969
94736
60737
20542
91239
38203
37595
113172
44174
110582
20703
52608
70868
83936
103458
83580
73651
86070
62719
35673
91003
111497
49260
73619
107595
41250
66194
84856
73815
67375
91209
23338
74583
107033
35988
89020
54809
84123
79079
61326
114477
104748
70786
85035
105272
52765
53430
67913
98620
33446
44398
94379
63359
30384
109100
107394
48296
69162
41352
95406
102858
69306
91596
97183
64232
51990
34941
92829
88788
92544
61815
45171
87039
105121
66085
44215
89083
113581
59403
35996
57790
33793
45180
87906
98889
60165
99068
74050
85256
91362
108134
86211
57577
111089
47492
105184
70869
54654
75755
83336
72661
47299
77148
21527
50613
109660
96372
89230
95335
35051
72891
110897
77203
103479
33305
62190
95964
141697
109637
86147
78257
47876
76005
76782
90577
59450
65747
113667
87509
79369
82693
56147
93583
54075
27086
66014
27664
99543
53850
64097
111303
109916
31657
112761
75457
110185
30859
157291
81309
60070
8070
102360
74739
61728
111823
108084
71113
105082
76429
65191
32539
77014
86228
87148
104071
69531
103063
58537
63357
26466
89611
61872
93994
113081
34698
88774
63826
56901
42879
86549
90381
105575
86652
22958
98266
111520
59890
113158
99308
41998
69396
54334
71755
50488
51960
62052
22873
76327
112062
29019
70520
114147
109715
31769
100242
105102
76425
97629
101062
100699
109782
109568
30076
81960
77036
111714
96941
88134
101957
60913
88639
83300
31348
81874
41869
52131
90828
89052
112420
71660
39651
102529
37234
80229
102375
42913
103549
40850
67325
96231
107805
76354
56846
76428
85123
46646
22255
33702
59106
74951
42984
78759
30335
102883
39252
99697
72625
88991
106759
55741
105278
109060
105369
101843
90826
60990
34166
77266
6670
50028
93625
37236
111698
93784
102809
55766
83484
32862
98987
80519
101080
89614
105463
76426
29686
89830
70522
39400
60615
79516
109569
77917
92025
110485
60558
113797
91739
39236
64190
96274
38494
61600
73368
79128
27282
90401
132310
37648
95644
39837
87503
38871
20409
78521
58397
58258
111049
112444
88830
101961
71008
28457
73684
89307
61110
74476
107147
23367
38500
37649
94889
45269
106426
66200
57435
109163
76606
38179
61128
36786
98310
56206
80060
40652
113508
46889
55781
68630
52486
103902
66089
65787
63461
80712
98235
64894
65706
104309
88804
83377
93922
93269
28790
84039
62213
106116
128833
50077
50744
49568
113068
93701
112106
85907
20010
92099
29269
29704
34480
81186
52936
63817
73085
105683
26314
80564
66086
42354
80190
36236
60679
42806
58937
76638
84343
84723
101621
85248
107388
113106
111247
73089
66079
98667
109343
94824
55373
43497
57642
40429
53197
82598
100088
44559
69813
99778
102065
70264
101053
65967
88491
82536
87618
50845
48301
107410
89852
96105
40177
103031
69405
64539
33673
88266
33861
63523
72268
70553
66019
62572
46666
93163
8207
80487
34420
31356
82535
78118
98080
78476
81698
54076
35830
108129
53256
45978
48051
101084
87507
77500
96058
72328
66835
101613
109152
103068
94151
42689
76962
67053
39081
98549
51666
107040
75048
36911
65636
42914
73686
54439
67804
110784
107097
71462
67443
55025
83612
