86281
73656
42744
40977
48695
64663
58335
113071
59810
43351
59797
113080
88389
52008
63578
77900
63358
34966
38052
68651
109113
85054
89683
61699
78610
68010
89468
51643
98441
60019
100547
105444
61173
108126
80997
88679
55846
109964
64377
56294
111880
72233
76640
110359
113975
25342
100032
96800
79890
59798
74382
37299
88690
51835
95489
72964
83910
55808
109251
68421
77248
61730
60902
64391
70840
37979
72069
105247
46252
26677
107119
58814
88068
94003
42799
55359
38337
80260
105587
96803
54099
90571
46534
100328
78545
59452
39164
54367
109583
60680
58189
110399
86276
89523
86938
92180
35949
102286
47938
67479
76141
102227
71131
76102
95806
44363
52814
55398
96900
53122
79155
24259
75014
90355
58143
89781
92894
45975
87132
62593
77195
101713
84525
68138
93403
106154
14344
75764
77915
99312
92103
73326
61030
52465
69547
98934
48113
68960
94807
33067
93206
28237
83212
102273
108446
67880
94123
55513
70048
53613
65945
46054
113525
113245
54096
86254
66997
39167
36946
85426
62121
43071
66774
97466
94905
49857
39517
36349
113604
111051
52027
98773
91532
33633
46063
42797
58584
44592
67440
68267
56767
50686
92102
52345
34400
47751
77733
88919
45077
48704
100626
61156
109675
109847
150689
93171
100609
100704
57081
23230
100647
85718
109476
87004
100763
65466
66416
63021
111347
105972
58406
88235
68289
55990
104854
71785
3304
66209
82220
77973
70836
72539
34123
28914
29017
36798
36479
78536
87133
82796
54831
105274
86919
57354
32922
60616
67894
54750
59552
27782
87846
102281
66471
62922
112695
98490
103515
96646
26263
79258
109096
75115
66172
31607
54389
34125
60099
95269
90748
79289
86833
89319
84933
52992
90142
48865
69129
80263
76537
74833
45200
85040
71451
58337
86878
103625
52452
88659
56673
54431
105990
102833
37934
82597
80992
84991
48645
43925
45631
50835
91216
50746
70009
97435
34969
54438
81582
32873
39629
108536
64369
68784
82394
91514
61794
63356
107272
70919
39730
113520
69457
59781
103114
58359
47231
76213
32710
33782
67403
85038
111498
68337
40069
58188
101938
62818
42207
100238
91666
39936
94901
66212
51050
71439
41231
26512
101125
34127
87749
54740
69116
102992
84929
32790
90331
111791
33440
91669
11735
66193
101281
71576
34944
87865
70402
97793
113076
95036
96536
112257
72059
64850
69784
72104
47914
61933
110556
105250
84467
40160
57347
25017
67620
99842
41795
56014
89805
109562
33877
31652
41560
94816
59224
77346
84636
60024
109291
60537
78917
109737
87142
85459
33103
72693
113757
44132
67503
34006
85542
69279
101619
98747
63464
50774
92067
39562
29318
82009
54909
111465
82175
110587
99030
108687
113831
111968
33790
59396
35071
32615
61551
65513
108867
94511
82427
90777
31574
44256
56098
57663
98145
42551
102192
34982
56571
112916
80772
66066
78768
49334
37052
87656
57202
96404
106336
44130
112077
73383
58269
63091
36186
50024
103907
91026
104045
66958
105657
71002
86555
70420
89702
80114
35528
101203
100428
82007
106322
108799
98623
69131
60910
80081
44325
97549
92620
90749
71006
81024
99328
110860
49151
53525
79380
84506
91454
86991
99555
90231
49851
96015
108651
41395
49600
79086
32065
40997
57205
111276
31892
61006
42144
94609
86736
99878
32749
80234
81641
62792
100339
74156
59778
73745
106678
64857
61782
78881
94184
83941
76377
42948
75711
86653
56572
95893
82274
94610
74152
33873
64306
93211
91301
55643
47367
88756
65857
95264
30220
103144
52999
100192
44753
107389
34025
70047
103438
75810
31413
58358
112258
46165
91380
96226
100813
105697
33664
101623
48542
101807
93271
109517
41875
29453
100612
102284
93652
41483
108685
105601
108592
34902
85053
105711
76688
112215
38894
102045
88312
109102
88167
75689
68883
29326
71707
107952
90166
87853
74976
99513
54407
53744
110366
84280
109962
108386
62284
107706
99587
49588
72228
55026
112133
52466
70780
83944
54436
106666
65176
45011
33688
31656
50831
99313
65508
78816
86538
95647
27179
73657
47376
29429
102250
40727
64531
100829
40961
52757
73070
37385
54232
62117
28567
29730
79494
46292
46643
40728
70740
36893
100387
97155
69582
90215
42063
51634
105291
100800
34737
89689
76267
101366
90209
66056
53633
58782
44755
75721
38605
97898
78524
69030
97429
96593
37467
106189
60670
87742
39738
60694
98753
86374
30564
63728
77158
93558
53995
96360
107819
32744
87897
110962
95394
25951
113658
19773
67036
47097
45179
79982
87548
41688
54891
100314
26920
54960
92206
45161
40234
49608
113251
35860
60569
82945
77660
107910
68548
62009
69102
56234
44268
99741
50523
72431
63072
67061
31476
87787
72971
38064
64382
51594
31142
89259
90199
93830
92494
95855
99389
105293
58512
76908
64515
64472
99275
113796
40512
84819
41090
79591
28502
104032
96530
94776
60909
41085
47170
75196
49913
32222
53874
55469
113468
105671
59418
29369
32168
104148
32063
55266
105057
71761
92799
113741
37323
105569
112994
50671
78709
75980
69970
46182
78831
57473
111985
67055
65475
98891
65914
29214
111797
54214
37489
112508
40513
80498
60100
38082
79342
65701
72549
78933
78702
87894
98838
85853
62992
46774
41088
90609
63009
72531
66773
85409
69429
104471
55418
66324
105737
108886
52591
59093
96509
96822
74534
113793
87726
105241
74483
108252
75965
33376
73748
53733
109976
61700
80481
102587
108092
73177
87305
81209
80941
89894
55474
55938
74378
105035
63780
46017
41906
29706
85787
66475
105706
33366
84424
62440
110692
71334
99906
111719
63088
82954
108695
109326
96658
111962
53788
109080
143865
39632
24413
106411
30800
74029
65852
82714
66048
61602
45793
39361
61190
67636
28164
67387
103180
103045
80578
51845
62041
32864
106664
57353
38839
102481
62163
36161
55729
69298
76881
105826
100578
53447
74033
82097
106054
84836
112129
103983
39277
97510
103494
65991
76244
83642
53120
77649
97469
63086
58446
56873
60543
39408
87890
25990
67619
113041
44526
38844
37195
112744
73567
62339
71663
70546
56216
61355
61290
43715
83273
113072
64969
47892
26638
74064
55369
31832
80785
79848
104015
50431
37887
60279
63083
40899
49160
57996
33969
32174
78385
107918
107131
95845
73057
50173
37655
52969
27180
50919
50848
69585
109762
58069
102064
70178
89426
103353
49277
71012
79246
103664
70537
113373
71011
111671
63298
112496
76284
77435
60577
37007
95074
86562
33208
70676
69789
40383
75259
34184
32861
29294
45262
43070
19421
63107
49165
113721
76906
111952
94424
111467
72017
111403
62585
98879
75552
109229
85736
86152
77019
79188
105509
104750
50419
31546
86548
63541
104715
76367
45531
58631
31355
88693
41497
88498
87909
99393
84211
61721
74904
85361
92255
56569
73840
31664
106818
68625
96131
75274
107518
43469
88166
34173
66248
87788
78087
56522
24881
58351
113600
53872
70482
50326
57730
103864
87761
58251
42555
78818
51205
69782
90057
91444
89064
60351
85287
66152
111627
39437
44785
84281
90933
78825
102993
95132
54121
52411
71401
89687
91218
55506
97822
67859
109738
107371
44973
92537
74484
68307
70847
101228
83476
103080
97887
31346
59940
66238
42717
109213
46030
58196
67438
60398
56050
92604
38872
67237
98411
83779
99731
33719
87212
100307
50697
92953
92966
39022
42787
100806
104971
91241
74652
93380
80095
88938
41587
80287
48121
53218
74859
66341
94971
66982
50857
91208
83185
28500
73224
61909
100683
69610
84552
103996
65624
114128
85353
111712
63283
87466
46578
71506
65884
105254
77879
68674
35210
97149
65995
112556
72960
38519
81557
35063
41238
77641
35807
73178
46323
80271
50430
109323
65946
62320
88495
47936
100279
39395
83771
45843
49713
52156
110486
66632
77139
53988
104161
99570
99042
41883
67409
90330
109023
65608
91543
102628
100771
82261
45283
48021
34372
64317
85373
75550
104813
92350
27410
89780
90045
86063
100425
91960
64810
53477
48368
80102
80775
38194
97539
77414
69355
95630
106822
45510
101937
32164
90216
92245
55824
51245
57839
56700
65713
111724
76375
79599
113689
41622
56511
71116
87156
35510
52756
30396
28343
112686
58004
40748
42180
85231
85954
86125
71631
84442
111508
35004
86224
40259
82482
80464
44178
106555
64901
34371
103018
105001
96396
68896
39467
77979
109474
105883
113535
85115
92880
66686
45621
114114
48628
34680
50337
71766
61002
23328
113770
101755
77157
63605
88615
42089
60980
89674
60015
93995
65840
98683
98421
108942
79195
61984
62771
38019
38867
79526
54213
94711
57470
60008
79087
102224
30467
46585
34846
53265
35954
53849
93993
111010
