96748
94654
60682
50517
76577
58767
85015
39485
53124
49653
60006
112502
57711
84844
50078
61419
69936
45164
49195
84788
38728
54034
42982
45173
25649
92169
114146
59566
83647
105450
107656
96441
95012
84800
45160
96625
28592
88229
103284
33323
64766
84972
111117
44761
67105
38665
48024
79040
65613
71475
27382
91846
104484
77876
53213
54757
101319
70300
60619
92216
77250
112314
30254
105469
67011
50215
67836
42202
46604
113501
34943
78218
33214
96361
86525
75139
48225
45289
64006
60831
33216
69781
98107
77808
84341
86463
66214
112661
96438
61778
58480
76272
38915
69395
71792
66502
45606
58407
101803
99884
110413
39685
59053
73147
108004
110253
106346
67454
60482
87036
36480
62297
50120
90083
60458
85371
88847
106398
59691
91374
96388
82798
71816
72191
29955
112514
87135
77407
32858
54812
43060
71337
37859
73069
91853
109079
94685
99481
96429
106095
30388
112648
107766
33065
76486
35981
36223
42556
104646
81425
67184
89106
65813
63601
41375
55051
41336
70590
78661
85349
46476
62946
96221
47428
26975
42458
110577
92101
32543
86477
36924
98212
108688
59172
107981
54785
40316
100521
42295
84507
81859
28887
49142
90975
79108
108407
48523
54211
87908
82739
108665
84349
113932
78402
109290
49394
71264
100791
88738
113187
103260
49068
32159
88526
96801
71830
70101
60770
30810
72324
53013
70690
111306
49558
104652
80031
40314
34655
96527
63185
107217
95118
90685
81699
95343
111923
89753
54864
67340
79632
112289
113278
54432
113517
85950
109143
105482
84309
114057
60613
26458
83997
71581
113152
89293
93508
54605
102471
95949
113605
52028
60484
36702
112769
113407
47199
57063
113241
91886
73363
74237
97379
112479
56447
99156
74665
80928
48763
49006
78876
44235
97637
98108
79789
95178
50140
101077
114142
34307
55768
44539
87841
78891
44964
104906
52157
45276
93724
78356
101808
113747
85638
90068
109218
76003
31195
103128
72892
33210
62338
69987
29072
71403
75008
57196
26028
86167
89414
63745
113883
72662
67672
48669
57431
57868
81034
89803
58788
108725
71191
81846
57082
101127
91052
74478
41739
111269
101289
66880
55881
58191
74129
98183
59749
56227
113592
97086
81808
113830
92495
91748
38791
91582
99435
109230
90141
