16237
61734
42069
81436
80668
108516
73421
27399
114064
64258
81137
39845
56740
110490
40220
28318
74302
50129
40667
84276
31758
75987
97365
83345
111687
104044
72317
81899
57445
56862
78813
52004
28688
61565
70060
41087
57718
41880
87258
83652
61199
57467
107055
100581
41484
102197
42090
56394
44341
68983
44948
50717
45604
104597
55302
50670
109520
49837
62789
84038
110102
50720
108591
99034
37729
68870
98676
113463
59970
111181
50089
58286
76611
78234
105267
36871
95636
60805
107190
32727
40906
63800
64383
113712
26096
66770
56119
58144
109465
57731
95382
47817
65086
85568
96747
63644
38796
47836
107958
78884
102512
95124
111911
79519
73396
59612
96671
43362
80259
35299
100537
32547
72365
84811
56474
108640
69834
95794
82130
68623
107866
62351
64347
77440
66223
56594
56266
93969
57705
52328
79642
80910
73175
98901
45834
38961
50217
59301
50113
94152
72794
70859
68087
73769
73601
107251
84382
52508
53308
63858
112826
96539
50930
36238
99290
104220
93626
62971
111140
59688
97485
33406
113282
101480
52968
62277
69757
93573
105789
65234
79278
94207
100899
46452
97264
39447
92441
77487
45308
106477
25343
39932
109915
86825
49120
68091
99700
96964
34178
54467
33668
43333
81955
77162
44413
38022
91036
84186
42600
53396
37913
51435
57226
76654
81160
30092
104517
52812
107288
99315
54895
109417
52837
98918
36353
34927
94074
36837
63803
35054
69414
85967
50563
49227
113623
113224
55810
71626
92614
31524
93754
46379
24429
69301
75569
72621
43486
48316
76438
62230
85546
33674
62298
57990
105430
65910
56504
69384
105833
41140
40753
124419
93320
30498
110427
67112
75596
110530
90995
104624
86368
101291
62858
98693
81517
38270
50264
36189
88471
27404
77764
85802
94209
110804
64728
113977
73655
44933
72392
89257
70000
93343
51171
90039
57535
41486
86526
113294
81903
104634
109934
77317
86257
78887
68894
112696
89787
71992
64113
67895
43404
65778
110943
36211
97419
88057
86862
106941
22768
37329
88383
84787
88302
37836
37371
39726
91985
102230
91580
102731
51394
106494
93219
38917
41821
83562
63606
101633
101320
59505
51507
90349
38759
52794
106099
114048
49828
46494
51684
85457
78298
88436
67076
68849
32494
64837
78314
50365
93640
110031
87512
102916
48908
111907
43206
103312
71976
70561
85369
95104
80047
102840
76125
111004
110333
71320
104231
47177
107604
76440
64902
75643
81254
63934
35550
47044
52609
111031
90353
109502
84007
43282
90555
78056
58747
113023
111187
72581
61753
29929
109280
41005
113690
37331
90207
104271
53888
33030
51170
26971
44680
60834
45995
110050
32311
73219
767
53306
42074
42760
48510
84244
100468
113425
31717
38672
86015
44936
104328
79996
44762
69191
62951
55294
37885
81199
39898
109516
93841
108422
64575
113824
37641
51283
52503
75297
46989
29820
104760
65354
64440
100572
98009
76081
77765
50088
114018
63404
60071
29031
34910
61327
42338
61178
66206
102207
95097
62208
81690
73166
106005
58517
13388
108289
99588
61032
100637
95777
60775
94506
30300
77622
99944
113970
84624
76623
67808
45241
81552
47200
85406
74753
52874
49819
43363
31040
47118
79223
101124
61898
62288
99782
99644
113312
77533
76844
108461
83358
802
50715
82948
112962
74028
110298
75578
85048
69010
57178
56996
81952
48029
61615
82801
47966
59648
88612
40357
61435
110527
46609
112672
50091
63409
87245
45051
60522
50022
88699
91156
88352
65661
35761
58199
101318
59173
36670
51721
86166
104419
112050
32743
108068
47226
61686
99495
110034
93252
135951
22822
96345
69745
52590
72325
79431
34121
105500
78313
63998
74048
103697
79504
105856
25943
31342
105807
33512
83355
45947
93483
103335
112280
84174
58396
64155
49502
94188
