89141
112210
41828
106813
110414
74987
75961
83571
99806
40077
102919
63355
110887
104504
99747
67453
100394
59348
135162
92903
63735
108798
58176
109272
41347
44904
37303
89937
51648
100915
34901
71519
46847
51035
72710
58547
54356
41118
58481
113839
66902
77956
112214
66980
48613
79630
94902
98665
112364
105166
53431
113826
98264
104723
39546
93266
101150
31456
88654
84209
92097
93516
37760
69532
71547
96501
41590
108589
44246
46057
40148
81133
74130
109197
109118
44581
100286
30393
23224
73169
49778
73862
49616
39390
49826
106944
45537
99326
46161
71342
42037
79843
101535
88139
108793
106376
75533
92787
56687
70162
86900
50329
77013
63275
72135
113794
58528
69768
108540
85927
38117
100794
68750
61816
98769
97349
105005
111215
67610
51014
91016
104908
47853
100364
69931
34657
95141
48380
50829
63050
113812
91291
107803
105010
39265
73158
40757
69775
70731
64431
105235
66473
50216
67837
91649
104718
68351
94334
81032
31800
108659
100736
114069
44547
109413
33704
72966
32451
48692
33354
63739
36039
75456
64535
82295
95852
77565
89835
100815
69539
78969
47724
75333
89172
82895
82165
31103
72507
49387
56058
80518
70680
29241
106714
52230
78642
91017
86503
45921
57978
79191
97090
36057
66892
57339
61397
92574
84724
87457
103171
104695
85249
83586
59914
49452
43066
59933
45938
57371
98143
94825
78441
91443
45183
82414
80192
54032
98494
68717
33957
60708
90934
47965
101525
69410
32030
75319
75901
32172
28624
48647
105052
78736
38089
75553
105973
46711
77154
86845
81129
52144
58599
54760
45423
89398
51475
94006
113366
68098
86588
58214
32059
79119
69221
74488
79524
101608
84000
88525
90855
106670
67051
103073
98640
101050
72338
24133
91064
89321
40888
82382
36601
56174
63531
110715
70266
101046
71498
72483
45593
77955
61009
109024
83518
83891
35055
71632
94708
38841
86901
87309
110222
98339
62952
41393
62046
81394
65455
72932
80403
67879
87378
78523
103132
48275
102039
112145
59035
68716
44020
48080
87727
59894
70389
54889
87304
99280
66654
39331
85446
79511
60500
109529
67746
107384
84432
94020
81512
90095
96277
105323
42773
88739
40535
71471
99967
77378
67919
77797
60329
39940
69975
104678
83376
45925
79783
105472
113746
77255
84510
49765
64806
36980
57263
58994
41588
60035
102043
47442
39764
83339
73605
112070
63462
36406
58560
104719
59893
90825
79552
43604
51608
112366
45498
103079
45512
103483
44414
52099
69616
112700
85408
92715
56616
74148
52525
109667
44935
43664
70476
95784
44391
50404
92834
59086
82429
81198
75243
97874
99546
97121
66261
37268
64390
91318
88650
35822
107837
53971
46020
41872
59696
110229
104657
94430
54672
50957
72841
106295
99134
72193
39258
73323
66334
31654
49736
49557
30797
61162
43365
96819
53404
37470
112988
47271
62741
67891
58360
30563
78217
103140
47348
58365
108790
57762
55388
95844
110708
92019
80780
107497
44778
77739
86429
44253
36875
90794
85593
113335
45842
67884
92958
90054
100204
66930
77061
103289
111502
109334
36221
27990
108617
106466
76283
60837
83718
73743
83480
71344
76776
58330
84469
103543
45078
84008
32731
108416
56031
82276
69345
36720
97154
48472
56641
68850
56564
33207
30400
108385
113834
18034
81811
65336
74408
67957
73614
102882
89401
70054
44326
109299
79479
74081
58881
63758
42288
68575
33449
97665
60212
72511
62550
53989
112208
103053
36366
113503
30561
104403
103496
82268
113359
105639
91578
138807
64357
100694
106464
60125
112478
111975
45709
106677
96932
75825
83527
53855
113575
112852
100618
84480
47025
56741
94088
40900
88915
92424
51995
108523
102505
80382
96000
77501
41624
95473
46673
99347
66507
54097
104043
54216
88867
98820
95966
97418
53598
34026
68881
40918
79995
45988
93484
80844
86646
94633
31104
30632
65072
63816
112025
41401
61434
89469
44444
92882
86764
63897
93402
61269
68420
56315
80925
59838
46945
62955
31979
55068
39031
48057
83531
99266
91531
107095
76320
62812
46266
106722
110689
34124
93857
58311
106560
60502
74520
52838
66673
60183
97998
44698
64411
98681
73307
62108
96529
60496
75699
100309
37267
54385
61428
101225
84523
68162
90197
66888
103780
64898
107043
103579
80200
86953
59329
65192
56316
50750
95730
67355
56624
72366
87231
56078
86557
52231
102232
68445
57911
34873
67559
44786
99177
30751
79859
48727
46645
90354
100632
98054
74235
47949
94726
96328
33611
60622
91777
37300
99033
109597
111137
99436
60752
50897
113728
69809
96389
45103
112004
81037
84190
44017
80776
61558
56441
130085
54499
65471
45778
42798
57057
83650
56747
41793
65421
56486
77436
32154
73787
59807
31481
100257
53985
69242
101969
53856
57356
57931
61432
24503
100914
29431
16073
35588
89417
100467
33662
100981
31650
81335
88493
109069
82225
33556
93246
59610
89091
41042
90518
40583
40510
98223
83548
89147
76297
65622
71630
71504
83461
53611
92797
63869
81213
67343
99335
31992
77586
107651
38868
98256
60637
112076
85785
111163
37628
61973
107872
63838
104724
59729
100190
64731
31889
66959
41342
35965
71005
64292
57069
50743
33637
35320
72820
73168
46053
51602
35132
42567
77638
72952
50966
32733
55007
54387
52473
72704
84867
89940
110956
107869
96001
43972
102897
72393
58750
65076
44499
53172
29664
108008
110145
62931
78396
67356
74436
71711
83649
77800
78346
98621
70370
66894
59350
104165
85370
62025
70949
85498
93301
44264
36929
84489
94809
29001
56018
104205
76873
80924
83805
104547
106930
44394
90521
23740
73092
33374
97085
77277
84365
52932
56286
32738
87463
82627
110872
35013
77809
34703
66034
46861
53984
69841
91388
105797
86235
64367
44294
56718
40646
102255
57345
87916
41993
110411
31350
73910
52320
64605
98299
107949
108460
59640
78928
109852
97151
97592
86916
52003
46448
103072
28708
112367
60659
41394
33786
53960
86725
46294
66115
79419
98961
66504
98514
99572
41218
45859
50025
99966
65948
41502
76781
94710
52103
33121
104694
60166
74798
44320
102810
46867
113659
50895
66610
62447
56739
51944
85860
94715
32160
44591
105333
106936
34047
75527
48973
23226
83530
57436
103178
97241
82161
108507
82334
108145
73548
71224
109983
36836
65719
101922
112760
61750
48222
76860
93339
55105
71205
83204
72873
55269
96772
64162
47128
104991
58171
42864
46403
34049
38520
28821
103545
86460
56746
64405
72197
43615
61881
76103
83776
103130
82396
48641
40544
92068
76891
80056
111499
98904
61701
105032
93758
91297
58627
62259
84215
61274
26113
59553
38723
60063
63587
85199
78474
42957
87606
48512
25293
61940
48747
81576
30813
65143
41053
62302
83731
56539
63472
52642
62236
104909
46038
78192
107337
86815
94850
77789
93299
64238
97348
99638
60754
33687
43708
106797
90936
100527
62385
82834
107228
43468
65634
60836
57005
64826
72861
56099
56840
103201
89737
48018
27217
106665
112675
106248
87534
35647
64434
102532
96469
44466
67809
73174
76913
69139
49167
71159
59802
107048
112195
50318
109388
91240
33321
99045
49607
84505
85879
40572
96273
42646
60378
47893
36264
48722
93404
77688
97441
65672
75600
24644
71945
111790
88708
94325
33442
26863
60251
86957
65141
113524
91238
58216
103856
74705
32034
84502
102501
53478
52234
81950
56027
97245
44234
113941
73270
43683
85719
102296
50021
58893
81221
107657
53878
70759
91043
85336
111817
84740
69383
86309
57614
62865
43525
85317
77715
66867
75208
67152
19859
66012
45075
90168
38913
65524
86508
99911
94760
120357
111918
54200
109434
72826
104313
97927
46102
45820
92627
71791
80098
92709
41026
81807
59808
42088
42712
102623
49024
58405
102958
99532
77689
74932
93388
91774
47503
65439
86536
37022
110098
73771
100417
105290
109592
38078
61720
31375
29341
64446
109374
66323
78525
111795
33522
34930
103931
63632
59256
66083
113697
89077
29914
41804
42553
42509
35986
80092
108207
36246
72299
49609
55330
72211
104394
99538
32796
52232
78690
62141
38928
76938
68204
60828
41836
71082
112194
29495
65714
88313
26109
91219
94469
90689
108696
104612
57487
67589
48408
41139
107448
84210
53863
71450
66951
61153
86544
60673
72025
79349
76889
58471
56618
62893
90087
38431
112209
97211
72504
141456
64578
53523
98337
112788
75632
58333
48128
41204
33178
32347
105971
101838
40705
43341
69840
56523
73094
49733
77127
105608
67617
63003
32040
105344
112762
95338
112702
95471
88698
89143
58483
100119
75512
78885
84727
32704
100832
94994
58465
105634
97611
99092
46722
60830
91588
31823
49532
77352
107304
31455
87747
38647
52594
51775
111758
71112
84949
50046
32992
67437
34708
102194
111064
89537
88523
55798
34044
74174
67097
104158
95197
47465
84444
109821
112434
99595
53341
62574
81079
93925
64645
56769
76380
80798
61781
60463
42934
80944
91154
72146
95926
35462
58615
53749
79562
71108
69393
52462
107114
107015
55802
65370
111639
99154
88755
98076
98658
50176
66679
86649
44899
54761
31888
85110
106532
46538
106659
30137
58008
39013
102890
109490
86244
104414
41670
16810
81508
54103
89992
96970
69590
28282
107646
29366
104013
47696
57423
45360
108893
93833
53167
90025
97411
61113
59448
69604
80502
66706
90189
47834
83569
94966
65674
108748
69324
88137
79551
45710
96019
95800
74133
80396
57580
71582
53225
32193
79189
54500
108200
80366
85844
41424
88318
95032
110444
106946
35234
68902
77077
47445
102231
69344
44631
104496
56909
58146
32106
71114
97729
86914
70018
58220
45534
87385
99913
32410
81572
59133
105273
82372
91924
101049
91296
42360
45142
29340
90531
39243
45138
56518
60307
69123
80555
36635
41873
39163
111111
67024
35069
109501
31458
36303
72370
40360
74995
100502
66300
53147
73088
75247
39570
107143
57395
42861
32926
62944
65700
45104
92988
105190
54624
61361
47656
36269
85284
79772
88403
34142
75271
75517
81559
58758
61580
85358
93706
104926
86589
96331
97100
26060
104870
88926
86999
90690
113936
88652
72348
33071
70760
80105
97275
59414
69542
91515
58962
79241
100254
89545
54406
47289
102393
43203
97101
47204
98043
84857
57760
59919
79149
34669
113467
109918
84094
36567
82939
59650
65975
71959
42365
91636
106088
54936
92100
63065
40493
107945
85430
56503
36299
113725
40515
72817
49067
51022
102170
95129
41189
41867
100458
49744
113998
25926
104649
59405
89019
47482
53247
56535
76681
73620
92954
91032
96541
93920
46203
109347
61392
61023
53725
103296
72341
110874
105574
106597
88326
80603
98481
