88389
61699
98441
88679
72233
79890
83910
42799
105587
92894
14344
69547
94123
97466
111051
58584
68267
88919
93171
85718
111347
68289
87846
109096
66172
31607
60099
86833
71451
86878
37934
50835
61794
101125
71576
87865
41795
109562
59224
60024
109291
109737
72693
82009
111465
113831
33790
31574
42551
49334
35528
60910
110860
79086
65857
30220
103438
90166
87853
49588
55026
112133
83944
47376
62117
60670
110962
113658
40234
77660
68548
31476
87787
40512
32063
55266
71761
67055
78702
108886
81209
55938
62440
67636
55729
83642
67619
37655
50919
102064
103353
111671
32861
19421
111952
111467
86548
66238
42717
56050
99731
80095
88938
48121
91208
112556
72960
48021
90045
56700
40259
114114
88615
42089
89674
93993
111010
