113247
51087
111753
58786
113840
103987
30650
110506
85492
105288
80191
108254
78455
92571
107049
88750
111796
112026
93918
77054
85311
88314
80797
100251
74176
53248
71122
52538
64051
94436
69472
94359
94357
45536
110095
51496
107457
67934
94527
59420
113847
78677
49154
97772
81410
58803
104994
113371
78299
43478
29332
51181
45986
32946
85184
105026
63677
111935
76835
59674
39572
42826
90549
70475
73922
82832
101597
46600
84649
97096
113003
101126
50324
94464
82255
45158
76784
49767
82656
98231
109286
103840
97823
65831
76720
83913
101901
97473
94176
76512
55752
112770
36825
38331
75026
102594
67464
102530
72685
111125
98144
106633
64202
63543
27384
77441
95294
81607
45987
41589
72005
80714
113057
45392
37609
47451
94877
112544
104511
48837
48108
70776
97180
86552
86809
100160
74544
108573
84117
40388
103223
85791
78130
39372
82431
62483
100675
79082
32093
71389
105203
111771
91014
65241
64510
109302
75475
104742
39551
65023
53607
50512
110048
73354
69359
108754
62454
102554
78077
56440
74663
70028
108277
55547
111605
63760
113765
67469
46155
56079
46059
98936
62115
106211
70404
65264
37707
71353
40766
45390
93305
101638
45994
10525
53692
30938
108953
91187
30233
42024
73351
50716
64288
71768
45383
28241
94290
73702
96384
81920
60271
91383
38302
65525
71896
105232
