63514
50292
78074
49181
57401
33717
61695
89596
92261
112090
43651
69217
51161
38151
58723
79217
63511
41216
87508
71338
105033
98325
47769
88521
11730
64222
39334
144325
108511
30992
111960
106976
112730
94439
66744
104171
63530
58827
111251
30851
101844
73650
39356
62188
31503
107705
58824
71014
89129
85596
29984
106649
93624
106761
9993
36020
68026
66020
93759
29702
97704
108810
47066
31789
31899
73020
113648
102013
20012
96234
86471
98322
101101
34589
96235
106397
95903
79237
72760
91447
105474
104281
105125
83229
93158
108132
69811
54606
84729
28219
77121
80205
96132
105708
74027
99477
47379
91189
82742
42463
113999
98805
56942
30600
56910
45242
15342
54877
76633
112130
33365
109787
132680
84813
45270
50724
40054
100811
122761
45856
101317
61595
70078
76422
75190
49341
99702
50244
82900
82912
79882
16556
96952
103669
45083
70867
42094
46049
51849
60493
70419
90363
100163
69969
20542
91239
38203
113172
44174
110582
20703
52608
70868
83936
103458
83580
73651
86070
62719
35673
111497
49260
41250
66194
73815
67375
91209
23338
35988
89020
84123
79079
61326
114477
104748
70786
85035
53430
67913
98620
44398
94379
63359
109100
69162
41352
102858
97183
64232
51990
92829
88788
87039
66085
89083
113581
35996
57790
33793
87906
98889
60165
99068
74050
85256
108134
86211
57577
70869
72661
47299
21527
109660
96372
89230
35051
77203
33305
62190
141697
76005
76782
90577
113667
79369
82693
54075
64097
109916
31657
110185
30859
157291
60070
74739
111823
108084
105082
76429
65191
77014
86228
69531
103063
58537
63357
89611
61872
93994
113081
34698
86549
90381
86652
22958
98266
59890
113158
41998
69396
54334
50488
51960
62052
22873
112062
70520
114147
109715
76425
109782
109568
77036
111714
88134
101957
60913
88639
83300
81874
41869
112420
71660
39651
102529
37234
80229
76354
76428
33702
74951
42984
78759
30335
39252
99697
72625
88991
55741
105369
60990
34166
77266
6670
50028
93625
37236
111698
93784
102809
55766
83484
98987
80519
101080
89614
76426
29686
60615
79516
109569
92025
60558
39236
96274
38494
73368
79128
27282
90401
132310
37648
95644
39837
20409
112444
101961
28457
74476
107147
45269
106426
66200
57435
38179
61128
80060
40652
46889
55781
68630
52486
103902
66089
65787
80712
64894
104309
83377
93922
28790
84039
50744
113068
93701
85907
20010
34480
73085
26314
80564
66086
42354
80190
36236
60679
58937
76638
84343
84723
101621
85248
113106
111247
73089
66079
98667
94824
55373
43497
57642
53197
82598
100088
44559
99778
70264
101053
65967
88491
87618
50845
107410
96105
40177
103031
69405
64539
63523
72268
70553
66019
46666
8207
80487
31356
78118
78476
54076
35830
48051
101084
77500
96058
72328
66835
101613
109152
103068
76962
39081
98549
51666
36911
65636
54439
67804
110784
55025
