63984
38882
74020
80703
82698
43226
37198
70849
72250
56782
97626
43049
32616
76098
92456
72565
56101
52603
73375
32798
69289
37630
80706
109618
23938
78108
50027
89575
90234
101081
108521
39866
92832
60117
44931
48019
95955
72698
87388
98694
102222
49850
79300
94329
80027
49624
106945
100159
79894
60121
77692
67406
72922
92670
106849
99400
56131
66833
60481
104112
101492
91963
37213
82052
86083
84372
69639
84005
76892
45268
34304
99528
111821
90871
27867
58151
104610
107482
35912
54961
74884
79261
52487
82368
68410
96187
85045
27784
67370
85431
33571
111166
90347
40886
98439
57394
88408
66467
85117
100404
62238
106531
66956
73637
108585
55322
52111
107215
42367
111129
113815
82005
77559
93053
34623
89415
109668
67099
67078
37612
48443
24266
65989
51875
53973
62793
78963
103537
54512
31651
72958
69835
70107
84111
98210
41349
92184
91300
31060
53604
111785
66716
88754
85930
83694
90450
113851
55485
107550
45159
82333
37433
50163
58300
88662
99704
44501
38862
69591
57995
80770
81989
29629
62146
62333
103141
112175
106800
60213
50333
84637
61988
88721
72400
114143
67090
113654
86960
48627
102887
43502
31839
94372
26570
107946
46834
89839
88478
100295
106220
104077
28335
111225
98082
71034
62607
89609
54970
99325
100018
91191
72109
64790
84026
108312
94664
100382
55681
77536
101490
71604
55393
47964
29312
90356
80580
100940
82854
62754
37383
45287
88317
90830
96686
30088
103346
95017
65356
111273
49306
109512
92125
113845
83171
84018
100386
53625
107308
99506
70992
37081
90756
74800
73956
57612
92408
103521
106925
72020
108266
55185
28291
55249
63128
83246
32436
95000
24817
81980
39165
80556
89870
35526
49134
50076
102841
104843
38644
55187
73412
74712
94081
102939
29355
68675
32988
92817
55283
98356
91220
28115
37490
113601
68067
78879
62057
53023
92764
75350
107681
50143
28497
80996
53155
47494
65721
34607
33526
58307
109277
114482
34189
33810
93967
60842
110109
63363
87270
103446
64803
90357
61038
56065
102066
98001
87790
54442
70524
57070
112388
77822
67958
40795
112678
88388
50362
100978
105343
68120
31740
38251
69612
39895
51036
52871
31653
64426
97313
33740
37319
34963
45265
19596
94823
58806
85531
56392
63171
93370
70058
49738
104647
36071
153248
69596
100619
42512
109095
110700
65358
31684
97962
87815
52107
51663
93613
76685
69173
112092
58366
75549
72671
65369
110363
96275
50898
44752
109509
38521
91060
78182
78003
92912
95225
28123
42147
67878
56421
93209
76901
17033
92496
35389
31763
74011
41172
29313
64534
32686
52643
37705
111289
102044
107785
42148
105905
77106
74333
78533
66124
70219
84097
106854
92004
89724
50832
92992
74135
72916
103933
28354
21525
40571
80187
31367
68779
90249
58174
85255
75766
110040
95436
112054
80569
98564
79588
113884
97940
45484
58673
54368
33102
110919
44014
91554
74900
64173
74059
74847
105094
101847
113968
112482
39697
52475
46586
47036
107475
107955
79793
61272
55242
97691
100831
97410
40638
97860
113863
66160
60222
110450
101825
78155
28324
60079
93859
60652
86977
68898
79523
85885
42558
33372
71130
46561
58514
65635
56737
70879
41033
55777
54582
53464
80539
51773
57294
68855
60322
12376
58011
63006
36116
71618
105960
32555
64822
56033
92348
80839
60224
68014
76023
72355
77889
34362
76364
65850
60674
105643
70115
58843
98040
110555
99012
57596
98395
70882
35720
113325
76751
83699
95741
101589
54281
99601
59295
69480
54758
91055
105306
88825
80201
81101
83804
59217
72758
46357
104604
89685
48650
63271
94705
78769
112123
107420
96944
46265
70984
105103
73832
93019
90444
61838
106325
35997
59584
109920
53170
79838
110724
109123
111041
105882
66154
100398
99976
43614
105097
54650
47067
79316
47487
96461
20590
30385
35602
68616
99749
33855
94549
38541
39194
91483
46438
84448
36239
109087
76693
86024
82949
79088
70899
87650
35258
55435
108766
113987
93641
109129
91696
100205
70835
63874
77502
61675
91180
98703
111681
57525
60987
31575
89464
86702
36978
53136
44741
86088
56117
32558
53156
73146
39003
95637
94358
102274
94925
98074
72335
76846
83208
81637
59666
68327
55942
29729
46967
58160
71524
106712
98679
94725
68400
56533
55715
112855
75703
112819
73626
94907
34007
81232
43499
66021
86550
89328
82910
55744
40222
105298
38687
83472
32082
113669
82673
61464
102851
101018
48601
78055
85227
48760
116691
91299
76706
107424
73673
84345
39453
21443
97478
86377
63057
100745
36304
64541
110147
91063
80704
60494
29071
32625
55574
89621
55816
85097
86090
74032
113319
104953
112950
44238
97179
80708
51567
112360
82051
96701
69948
51733
107916
88741
39981
101840
77583
94192
47488
66299
79386
91053
108852
2180
96217
32672
96947
83422
103165
45468
50627
113864
89397
83180
54995
59966
100730
82024
77257
63197
29243
106188
25458
104232
54828
57122
61448
90233
104218
93010
64589
113400
28326
60918
111381
85105
61605
92231
23815
79435
109829
97417
94855
62422
97430
56920
41494
107516
50111
50270
66862
79927
1832
45792
59714
94462
70080
93275
18423
85783
45932
53109
78773
60534
61286
91399
48109
22597
72548
38250
83267
86255
30809
48026
89301
73623
65836
42979
70239
69754
100091
77020
65887
85380
94288
66443
81695
107110
46303
31358
44212
73119
98153
42030
103857
81045
58075
