81878
113277
99675
79401
35985
92493
44493
68158
41862
84650
108402
63001
63215
75808
27085
56794
65612
100201
77637
84470
61442
104285
65868
62727
112710
107268
41490
59624
97353
92375
62731
82540
116214
41370
106238
64064
53436
52129
51542
113174
73747
89495
83307
87137
92964
78967
39255
108635
94429
103975
49009
42215
79521
113856
20224
40962
55437
104159
71446
60216
72371
96195
78487
83003
104438
69546
111268
82891
98518
32736
74019
70985
93905
110559
104136
51722
101552
64729
78598
95870
50913
53420
95952
66650
39484
65333
36531
35952
90402
120814
27397
78692
56698
67634
92295
46958
58234
33206
52526
56157
86036
109845
34019
32308
106920
56128
44312
88655
37214
74832
93853
45288
81532
63055
74389
62185
59183
85483
87476
77921
49571
75206
42537
85240
76624
88923
79958
81023
48914
102548
42218
43590
70828
49610
98390
87196
59649
101112
54355
30200
101588
52540
77429
84635
70689
71919
41400
102305
70015
101700
76543
65146
31033
94968
106919
84202
94140
53461
81895
43663
56672
101653
45757
50485
62721
57404
91144
105637
98842
79220
96020
76420
44792
95244
42460
90631
87452
94570
55280
56636
55409
96525
37030
48486
90953
41190
88122
95788
60460
108680
117893
45976
96120
50967
32162
64713
36900
64641
58487
40311
93906
52415
107028
44044
28941
51317
65136
52536
106379
41529
69321
107524
64380
69873
76433
41917
60658
113284
112294
