74987
83571
99806
67453
71519
51035
54356
66902
48613
98264
104723
93266
31456
84209
37760
69532
96501
44246
40148
74130
100286
71342
101535
88139
75533
70162
63275
50829
107803
105235
104718
44547
63739
75456
78969
47724
49387
70680
86503
57978
36057
66892
92574
83586
59933
57371
78441
54032
32030
75901
28624
38089
77154
94006
58214
79119
69221
79524
84000
24133
91064
101046
72483
61009
109024
83518
71632
41393
80403
102039
112145
59035
48080
87727
90095
88739
77797
60329
39940
104678
113746
57263
58994
39764
112070
104719
79552
43604
103079
103483
69616
112700
85408
92715
52525
109667
59086
91318
53971
104657
50957
72841
106295
66334
49557
37470
47271
58360
30563
103140
108790
44778
86429
113335
92958
111502
109334
108617
76776
58330
84469
32731
68850
56564
33207
30400
18034
102882
109299
68575
60212
62550
103053
113503
30561
103496
82268
64357
113575
112852
100618
47025
40900
92424
108523
95473
53598
68881
86646
31104
112025
61269
59838
39031
107095
58311
60502
74520
60496
37267
54385
61428
66888
103780
107043
86953
56078
86557
68445
99177
47949
91777
50897
96389
61558
54499
56747
56486
77436
57931
81335
82225
33556
90518
40510
89147
65622
63869
67343
77586
107651
98256
66959
71005
64292
72820
55007
52473
72704
44499
71711
77800
70370
66894
104165
62025
85498
44264
77277
32738
66034
46861
86235
103072
41394
86725
66504
50025
52103
102810
75527
48973
103178
71224
36836
65719
64162
104991
42864
103130
105032
59553
61940
62302
83731
63472
78192
107337
93299
64238
106797
62385
64826
103201
106665
106248
64434
73174
69139
59802
107048
50318
33321
99045
85879
96273
42646
60378
36264
48722
97441
75600
94325
84502
53478
58893
107657
91043
84740
62865
85317
77715
66012
38913
65524
86508
94760
109434
45820
71791
42088
49024
93388
65439
38078
78525
33522
34930
66083
113697
89077
29914
42509
108207
36246
72299
38928
60828
41836
71082
29495
65714
26109
94469
90689
57487
67589
86544
79349
58471
62893
72504
98337
112788
33178
32040
105344
58483
94994
58465
46722
60830
111758
84949
104158
47465
109821
62574
93925
64645
56769
72146
35462
111639
99154
88755
50176
86649
31888
39013
86244
104414
54103
89992
97411
69604
90189
45710
95800
74133
80366
95032
106946
77077
102231
69344
56909
99913
59133
82372
91296
42360
90531
39243
80555
39163
67024
36303
74995
39570
107143
57395
65700
105190
61361
47656
36269
85284
79772
75517
96331
97100
97275
100254
113467
59650
91636
54936
63065
107945
100458
53247
91032
