33439
72456
91935
105229
98372
88839
64632
80093
48790
90606
136071
44424
78978
70105
58244
95182
38889
62425
58611
38891
75685
102068
86246
100340
71573
97034
54925
44216
110446
87306
75411
55686
63414
64583
68386
62743
78936
84397
59138
66724
111451
104396
70359
93088
105937
92758
85286
107593
62947
92753
35074
76900
87925
97399
83568
112723
75865
77981
49136
94200
90979
107922
42990
50396
85151
109089
84103
112152
105493
49172
57656
52833
82001
82814
66486
77888
85075
82747
111399
96350
61959
98757
48754
61461
49193
57636
57213
109464
62008
54557
50398
70170
44798
70917
99758
46322
27090
42824
93086
32133
42840
105151
61406
95084
69569
83403
79310
55751
80026
95674
72463
87082
113991
96784
62758
89268
64413
88767
32624
64802
47412
67608
88762
60692
65325
66976
75057
37884
81222
94921
83490
80609
74690
50239
92145
72401
49215
57361
70857
44074
45769
59437
32764
77676
46300
57349
55636
84864
57988
112321
83584
94284
85760
101678
96705
41459
56091
56095
62872
42540
64572
24131
78057
68093
38727
59964
108512
62428
54533
136314
86619
69182
73537
85778
60696
36067
111335
114066
84575
107690
67637
53115
100333
49171
82964
94045
64970
36412
49137
61010
83587
73915
31354
49166
109155
51897
104741
82953
83077
110968
37528
113399
58254
88766
98752
79538
50981
45846
96856
101258
108740
43061
112820
71796
105492
95065
30782
83080
67605
13891
52485
74991
50527
86308
53406
39953
112151
62791
114135
87190
83864
95346
104726
94431
70741
65722
70263
98375
102266
107927
53759
54186
69479
68573
47659
50393
99905
41458
99202
72842
80130
90613
38890
30268
42796
97206
107576
60730
97547
103808
92500
63492
81675
106359
77563
49535
52929
48011
78873
64899
78710
63280
104576
55326
111030
33359
38344
51771
77129
88223
83408
60735
95704
103564
61968
104047
61970
87517
68491
30258
30499
84450
93126
44203
108739
90082
28455
73536
41309
89816
43500
51876
66141
29821
38348
76657
87524
49170
41262
45400
