58176
41347
58547
113839
113826
41590
108589
81133
73169
79843
108793
106376
69768
100794
97349
91016
34657
48380
50216
81032
36039
100815
69539
75333
82895
31103
80518
61397
94825
98494
60708
32172
75553
52144
51475
101608
89321
70266
45593
83891
86901
87309
98339
62952
67879
39331
96277
40535
105472
84510
36980
58560
59893
74148
43664
70476
44391
82429
75243
64390
110229
94430
72193
49736
43365
107497
67884
77061
103289
60837
56031
44326
79479
58881
33449
45709
106677
83527
53855
77501
46673
99347
66507
88867
79995
93484
63816
86764
55068
91531
93857
52838
59329
46645
90354
94726
33611
109597
99436
69809
81037
44017
130085
73787
59807
101969
57356
29431
35588
89417
33662
109069
59610
83548
38868
33637
42567
50966
32733
110956
107869
96001
102897
67356
74436
94809
56018
104205
52932
77809
53984
105797
44294
56718
41993
64605
108460
33786
46294
79419
41218
104694
113659
50895
105333
23226
57436
82334
96772
56746
83776
111499
61701
85199
42957
48512
81576
90936
82834
72861
48018
44466
112195
91240
77688
71945
26863
44234
43683
81221
75208
90168
111918
54200
80098
81807
74932
91774
59256
62141
71450
61153
76889
58333
43341
105608
112702
89143
100119
78885
91588
31823
31455
51775
32992
55798
34044
74174
84444
80798
91154
95926
107015
55802
65370
98658
66679
106532
30137
102890
109490
69590
28282
57423
59448
69324
88137
96019
57580
85844
104496
32106
86914
105273
56518
60307
72370
100502
62944
45104
54624
104926
86589
88652
58962
79241
57760
79149
109918
36567
82939
106088
85430
36299
95129
104649
59405
47482
73620
105574
106597
88326
