112210
75961
102919
104504
99747
135162
92903
63735
44904
37303
100915
41118
66980
98665
105166
39546
92097
46057
109197
44581
73862
39390
49826
45537
99326
72135
38117
61816
98769
67610
51014
47853
100364
69931
91291
105010
70731
91649
114069
64535
82295
95852
89835
52230
78642
45921
87457
104695
49452
43066
91443
45183
90934
101525
69410
48647
105973
58599
45423
89398
86588
32059
88525
103073
98640
101050
72338
36601
71498
77955
65455
87378
78523
103132
48275
68716
59894
87304
99967
67919
69975
45925
79783
49765
64806
47442
63462
36406
90825
112366
56616
44935
95784
50404
92834
97874
99546
97121
66261
88650
35822
53404
112988
62741
95844
110708
44253
90054
66930
27990
76283
83480
108416
108385
81811
67957
73614
89401
72511
112208
36366
113359
105639
100694
60125
112478
56741
88915
102505
54216
41401
44444
92882
63897
93402
68420
62955
48057
83531
106722
34124
106560
97998
64411
62108
100309
90197
64898
50750
52231
34873
44786
30751
79859
74235
60752
84190
80776
56441
42798
65421
100257
53985
16073
88493
89091
41042
40583
71630
31992
60637
61973
107872
104724
64731
35320
73168
46053
51602
35132
77638
72952
65076
29664
78346
70949
93301
84489
104547
106930
44394
90521
97085
84365
35013
34703
64367
40646
87916
98299
107949
97151
97592
112367
60659
53960
66115
98961
99966
44320
46867
62447
85860
34047
82161
112760
71205
83204
47128
38520
64405
43615
76103
48641
91297
58627
61274
26113
38723
60063
87606
48747
41053
94850
77789
65634
56099
27217
102532
76913
49167
109388
47893
103856
74705
32034
102501
52234
56027
85719
102296
53878
69383
57614
66867
99911
120357
46102
92627
42712
102958
86536
110098
100417
105290
61720
29341
111795
42553
35986
49609
55330
104394
99538
52232
78690
112194
88313
91219
48408
53863
60673
72025
90087
112209
97211
141456
48128
73094
77127
63003
75512
32704
105634
77352
87747
38647
50046
112434
60463
52462
107114
44899
46538
41670
81508
96970
47696
61113
66706
47834
83569
65674
32193
68902
47445
44631
58146
97729
70018
58220
45534
101049
45138
69123
36635
41873
31458
75247
92988
34142
85358
113936
70760
69542
54406
102393
97101
98043
42365
40493
113725
41867
49744
113998
89019
56535
92954
61023
53725
72341
110874
98481
