63984
99946
38882
74020
93383
90214
80703
82698
43226
90779
37198
70849
72250
56782
49288
98584
97626
43049
6803
59314
32616
107219
76098
92456
72565
56101
79689
99964
51216
94389
52603
78166
74102
55441
90922
73375
32798
59319
56546
69289
37630
87216
58731
80706
70682
109618
23938
78108
32737
50027
89575
39018
90234
69895
101081
108521
39866
92832
83683
112850
60117
99573
89535
97553
44931
55010
48019
36291
95955
35316
72698
85011
48894
87388
98694
102222
49850
32641
79300
100344
45520
107723
94329
80027
49624
68627
106945
100159
95528
101385
98744
79894
60121
110087
105501
77692
81784
97992
67406
72922
60043
33304
87850
77564
63295
27080
80773
92670
74973
106849
99400
58185
56131
98826
49386
66833
7311
35232
60481
104112
101492
91963
57363
37213
83195
46543
82052
86083
58707
84372
69639
100252
76607
70474
78008
84005
76892
62053
45268
34304
99528
111821
90871
27867
58151
104610
73962
107482
57980
35912
54961
74884
79261
59928
97610
77199
52487
82368
68410
56468
96187
107868
85045
27784
37308
67370
45472
65331
52556
43706
85431
33571
43712
111166
90347
40886
98439
75854
57394
54246
70413
60102
88408
88370
66467
85117
57530
100404
49444
62238
39624
46454
106531
113105
66956
113832
73637
108585
55322
48239
52111
61408
65697
107215
42367
111129
78981
113815
82005
112306
77559
92490
58207
46388
93053
90579
109760
34623
89415
109668
67099
102597
109779
102069
79945
67078
46836
50071
37612
58277
48443
24266
65989
51875
53973
62793
54861
78963
103537
54512
25620
14194
31651
98624
72958
66156
69835
32747
99596
106492
42971
70107
84111
47153
88931
98210
44231
41349
105701
100056
77858
41730
92184
91300
31060
53604
56258
57249
111785
66716
110474
88754
85930
83694
94783
84107
50497
43819
90450
113851
55485
107550
45159
35493
82333
37433
50163
58300
88662
113579
58296
99704
44501
83174
38862
91662
69591
112813
57995
80770
27921
81989
29629
43367
62146
109067
62333
61084
111231
103141
30252
106909
112175
106800
60213
50333
84637
61988
32255
109126
69615
89875
50256
30182
49555
44583
88721
72400
114143
67090
113654
58538
62939
86960
48627
102887
43502
52268
112657
6796
31839
57503
94372
26570
107946
79993
94295
46834
89839
88478
100295
75667
106220
104077
28335
53594
88219
111225
98082
71034
62607
86311
89609
40355
54970
99325
26260
100018
62875
91191
36289
72109
64790
84026
108312
94664
100382
106032
55681
47156
77536
58039
101490
71604
89818
55393
47964
29312
90356
94522
80580
100940
108777
82854
62754
37383
45287
36796
88317
90830
38178
96686
30088
103346
37209
95017
65356
73920
111273
49306
87126
95895
109512
111230
91566
92125
77141
113845
108768
83171
84018
100386
53625
56509
66546
107308
71534
99506
70506
70992
113961
37081
90756
74800
73956
57612
92408
103521
69752
112052
106925
72020
60647
108266
55185
28291
55249
63128
113871
83246
32436
95000
24817
81980
39165
80556
100040
8856
89870
35526
103374
49134
50076
80346
102841
83427
70423
104843
91947
38644
55187
73412
36876
80676
74712
94081
102052
102939
29355
68675
59451
32988
92817
37434
104420
55283
72306
98356
91220
28115
104861
37490
113601
68067
107941
43868
34706
78879
62057
53023
39626
52276
92764
75350
103502
107681
31336
50143
28497
80996
53155
88440
1831
47494
80607
65721
24587
34607
6455
92265
33526
58307
112487
109277
114482
66243
34189
86559
33810
93967
94507
60842
110109
63363
87270
103446
64803
90357
58315
96902
101178
108968
61038
64221
56065
102066
98001
113637
87790
54442
96223
29747
70524
57070
58357
69654
112388
91885
74021
77822
58605
67958
40795
105336
112678
88388
85611
40645
56473
44022
50362
100978
42466
105343
68120
31740
38251
69612
50145
39895
89058
51036
52871
31653
64426
97313
33740
37319
93639
34963
45265
19596
94823
67067
57505
58806
62450
75337
85531
53959
77880
56392
63171
71834
93370
70058
49738
94769
41047
104647
70519
36071
153248
93381
68266
69596
100619
71133
42512
109095
110700
34735
65358
31684
97962
87815
52107
82011
90077
102917
51663
93613
87061
76685
38790
87681
69173
112092
111400
58366
68889
66753
78106
75549
72671
93128
53544
65369
110363
96275
72123
32990
75403
50898
44752
88329
109509
38521
45357
91060
78182
33570
71790
78003
92912
95225
28123
84118
42147
106353
67878
30275
56421
96227
57030
85494
93209
76901
17033
102420
92496
35389
31763
74011
95267
47705
41172
29313
64534
113276
109477
50721
87128
106903
32686
68719
52643
37705
111289
35788
55626
59834
94172
102044
107785
101824
35659
42148
32221
105905
77106
110337
74333
78533
66124
70219
84097
106854
92004
89724
37941
43359
50832
92992
74135
101147
72916
105792
103933
54903
28354
60810
87529
111930
80143
47519
52005
79075
53417
70152
21525
102605
40571
34858
105307
80187
31367
68779
90249
54254
58174
14930
85255
92487
75766
110040
95436
84978
112054
80569
40411
39734
71567
98564
79588
113884
70693
97940
78109
45484
80786
14957
58673
54368
68239
33102
112233
110919
44014
91554
74900
64173
74059
48226
74847
51682
105094
99996
92300
99592
101847
72305
65309
113968
99973
59299
68364
112482
85121
39697
52475
46586
47036
107475
75469
70927
107955
63539
40159
79793
96136
61272
95210
93552
55242
90203
97691
100831
97410
98894
40638
60144
57067
90612
97860
92376
29667
85676
21950
84108
40362
113863
66160
60222
110450
101825
78155
28324
49586
60079
103400
53745
93859
60652
67079
86977
113392
68898
32797
79523
85885
40058
94559
42558
33372
71130
46561
58514
113719
65635
56737
70879
41033
7054
55777
54582
72003
56527
53464
78926
80539
51773
57294
106899
136629
68855
60322
12376
90165
73894
58011
109174
39620
63006
36116
69751
88592
78393
63705
71618
105960
69645
102955
32555
96023
64822
25842
56033
92348
80839
60224
68014
90213
76023
78005
74310
87831
42874
72355
77889
53260
34362
76364
65850
60674
64449
102867
105643
70115
104866
73834
58843
98040
110555
99012
37486
57596
53618
98395
70882
35720
113325
109911
76751
53123
83699
72953
30149
95741
101589
54281
59346
99601
81718
59295
69480
54758
91055
105306
75561
88825
35984
96884
80201
81101
83804
59217
72758
103534
46357
45630
78734
109176
66790
104604
89685
48650
63271
94705
78769
112123
107420
87686
96944
53501
46265
70984
105103
73832
93019
90444
61838
106325
35997
59584
109920
53170
104116
79838
112250
77712
42167
110724
109123
111041
82973
105882
66154
100398
57282
82046
99976
81329
93130
43614
105097
54650
47067
48451
79316
47487
83473
59588
46602
96461
20590
30385
67855
35602
39945
68616
98566
99749
33855
94549
38541
88658
28780
77757
39194
47472
91483
46438
84448
36239
92506
102942
109087
76693
72577
86024
82949
79088
93054
70899
87650
35258
55435
108766
113987
100939
93641
109129
91696
100205
70835
69976
57959
99446
73139
63874
81919
77502
58262
94219
61675
91180
98703
111681
57525
54751
60987
31575
89464
57749
86702
36978
53136
44741
86088
56117
32558
69760
53156
73146
39003
95637
94358
102274
94925
98074
83655
72335
72117
76846
56868
83208
81637
59666
35227
68327
55942
29729
46967
72713
58160
71524
31820
106712
98679
94725
68400
65099
56533
55715
112855
75703
112819
73626
90921
42368
25015
105092
94907
34007
81232
27678
43499
66021
86550
89328
82910
50610
87070
86982
103750
78718
13869
55744
40222
105298
38687
73334
92967
83472
32082
113669
95043
12516
82673
61464
102851
101018
48601
15882
78055
81450
85227
48760
116691
91299
109641
55011
76706
36156
9568
107424
80753
54787
90781
64732
73673
47401
78287
84345
39453
96685
92359
41792
21443
106417
64540
97478
28382
112370
86377
63057
100745
36304
64541
110147
64634
91063
54528
104754
80704
65083
60494
29071
39976
99168
80025
32625
55574
89621
55816
85097
86090
74032
93579
80094
44128
113319
104953
112950
44238
97179
80708
48477
51567
112360
82051
96701
35989
69948
51733
107916
45105
73624
88741
39981
101840
77583
94192
30253
97340
55867
47488
66299
79595
149235
100461
79386
91053
108852
2180
96217
32672
96947
83422
103165
60128
45468
50627
58239
113864
89397
46537
41827
83180
52846
70782
54995
59966
100730
86813
82024
68872
41339
77257
45356
63197
26110
29243
103508
32194
106188
25458
104232
58241
54828
99044
57122
61448
90233
70692
104218
93010
108453
64589
113400
28326
39554
78272
58958
60918
105234
84621
111381
85105
85841
68443
61605
92231
23815
79435
109829
78539
97417
94855
62422
97430
56920
32318
41494
107516
50111
62799
35137
50270
66862
79927
1832
78834
45792
59714
44543
84122
94462
70080
93275
45074
18423
85783
62807
45932
100154
56191
53109
78773
60534
76836
54253
61286
91399
48109
22597
49757
72548
38250
80144
83267
47165
33554
29413
86255
30809
48026
68765
89301
73623
95295
65836
42979
70239
69754
43326
39735
100091
77020
69894
65887
85380
39978
94288
66443
81695
107110
91952
97286
46303
78976
103125
31358
44212
73119
98153
42030
103857
81045
90867
82649
58075
