99946
90779
49288
98584
6803
59314
107219
94389
78166
90922
59319
56546
87216
58731
32737
69895
83683
112850
99573
97553
55010
36291
100344
45520
68627
95528
98744
110087
105501
97992
60043
77564
27080
74973
98826
49386
7311
35232
46543
58707
78008
62053
57980
59928
97610
56468
107868
37308
65331
75854
70413
88370
57530
49444
39624
46454
113832
78981
112306
92490
90579
109760
102597
109779
102069
58277
14194
98624
66156
32747
99596
106492
42971
105701
41730
57249
110474
94783
84107
50497
43819
35493
113579
58296
112813
43367
111231
30252
106909
32255
109126
69615
50256
49555
44583
58538
62939
6796
57503
94295
75667
88219
40355
26260
62875
36289
106032
47156
36796
38178
73920
95895
111230
91566
108768
56509
66546
69752
112052
60647
113871
100040
8856
103374
80346
83427
70423
80676
37434
104420
72306
104861
107941
43868
34706
39626
52276
103502
1831
80607
24587
6455
66243
86559
94507
96902
108968
64221
113637
29747
69654
91885
58605
85611
40645
56473
44022
42466
89058
93639
57505
62450
75337
53959
94769
41047
68266
82011
90077
87681
111400
68889
66753
78106
93128
53544
72123
32990
75403
45357
33570
84118
106353
30275
96227
85494
102420
95267
47705
50721
106903
68719
55626
101824
35659
32221
110337
37941
101147
60810
111930
80143
52005
53417
102605
34858
54254
14930
92487
84978
40411
39734
71567
70693
78109
14957
112233
48226
92300
99592
72305
65309
99973
59299
85121
75469
70927
40159
95210
60144
57067
90612
92376
29667
85676
21950
84108
40362
67079
113392
32797
40058
94559
113719
7054
72003
56527
136629
90165
109174
39620
69751
88592
78393
102955
25842
78005
74310
87831
42874
53260
64449
104866
73834
37486
53618
53123
72953
30149
59346
81718
75561
96884
103534
45630
109176
87686
112250
77712
42167
82973
82046
81329
93130
48451
39945
88658
28780
77757
92506
102942
72577
93054
100939
57959
73139
94219
54751
57749
69760
35227
90921
27678
87070
103750
13869
92967
95043
12516
15882
81450
55011
9568
80753
54787
90781
64732
96685
92359
106417
28382
112370
64634
39976
99168
80094
44128
73624
30253
97340
55867
79595
149235
60128
46537
70782
86813
68872
41339
45356
26110
32194
58241
99044
70692
39554
58958
84621
68443
78539
32318
62799
78834
45074
62807
56191
76836
54253
49757
80144
47165
33554
29413
69894
39978
91952
78976
103125
90867
82649
