86281
42744
58335
113071
59797
113080
88389
52008
63578
63358
38052
68651
109113
85054
61699
78610
68010
98441
105444
80997
88679
55846
109964
111880
72233
76640
113975
96800
79890
59798
95489
83910
109251
68421
77248
64391
37979
72069
105247
26677
58814
88068
94003
42799
38337
80260
105587
54099
90571
46534
100328
59452
60680
110399
86276
47938
76141
44363
52814
53122
79155
58143
89781
92894
45975
87132
101713
84525
93403
14344
77915
99312
92103
69547
98934
68960
94807
102273
108446
94123
70048
53613
86254
39167
36946
66774
97466
94905
49857
113604
111051
98773
42797
58584
68267
56767
47751
88919
48704
93171
100609
100704
57081
85718
100763
65466
66416
111347
105972
88235
68289
104854
82220
77973
70836
72539
34123
28914
29017
105274
32922
67894
54750
59552
87846
98490
96646
26263
109096
66172
31607
34125
60099
79289
86833
52992
90142
71451
58337
86878
52452
56673
102833
37934
80992
48645
50835
91216
97435
54438
32873
82394
61794
59781
58359
47231
76213
33782
111498
62818
42207
39936
66212
71439
41231
26512
101125
87749
54740
69116
84929
32790
111791
101281
71576
87865
70402
97793
113076
95036
96536
69784
61933
110556
105250
84467
40160
57347
67620
99842
41795
56014
89805
109562
33877
31652
41560
94816
59224
60024
109291
78917
109737
87142
85459
72693
113757
44132
67503
69279
101619
98747
50774
92067
39562
82009
54909
111465
82175
110587
113831
111968
33790
65513
108867
94511
31574
44256
56098
42551
34982
112916
49334
37052
57202
96404
106336
44130
112077
50024
103907
91026
104045
105657
80114
35528
101203
100428
82007
106322
108799
98623
69131
60910
80081
92620
90749
71006
81024
110860
53525
84506
91454
86991
108651
49600
79086
31892
42144
99878
62792
74156
64857
61782
94184
83941
75711
86653
94610
91301
65857
30220
103144
52999
44753
34025
70047
103438
31413
112258
96226
100813
101623
48542
109517
29453
93652
41483
108685
105711
112215
38894
88312
109102
88167
68883
71707
90166
87853
54407
53744
110366
84280
109962
108386
62284
49588
72228
55026
112133
70780
83944
45011
33688
50831
86538
95647
27179
73657
47376
102250
40727
64531
52757
73070
37385
54232
62117
28567
79494
46643
70740
97155
90215
42063
51634
105291
100800
34737
101366
90209
75721
38605
78524
60670
87742
39738
53995
107819
110962
25951
113658
19773
67036
47097
41688
54891
26920
54960
92206
45161
40234
49608
60569
82945
77660
68548
62009
69102
56234
44268
99741
72431
67061
31476
87787
72971
38064
64382
31142
89259
95855
105293
58512
76908
64515
99275
40512
41090
79591
28502
104032
96530
60909
75196
53874
55469
113468
105671
59418
29369
32168
32063
55266
105057
71761
37323
112994
78709
75980
69970
111985
67055
98891
29214
111797
40513
80498
38082
79342
65701
78933
78702
98838
85853
62992
46774
90609
63009
72531
85409
104471
55418
108886
52591
59093
96509
96822
74534
113793
87726
74483
108252
75965
53733
102587
73177
81209
55474
55938
74378
63780
41906
29706
85787
66475
105706
33366
62440
110692
99906
111719
63088
82954
106411
82714
61602
61190
67636
28164
103180
51845
62041
106664
57353
38839
102481
55729
69298
76881
39277
103494
76244
83642
53120
77649
97469
63086
58446
56873
60543
87890
25990
67619
37195
112744
73567
62339
71663
56216
61355
47892
74064
55369
80785
104015
50431
37887
40899
49160
32174
78385
107918
107131
73057
37655
52969
50919
50848
69585
109762
58069
102064
89426
103353
49277
71012
71011
111671
63298
37007
33208
70676
75259
32861
29294
19421
63107
49165
111952
94424
111467
111403
75552
77019
105509
50419
86548
45531
58631
88693
87909
99393
73840
106818
68625
96131
43469
34173
87788
78087
56522
58351
57730
103864
87761
58251
78818
51205
91444
89064
60351
85287
111627
39437
44785
84281
78825
95132
54121
91218
55506
67859
107371
68307
70847
59940
66238
42717
109213
46030
60398
56050
92604
38872
83779
99731
33719
87212
50697
92953
39022
100806
74652
80095
88938
80287
48121
74859
66341
94971
66982
91208
73224
61909
84552
65624
114128
111712
71506
68674
35210
97149
65995
112556
72960
81557
77641
109323
65946
62320
88495
39395
83771
52156
66632
99042
41883
90330
109023
65608
91543
102628
100771
45283
48021
34372
64317
75550
90045
86063
100425
48368
80102
38194
77414
95630
106822
45510
32164
55824
51245
56700
65713
111724
76375
41622
71116
30396
58004
85231
86125
71631
35004
40259
82482
80464
44178
64901
96396
39467
85115
66686
45621
114114
50337
77157
88615
42089
60980
89674
60015
98683
98421
108942
79195
61984
79526
54213
94711
60008
53265
93993
111010
