96748
94654
60682
76577
58767
112502
57711
45164
84788
38728
25649
107656
96441
95012
103284
33323
64766
53213
54757
70300
77250
105469
50215
33214
33216
84341
86463
66214
112661
96438
58480
76272
38915
71792
58407
101803
99884
110413
39685
59053
108004
106346
87036
62297
90083
106398
91374
71816
29955
71337
91853
109079
96429
106095
30388
112648
107766
76486
36223
42556
104646
67184
89106
65813
41375
55051
41336
70590
78661
85349
62946
47428
32543
54785
40316
100521
84507
90975
108407
48523
82739
78402
109290
49394
71264
100791
113187
88526
71830
30810
72324
40314
96527
63185
107217
81699
95343
111923
89753
54864
67340
112289
113278
113517
85950
105482
114057
60613
93508
95949
60484
112769
113407
47199
74237
112479
99156
74665
49006
78876
98108
79789
95178
104906
45276
93724
78356
113747
85638
90068
109218
103128
62338
69987
75008
86167
67672
48669
89803
108725
81846
101127
74478
111269
66880
55881
58191
74129
38791
