16237
42069
81436
80668
108516
27399
114064
81137
56740
110490
40220
28318
50129
84276
97365
83345
81899
57445
56862
78813
52004
28688
61565
70060
41880
87258
83652
61199
57467
107055
100581
41484
102197
56394
68983
45604
104597
109520
49837
84038
110102
50720
108591
37729
68870
59970
111181
50089
58286
76611
78234
95636
107190
32727
63800
64383
26096
66770
56119
58144
109465
95382
65086
96747
63644
47836
107958
78884
95124
111911
79519
73396
43362
80259
35299
32547
72365
56474
108640
69834
95794
82130
68623
107866
64347
77440
66223
56594
57705
52328
79642
73175
98901
45834
50217
59301
50113
94152
70859
73769
73601
107251
53308
63858
96539
50930
36238
104220
62971
59688
97485
33406
113282
52968
62277
69757
105789
65234
79278
94207
100899
39447
92441
45308
106477
25343
39932
109915
49120
68091
99700
34178
33668
43333
81955
77162
44413
91036
84186
42600
53396
37913
51435
57226
81160
30092
104517
52812
107288
54895
109417
52837
98918
36353
34927
94074
36837
63803
35054
69414
85967
49227
113224
55810
92614
31524
93754
46379
69301
72621
43486
48316
76438
62230
33674
57990
65910
56504
69384
105833
41140
40753
93320
30498
110427
67112
75596
110530
90995
86368
101291
98693
81517
38270
50264
36189
77764
94209
110804
64728
113977
73655
44933
70000
93343
51171
41486
86526
81903
104634
109934
86257
78887
112696
89787
71992
67895
65778
110943
36211
97419
106941
37329
84787
37836
37371
39726
91985
102230
91580
102731
51394
93219
38917
41821
83562
101633
101320
59505
106099
114048
49828
51684
88436
67076
32494
64837
78314
50365
110031
87512
48908
43206
85369
95104
80047
102840
71320
104231
47177
107604
76440
64902
81254
63934
52609
111031
109502
84007
43282
90555
78056
113023
109280
90207
53888
51170
26971
60834
45995
32311
73219
767
53306
42760
48510
84244
100468
31717
38672
86015
44936
104328
79996
44762
69191
55294
37885
39898
109516
93841
108422
64575
37641
51283
64440
98009
76081
77765
50088
60071
34910
61327
61178
66206
95097
62208
81690
106005
58517
13388
61032
100637
95777
60775
94506
30300
77622
99944
113970
84624
76623
45241
85406
74753
49819
43363
31040
61898
62288
99644
113312
77533
76844
108461
83358
802
50715
82948
112962
69010
57178
56996
48029
61615
47966
59648
40357
110527
112672
50091
63409
87245
45051
60522
50022
35761
58199
101318
59173
51721
86166
104419
112050
108068
47226
61686
99495
110034
93252
22822
69745
52590
72325
79431
34121
78313
63998
103697
79504
105856
105807
33512
83355
103335
112280
84174
58396
64155
94188
