73656
40977
48695
64663
59810
43351
77900
34966
89683
89468
51643
60019
100547
61173
108126
64377
56294
110359
25342
100032
74382
37299
88690
51835
72964
55808
61730
60902
70840
46252
107119
55359
96803
78545
39164
54367
109583
58189
89523
86938
92180
35949
102286
67479
102227
71131
76102
95806
55398
96900
24259
75014
90355
62593
77195
68138
106154
75764
73326
61030
52465
48113
33067
93206
28237
83212
67880
55513
65945
46054
113525
113245
54096
66997
85426
62121
43071
39517
36349
52027
91532
33633
46063
44592
67440
50686
92102
52345
34400
77733
45077
100626
61156
109675
109847
150689
23230
100647
109476
87004
63021
58406
55990
71785
3304
66209
36798
36479
78536
87133
82796
54831
86919
57354
60616
27782
102281
66471
62922
112695
103515
79258
75115
54389
95269
90748
89319
84933
48865
69129
80263
76537
74833
45200
85040
103625
88659
54431
105990
82597
84991
43925
45631
50746
70009
34969
81582
39629
108536
64369
68784
91514
63356
107272
70919
39730
113520
69457
103114
32710
67403
85038
68337
40069
58188
101938
100238
91666
94901
51050
34127
102992
90331
33440
91669
11735
66193
34944
112257
72059
64850
72104
47914
25017
77346
84636
60537
33103
34006
85542
63464
29318
99030
108687
59396
35071
32615
61551
82427
90777
57663
98145
102192
56571
80772
66066
78768
87656
73383
58269
63091
36186
66958
71002
86555
70420
89702
44325
97549
99328
49151
79380
99555
90231
49851
96015
41395
32065
40997
57205
111276
61006
94609
86736
32749
80234
81641
100339
59778
73745
106678
78881
76377
42948
56572
95893
82274
74152
33873
64306
93211
55643
47367
88756
95264
100192
107389
75810
58358
46165
91380
105697
33664
101807
93271
41875
100612
102284
105601
108592
34902
85053
76688
102045
75689
29326
107952
74976
99513
107706
99587
52466
54436
106666
65176
31656
99313
65508
78816
29429
100829
40961
29730
46292
40728
36893
100387
69582
89689
76267
66056
53633
58782
44755
97898
69030
97429
96593
37467
106189
60694
98753
86374
30564
63728
77158
93558
96360
32744
87897
95394
45179
79982
87548
100314
113251
35860
107910
50523
63072
51594
90199
93830
92494
99389
64472
113796
84819
94776
41085
47170
49913
32222
104148
92799
113741
105569
50671
46182
78831
57473
65475
65914
54214
37489
112508
60100
72549
87894
41088
66773
69429
66324
105737
105241
33376
73748
109976
61700
80481
108092
87305
80941
89894
105035
46017
84424
71334
108695
109326
96658
111962
53788
109080
143865
39632
24413
30800
74029
65852
66048
45793
39361
67387
103045
80578
32864
62163
36161
105826
100578
53447
74033
82097
106054
84836
112129
103983
97510
65991
39408
113041
44526
38844
70546
61290
43715
83273
113072
64969
26638
31832
79848
60279
63083
57996
33969
95845
50173
27180
70178
79246
103664
70537
113373
112496
76284
77435
60577
95074
86562
69789
40383
34184
45262
43070
113721
76906
72017
62585
98879
109229
85736
86152
79188
104750
31546
63541
104715
76367
31355
41497
88498
84211
61721
74904
85361
92255
56569
31664
75274
107518
88166
66248
24881
113600
53872
70482
50326
42555
69782
90057
66152
90933
102993
52411
71401
89687
97822
109738
44973
92537
74484
101228
83476
103080
97887
31346
58196
67438
67237
98411
100307
92966
42787
104971
91241
93380
41587
53218
50857
83185
28500
100683
69610
103996
85353
63283
87466
46578
65884
105254
77879
38519
35063
41238
35807
73178
46323
80271
50430
47936
100279
45843
49713
110486
77139
53988
104161
99570
67409
82261
85373
104813
92350
27410
89780
91960
64810
53477
80775
97539
69355
101937
90216
92245
57839
79599
113689
56511
87156
35510
52756
28343
112686
40748
42180
85954
84442
111508
86224
106555
34371
103018
105001
68896
77979
109474
105883
113535
92880
48628
34680
71766
61002
23328
113770
101755
63605
93995
65840
62771
38019
38867
57470
79087
102224
30467
46585
34846
35954
53849
