91935
105229
98372
88839
80093
48790
90606
136071
44424
78978
70105
95182
62425
58611
38891
102068
100340
44216
110446
87306
55686
63414
64583
68386
62743
84397
59138
66724
111451
104396
70359
105937
92758
85286
92753
76900
87925
97399
112723
77981
49136
90979
107922
50396
109089
84103
112152
105493
49172
57656
82001
82814
66486
77888
82747
111399
96350
61959
98757
61461
49193
57636
109464
54557
70170
44798
27090
42824
93086
32133
105151
61406
95084
69569
83403
79310
55751
80026
72463
87082
62758
89268
64413
47412
67608
88762
60692
66976
81222
83490
80609
74690
50239
92145
72401
49215
57361
70857
44074
59437
32764
46300
57349
57988
112321
83584
94284
96705
41459
56091
62872
42540
64572
24131
78057
38727
59964
108512
62428
54533
136314
86619
69182
73537
85778
60696
36067
114066
107690
67637
53115
100333
49171
82964
94045
64970
49137
61010
73915
49166
51897
104741
83077
113399
58254
88766
98752
79538
50981
45846
96856
101258
108740
43061
112820
105492
95065
30782
83080
13891
50527
86308
39953
112151
62791
114135
87190
83864
95346
70741
65722
70263
98375
102266
107927
53759
54186
47659
50393
99905
41458
99202
90613
42796
97206
107576
60730
97547
103808
92500
81675
77563
49535
52929
78873
64899
78710
63280
104576
55326
33359
38344
51771
77129
88223
83408
60735
103564
61968
61970
87517
68491
30258
30499
84450
93126
44203
108739
28455
73536
41309
89816
43500
51876
66141
29821
38348
49170
41262
45400
