104737
113247
51087
72381
111753
58786
60301
113840
103987
30650
36624
106296
48221
110506
55525
51750
110334
88118
85492
105288
100717
80191
113679
108254
101014
78455
92571
107049
62892
110004
26574
61873
88750
111796
112026
93918
82709
59581
108471
75178
62577
77054
58705
85311
113901
68399
67334
88314
80797
98161
102062
100251
74176
53248
69136
36090
71122
94837
38254
52538
50858
64051
94436
60280
78611
81214
72394
108547
72831
69472
74907
94359
94357
45536
99167
88268
55815
36973
37194
62703
109802
110095
75697
60796
51496
107457
67934
72023
100539
76915
68871
94527
59420
106038
114085
67114
113847
57340
82745
78677
49154
97772
81410
58291
29350
80678
58803
104994
83965
113371
104780
78299
43478
29332
51181
45986
45036
32946
85184
110898
66144
105026
63677
85209
38177
111040
111935
76835
59674
39572
54788
42826
90549
70475
73674
73922
79874
60044
80623
82832
101597
46600
102894
84649
99915
97096
113003
101126
102059
108542
50324
94464
64835
82255
111365
45158
76784
49767
36063
66771
82656
49509
98231
100641
57305
90607
109286
113402
77843
108179
79873
103840
97823
41825
94952
93653
65831
76720
63437
45473
83913
110669
61078
72391
97363
101901
72576
33063
86741
97473
94176
76512
62392
55752
112770
56104
36825
38331
75026
102594
41933
67464
64039
102530
72685
69133
111125
98144
89793
89111
106633
36070
64202
63543
27384
77441
86563
80120
95294
81607
69118
60171
35134
58637
45987
98349
41589
72005
89066
80714
113057
45392
80710
37609
53211
47451
87079
94877
84542
112544
113857
102557
49643
76941
94530
69762
104511
89124
110449
48837
101765
51098
81640
106713
95711
55473
113009
48108
95859
57566
33249
70776
107350
97180
61067
85078
106980
67675
86552
86809
100160
70171
74544
71474
108573
78765
84117
107334
113760
88239
40388
100268
103223
50916
63855
85791
78130
84862
39372
82431
75691
62483
83413
45992
100675
79082
72583
110381
32093
71389
46917
105203
56561
111771
91014
99515
65241
64510
76948
31023
109302
75475
104742
39551
65023
53607
50512
66889
29626
110048
73354
87510
73550
55324
69359
108754
62454
54518
102554
59926
78077
46185
56440
74663
70028
108277
55547
111605
109270
36700
63760
113765
67469
59679
46155
56079
44433
92450
46059
98936
62115
106211
98495
98714
92369
30748
70404
65264
41817
37707
71353
100565
69653
66373
38774
40766
51607
79784
45390
93305
46453
101638
45994
10525
37375
56438
53692
30938
108953
91187
30233
53741
63051
42024
92727
73351
82584
68555
50716
66148
64288
98224
69470
71768
93560
45383
105031
28241
65759
94290
45993
73702
96384
81920
86676
60297
60271
36114
91383
66098
38302
60278
72562
93557
57376
97242
65525
84517
71896
105232
