40153
89474
32097
93355
74653
113640
23976
111980
60270
113283
58293
43711
62084
83364
34194
43616
76041
99794
81330
112998
68095
51314
101367
111969
107873
70829
86426
73294
110554
30944
51639
107259
20626
61319
49451
33623
113207
109600
83189
73221
84302
27483
49664
58026
18919
85909
35228
35721
97550
37786
111316
88645
100401
58613
98759
106281
30941
69973
58604
40731
30558
42862
102376
67888
108598
105781
58016
63542
49013
54313
43692
53621
41599
82903
111961
90792
51033
109195
67311
56544
111567
72568
103457
59800
28325
30947
72611
99185
93678
105704
29174
113787
109443
57806
41865
100130
89082
98044
79146
67245
96478
62770
34651
98258
66649
37640
75079
40497
9552
43952
109303
110489
86448
154444
45148
84310
76501
48959
55873
27353
57740
90220
55220
94806
52700
48489
54330
95108
77914
43554
71587
86509
67960
28597
75753
66631
100983
98976
89675
100418
45977
87604
42753
14790
30395
97535
50003
75513
108130
107964
85872
113639
86609
78717
69843
53159
68092
58510
91104
85918
80374
25989
30631
31435
94900
51178
47864
55514
72395
109401
106551
67393
40580
100887
33711
31433
113969
68910
52341
93407
56217
113394
108887
66977
75440
51638
55621
88410
58530
108590
64147
86277
30943
73090
62212
69124
93485
52741
40412
93341
108315
26594
78788
33120
34734
28357
93826
85717
112554
86458
73760
73249
104917
104395
82155
81176
67171
49665
100793
29171
87409
103867
30948
107186
56795
84364
70368
83245
62069
54488
90629
78178
33235
36088
99080
88940
60654
19294
105847
111820
112493
78285
30078
80771
106391
62311
113820
68288
107016
46535
69388
98425
53892
61504
28356
87184
85451
19296
56652
85811
81429
39852
70032
52070
86932
103133
54362
100822
66865
48015
98147
103022
36708
48447
19295
73606
36478
72242
85232
30792
34151
71452
34176
65915
85262
47766
