43369
49135
80988
26309
78512
33894
61743
51759
99050
74605
70954
41084
65539
35447
33897
55991
46483
54400
80533
88127
35438
99781
66229
35672
73041
104623
123353
53405
49690
108496
52197
41499
47322
81720
57643
105761
86380
87833
67284
67647
85220
52502
107689
50701
80540
37317
86823
51727
109632
62773
104082
42665
77027
51729
35446
32107
75258
112246
53671
53410
34896
55656
91971
72129
98810
37531
119138
50985
136917
28496
45541
55935
50703
86454
96649
81357
60383
95060
87272
53507
105844
58576
81612
79042
28562
59487
55992
58007
24225
31568
79235
42666
97672
50994
55099
97250
48053
80266
79350
108378
99307
33200
72316
66878
84282
26391
57644
86381
105186
82744
13183
17877
28996
71165
34131
26527
39687
39312
22818
51736
81713
23988
15386
36053
90425
92160
53673
34822
62075
119584
29470
35726
84278
52510
95058
81717
111718
38030
110560
81780
68893
42402
99093
95100
66873
105909
94466
82610
55721
41251
32291
112970
81426
88066
80278
88024
100118
84292
93307
106861
104628
42878
66575
101030
78542
98830
95056
76796
84455
88019
53670
74430
98647
66228
16722
43252
66543
58523
66078
103037
112041
46084
106838
97929
33992
73371
69387
101609
103023
101784
24432
36021
99303
56412
75331
101960
55287
149920
78508
68897
52198
46981
62097
55996
113852
67896
28997
81570
76457
30090
59149
74192
32860
66331
37362
102353
113978
58248
96670
94083
35440
58027
85944
86236
81061
59157
91847
49984
72080
55630
58242
92693
89255
36423
94573
33909
48912
98715
28520
75728
32330
38018
45787
93097
103024
36065
60381
23093
73902
65232
57895
81068
89385
90429
92273
103035
91607
50169
112773
75203
74186
53505
35449
99684
47617
101679
102476
91215
87830
58742
48124
108088
99773
104154
3505
86675
60046
101980
41603
113502
112728
49323
100950
98486
57397
20455
36395
34650
76252
101470
52506
74150
85547
54196
112895
51734
55554
86948
34169
103870
103484
35445
62099
27736
76753
59323
62551
52472
61777
95994
82955
29374
54012
75515
62588
104627
112971
41083
146799
109297
73376
17672
104247
109629
112242
84279
52509
101483
66872
29992
20457
52127
76254
109717
102386
113266
47744
107784
58035
59140
98513
16724
54579
94007
55489
65707
39946
54018
35552
84284
57823
31812
47278
60862
98050
142535
105128
59304
57647
74146
76710
85957
77098
54370
66566
30483
79937
50992
29181
27996
55631
53610
80264
37459
28998
53705
105862
17671
69059
86439
93099
78138
46991
28216
47318
65073
26526
93098
70034
78507
80386
114019
30709
67980
44010
110269
111109
18022
66825
103792
42841
53672
92272
7798
72634
100522
105860
99497
60979
61433
