108434
52742
70659
53623
29504
85823
77911
95246
49682
73065
85007
29268
808
93233
76646
35433
55511
83213
57229
52850
102416
68179
100042
111151
81764
112156
30779
82407
113173
102328
57210
46957
36733
34932
45328
106832
77849
97816
73778
56319
97496
82467
98802
66729
96887
98221
92525
92207
77807
96445
27049
71990
95289
92084
83641
54481
71916
105532
91267
103667
76608
39670
37556
111717
121135
112650
43680
97205
49684
39072
89952
107641
71001
82352
83399
75922
57894
53049
80255
32931
60325
36411
73272
63308
29428
47679
97498
70555
84027
91704
43863
86391
112914
93243
69432
58100
105435
80807
76174
73852
91984
72225
136774
27082
51445
69984
71815
103551
88292
96777
78211
105997
54259
92642
97866
80149
94676
42122
70305
59867
56156
82704
74281
106878
44479
47699
78357
39974
64034
100437
68282
76066
21596
47714
69602
90845
68620
108036
110720
102862
100766
90283
112418
75061
68295
12003
78310
97692
84633
75573
70791
23820
75700
100583
32794
61972
113706
45102
89615
105404
61688
60986
47894
72669
89707
104895
109514
96608
98733
36630
111210
60115
92844
76584
104844
64346
32722
91148
58702
93199
61304
101052
67369
71426
28435
58417
91365
45301
7380
94947
81567
41540
112112
91949
104105
49606
111152
90113
40337
112665
53997
74704
96184
83848
93748
97656
93431
82860
88272
38574
45696
108712
78147
110056
104152
85278
53397
71802
111760
54180
111884
44952
109565
37430
109984
83220
72420
80453
73988
94421
58754
34674
93780
52698
43746
79910
99329
102019
113137
46606
39961
43311
97709
38234
45323
94300
68441
86944
61725
79490
45981
34938
93433
45470
52065
84477
82784
103176
123330
38863
85458
66675
42802
104600
27008
73046
69013
92985
65542
59372
33505
88980
77574
105530
44154
95245
40726
105514
113045
77222
98537
34520
106249
86612
95686
43876
56889
46599
97124
88550
70628
68544
57434
53812
54022
66730
43644
75408
107647
108866
112553
46501
72567
45151
92514
51217
105638
28436
43126
28528
93241
79068
113133
92857
57714
48751
46955
93751
67380
101305
104358
51125
45316
79420
29891
62886
39886
31504
38218
76406
101017
81763
91259
102454
35251
70350
7379
113136
51502
76408
80455
53254
34391
57665
46771
76340
47120
79416
84504
110358
77861
54260
78919
97273
37830
46789
42684
38220
53179
87218
61436
35829
96409
103173
89343
53063
33758
72218
37790
108448
61431
84289
98915
56108
70202
32842
83594
110186
105315
57893
76466
87620
85896
55149
77442
62616
84394
54555
86606
78326
46393
107638
89829
110054
61154
90831
91586
54479
112384
92633
40803
97139
93662
28384
72514
71420
90928
101811
40269
101338
83917
85804
66850
36399
98520
62072
113123
82642
104198
77976
85058
98835
107712
61332
92837
90320
48013
41879
82325
49593
30221
81770
112716
77988
28895
48626
92552
46015
78316
111766
61865
79831
112747
110646
99827
47710
50522
81682
57729
70557
112200
53019
46659
111278
68361
37428
89384
75165
46607
49875
89547
22507
94014
82106
79755
61298
49054
78090
57891
114127
81877
100278
86082
86008
66415
88155
30380
102213
89871
106886
98200
68738
28849
48606
88689
93214
92349
98427
56731
35612
107208
68336
71672
150887
81786
61665
103172
68853
112658
110809
40936
55115
103839
35654
91093
40170
105568
57150
35852
111196
47194
45528
56290
78107
40833
51697
14335
111874
108367
96766
109292
81150
55262
89031
69581
102655
88387
44563
111389
78535
97413
58832
66604
80822
95750
79735
59866
105656
99822
79442
112925
110057
59422
85608
57446
34340
112197
39304
89471
91639
104151
113142
96602
37741
81892
67087
43046
112703
55735
30866
90659
38493
90434
28258
98555
73392
51308
65704
55482
101274
113744
53584
29889
46200
108579
56657
67465
73066
64726
91568
83553
51271
101264
97636
75779
97341
99085
76009
77864
28434
72509
99058
111580
38664
72158
47017
56629
58557
109324
48707
90657
52133
93715
28651
89440
99556
113971
31558
104896
52962
90206
108699
107743
75317
35972
35736
65332
64312
77210
36121
52823
112614
77816
50876
58420
43327
31752
54543
71832
55111
106673
92209
48518
