104737
72381
60301
36624
106296
48221
55525
51750
110334
88118
100717
113679
101014
62892
110004
26574
61873
82709
59581
108471
75178
62577
58705
113901
68399
67334
98161
102062
69136
36090
94837
38254
50858
60280
78611
81214
72394
108547
72831
74907
99167
88268
55815
36973
37194
62703
109802
75697
60796
72023
100539
76915
68871
106038
114085
67114
57340
82745
58291
29350
80678
83965
104780
45036
110898
66144
85209
38177
111040
54788
73674
79874
60044
80623
102894
99915
102059
108542
64835
111365
36063
66771
49509
100641
57305
90607
113402
77843
108179
79873
41825
94952
93653
63437
45473
110669
61078
72391
97363
72576
33063
86741
62392
56104
41933
64039
69133
89793
89111
36070
86563
80120
69118
60171
35134
58637
98349
89066
80710
53211
87079
84542
113857
102557
49643
76941
94530
69762
89124
110449
101765
51098
81640
106713
95711
55473
113009
95859
57566
33249
107350
61067
85078
106980
67675
70171
71474
78765
107334
113760
88239
100268
50916
63855
84862
75691
83413
45992
72583
110381
46917
56561
99515
76948
31023
66889
29626
87510
73550
55324
54518
59926
46185
109270
36700
59679
44433
92450
98495
98714
92369
30748
41817
100565
69653
66373
38774
51607
79784
46453
37375
56438
53741
63051
92727
82584
68555
66148
98224
69470
93560
105031
65759
45993
86676
60297
36114
66098
60278
72562
93557
57376
97242
84517
