32616
69289
109618
108521
60117
102222
92670
106849
104112
76892
58151
96187
98439
88408
108585
109668
53973
103537
92184
88754
107550
58300
57995
62146
88721
113654
86960
102887
46834
111225
89609
55393
29312
82854
49306
100386
37081
74800
103521
83246
50076
38644
73412
74712
98356
62057
53023
58307
61038
57070
31740
94823
93370
36071
69596
65358
58366
110363
44752
38521
78003
76901
35389
32686
66124
70219
68779
90249
45484
54368
74059
74847
46586
107475
107955
61272
97691
110450
28324
60079
65635
55777
80539
57294
60322
63006
76023
72355
65850
95741
99601
54758
80201
78769
46265
73832
106325
53170
111041
109087
86024
87650
55435
108766
63874
31575
44741
86088
73146
95637
59666
71524
94725
56533
81232
66021
82910
73673
97478
32625
86090
74032
97179
108852
59966
77257
57122
56920
45792
53109
78773
61286
31358
58075
