16237
42069
80668
114064
81137
110490
40220
28318
97365
83345
81899
56862
78813
52004
61565
70060
41880
87258
61199
57467
107055
102197
56394
68983
45604
109520
110102
50720
108591
37729
68870
111181
50089
58286
76611
78234
95636
107190
63800
64383
26096
66770
56119
109465
95382
96747
63644
47836
107958
78884
95124
111911
79519
43362
35299
72365
69834
77440
66223
56594
57705
52328
73175
98901
59301
50113
94152
70859
73769
73601
63858
96539
50930
36238
59688
113282
52968
62277
105789
65234
94207
100899
45308
106477
25343
39932
109915
68091
34178
43333
77162
44413
91036
42600
53396
37913
51435
81160
107288
109417
52837
98918
36353
34927
94074
36837
69414
85967
49227
113224
55810
92614
31524
93754
46379
69301
48316
76438
62230
57990
65910
56504
105833
41140
40753
93320
75596
81517
38270
77764
94209
64728
44933
93343
51171
86526
104634
78887
112696
65778
110943
36211
97419
37371
39726
91985
91580
51394
41821
83562
101633
106099
114048
49828
51684
67076
32494
64837
110031
87512
48908
85369
80047
102840
71320
47177
64902
81254
63934
111031
109502
84007
43282
78056
113023
53888
51170
26971
60834
45995
53306
42760
84244
100468
31717
38672
86015
44936
104328
79996
44762
37885
109516
93841
51283
64440
98009
76081
77765
50088
34910
95097
62208
81690
58517
61032
100637
95777
60775
77622
99944
113970
76623
45241
85406
74753
49819
43363
61898
62288
113312
77533
76844
108461
83358
112962
69010
57178
56996
48029
61615
47966
59648
40357
112672
50091
50022
35761
58199
86166
104419
112050
108068
47226
61686
99495
110034
93252
52590
72325
79431
34121
103697
105807
33512
83355
84174
64155
94188
