63984
89141
58162
99946
103110
112210
38882
33439
72456
41828
106813
110414
136920
74987
104737
75961
83571
99806
86281
111366
71963
73656
40077
59661
102919
113938
63355
42744
110887
104504
74020
99747
67453
100394
65990
40977
48695
64663
29787
89088
90937
86775
93383
58335
103699
60965
59348
90214
135162
92903
113071
91935
113247
80703
63735
55555
82698
108798
58176
59810
51157
43351
109272
41347
43226
44904
90779
37303
37198
105229
98372
59797
51087
113080
72381
89937
88389
111753
51648
45535
70849
88839
52008
107552
100915
72250
56782
49288
98584
34901
97626
63578
43049
6803
77900
63358
59314
34966
81091
32616
64632
79104
107219
76098
71519
38052
46847
80866
51035
58786
72710
80093
68651
92456
58547
40584
54356
60301
41118
72565
46445
56101
58481
113933
79689
113839
96271
113840
48790
109113
85054
99964
66902
89683
90606
36477
105535
61699
51216
103987
94389
78610
52603
60835
30650
105355
77956
112214
66980
78166
48613
68010
79630
36624
136071
89468
74102
33122
85124
51643
44424
106296
94902
98665
64532
98441
55441
53977
60019
90922
73375
112364
32798
59319
100547
56546
32016
105166
105444
78978
61173
108126
53431
90676
69289
37630
87216
80997
58731
113826
98264
104723
39546
93266
80706
88679
97471
28590
48221
101150
55846
109964
31456
30224
70682
64377
109618
56294
58610
88654
110506
111880
109179
41996
103066
23938
84209
61000
70105
55525
72233
92097
93516
75986
58244
76640
49511
78108
51750
112282
37760
110359
32737
113975
33954
50027
87730
69532
89575
25342
71547
110334
96501
95182
88118
41590
108589
39018
100032
90234
44246
24226
46057
40148
94236
81133
74130
109197
69895
109118
101081
108521
96800
85492
44581
91535
100286
30393
40230
23224
73169
106951
49778
73862
39866
49616
80701
38889
39390
62425
92832
79890
83683
59798
96002
74382
37299
112850
88690
49826
106944
87001
51835
45537
99326
105288
32551
46161
60117
95489
71342
42037
79843
101535
85283
83067
100717
72964
88139
83910
99573
55552
108793
33590
89535
87273
55808
97553
106376
44931
75533
92787
77105
100752
55010
24963
109251
56687
58611
38891
70162
68421
77248
75685
80191
109619
48019
86900
36291
95955
68217
50329
61730
35316
77013
113679
60902
72698
55120
64391
70840
85011
37979
48894
53500
87388
63221
72069
63275
57526
72135
113794
58528
105247
46252
98694
69768
108540
76963
26677
102222
107119
85927
49850
108254
38117
100794
85859
58814
88068
42078
68750
94003
32641
42799
79300
53615
100344
108392
55359
61816
38337
45520
101014
98769
102068
86246
97349
107723
94329
29293
80027
105005
49624
85729
100340
80260
68627
105587
96803
54099
78455
90571
46534
52126
111215
67610
71573
97034
94362
51014
106945
38565
54925
108559
92571
92710
100328
91016
104908
54335
78545
47853
59452
100364
44216
38908
39164
69931
100159
95528
34657
95141
107049
101385
51843
48380
50829
63050
54367
110446
98744
110313
113812
91291
107803
27906
105010
62892
109583
79894
39265
60121
110087
50959
26507
60680
58189
73158
110399
40757
69775
70731
34193
105501
40926
86276
80647
77692
81784
97992
87306
64431
89523
67406
72922
56720
60043
105235
110004
66473
33304
86938
98993
50216
92180
75902
87850
33881
67837
77564
35949
91649
104718
63295
75411
102286
58532
55686
68351
94334
81032
47938
31800
27080
67479
76141
63414
26574
108659
64583
68386
100736
63549
102227
80773
71131
92670
114069
44547
74973
76102
109413
95806
62743
33704
44363
106195
61873
72966
32451
52814
55398
78936
106849
99400
58185
64910
48692
43323
84397
33354
96900
80604
59849
56131
33612
63739
105023
53122
79155
54217
36039
88750
58037
75456
24259
98826
49386
66833
7311
75014
35232
60481
90355
104112
64535
111796
101492
112026
46706
58143
82295
91963
63597
57363
37213
95852
77565
83195
89781
92894
45975
46543
82052
93918
69386
86083
58707
89835
100815
75313
87132
62593
34122
77195
84372
101713
69639
69539
100252
82709
78969
84525
41378
113934
68138
93403
106154
14344
75764
77915
47724
99312
75333
76607
92103
89172
82895
82165
70474
78008
31103
73326
61030
59581
52465
84005
76892
62053
72507
108471
38229
49387
69547
34187
98934
48113
68960
69418
56058
45268
94807
75178
33067
93206
28237
83212
102273
108446
62577
80518
70680
59138
29241
66724
101482
34304
67880
111451
99528
94123
106714
52230
55513
57929
39874
70048
53613
78642
111821
104396
90871
27867
46621
47092
91017
112324
58151
86503
65945
90674
45921
104610
57978
109332
73962
107482
79191
46054
77054
57980
70483
113525
37321
113245
54096
35912
86254
54961
74884
79261
59928
97610
58705
97090
77199
36057
66997
52487
39167
82368
66892
36946
70359
68410
57339
61397
56468
85426
62121
96187
107868
85045
43071
66774
95459
92574
27784
37308
97466
84724
87457
96545
94905
103171
67370
45472
49857
85311
113901
92302
98297
51665
65331
31296
104695
85249
52556
68399
83586
62287
39517
108737
67334
68371
43706
36349
59914
113604
85431
49452
93088
105937
83648
111051
33571
43066
59933
45938
57371
43712
52027
98184
98773
88314
92878
91532
33633
80797
98143
94825
77608
33251
78441
111166
92758
91443
46063
85286
90347
107461
40886
98439
45183
82414
42797
80192
98161
111789
54032
29500
58584
107498
98494
75854
68717
102062
44592
111696
57394
81419
54246
33957
70413
67440
68267
60102
56767
50686
92102
60708
100251
52345
78532
47820
90758
88408
107593
88370
90934
34400
66467
85117
47965
101525
69410
57530
32030
47751
75319
57975
100404
49444
75901
62238
32172
28624
62947
106173
96567
63680
77733
48647
39624
88919
46454
45077
106531
74176
48704
100626
53248
105052
78736
96355
61156
69136
113105
46077
101911
38089
66956
113832
75553
105973
92753
58622
109675
46711
110886
109847
35074
150689
73637
77154
76900
108585
93525
65098
86845
93171
100609
55322
36090
71122
81129
48239
52144
100704
57081
58599
52111
61408
37373
54760
73124
23230
100647
96575
73104
65697
107215
42367
85718
82223
111129
78981
45423
113815
112625
109476
70834
89398
94837
82005
87004
38254
100763
112306
52538
74860
51475
94006
113401
65466
95810
77559
92490
58207
46388
93053
87925
66416
113366
90579
63021
68098
111347
109760
86588
58214
34623
50330
105972
89415
97399
32059
58406
109668
79119
88235
67099
102597
69221
74488
79524
109779
101608
63184
84000
102069
88525
83568
79945
90855
67078
46836
50071
68289
37612
94899
50858
112723
87204
106670
107649
58277
48443
67051
55990
104854
71785
3304
103073
66209
82220
114148
24266
77973
70836
50759
72539
65989
98640
101050
34123
28914
72338
44470
51875
24133
64051
29017
36798
74978
91064
89321
36479
94436
60280
78536
91177
87133
53973
82796
54831
105274
40888
62793
86919
82382
112821
57354
36601
54861
32922
32734
78611
84205
60616
29367
67894
75865
56174
63531
110715
70266
54750
59552
27782
101046
78963
71498
103537
72483
52771
87846
54512
45593
77981
25620
81214
77955
72394
85148
61009
102281
109024
66471
49136
94200
62922
90979
112695
98490
103515
107790
83518
14194
83891
31651
98624
35055
72958
71632
96646
66156
94708
38841
69835
86901
87309
32747
110222
98339
26263
99596
62952
41393
62046
81394
106492
76644
65455
107922
42990
72932
79258
80403
67879
87378
108547
78523
42971
103132
109096
72831
75115
66172
31607
54389
65637
30273
48275
98438
102039
70107
84111
50396
85151
47153
88931
34125
112145
98210
109089
93773
44231
59035
68716
41349
84447
44020
69472
61204
84103
60099
48080
95269
90748
89169
79289
86833
74907
105701
100056
64164
89319
84933
77858
52992
41730
92184
87727
90142
48865
69129
112152
94359
80263
98599
91300
31060
53604
76537
107575
56258
59894
74833
57249
70389
54889
111785
66716
95308
87304
53619
110474
100790
45200
99280
85040
71451
88754
66654
77279
85930
39331
85446
46560
58337
86878
45152
105493
94357
45536
83694
79511
64321
94783
40363
49172
60500
103625
99167
52452
84107
88659
76840
109529
50497
79454
43819
84004
79499
67746
107384
56673
87931
84432
94020
54431
81512
105990
57656
90450
113851
55485
107550
90095
102833
52833
37934
88268
82001
45159
44329
82597
35493
82333
37433
38916
80992
84991
96277
55815
36973
37194
76368
105323
82814
50163
62703
42773
58300
48645
66486
46629
43925
108519
57437
88662
77888
45631
67169
113579
50835
88739
86610
80121
40535
58296
99704
85075
91216
71471
44501
47024
50746
82747
70009
83174
38862
97435
99967
111399
34969
91662
77378
54438
81582
67919
32873
39629
108536
109802
69591
77797
110095
96350
64369
68784
112813
60329
39940
69975
104678
82394
83376
45925
91514
61794
57995
80770
61959
27921
85743
98757
81989
63356
79783
29629
48754
43367
105472
113746
107272
77255
70919
61461
62146
109067
84510
60620
49765
83186
62333
61084
39730
64806
36980
111231
113520
103141
69457
59781
30252
103114
62415
49193
58359
45957
47231
75697
60796
106909
57263
58994
76213
79462
32710
112175
61798
51496
69377
41588
33782
106800
60035
60213
102043
50333
67403
85038
47442
57636
84637
107457
87746
87490
111498
39764
68337
40069
61988
58188
83339
84207
73605
101938
32255
62818
42207
109126
112070
69615
63462
89875
100238
36406
50256
58560
67934
91666
104719
30182
39936
94901
78054
66212
49555
51050
59893
103119
57213
44583
88721
90825
79552
72400
43604
71439
51608
114143
72023
41231
26512
101125
112366
100539
45498
109464
69326
103079
67090
45512
113654
110723
34127
87749
81609
103483
62008
44414
54740
69116
52099
58538
69616
76915
65969
102992
112700
68871
94527
85408
84929
54914
85612
48125
92715
62939
56616
74148
52525
109667
32790
86960
90331
111791
33440
91669
59420
44935
43664
48627
11735
102887
66193
43502
72520
106038
101281
70476
60040
103328
71576
52268
34944
95784
44391
50404
87865
114085
54557
112657
67114
6796
92834
113847
70402
97793
113076
59086
31839
45156
82429
87842
50398
57503
95036
81198
94372
26570
96536
75243
110442
107946
112257
79993
34050
94295
97874
70170
5289
99546
46834
44798
72059
97121
95009
64850
66261
69784
89839
88478
37268
67229
57340
72104
88649
64390
91318
101382
100295
38641
88650
75667
35822
106220
82745
104077
47914
28335
61933
107837
53971
46020
53594
41872
59696
110556
70917
105250
109825
88219
78677
111225
110229
104657
98082
49154
94430
97772
71034
84467
54672
62607
60991
110954
86311
89609
40355
54970
50957
40160
57347
25017
72841
106295
99134
28905
81410
99325
26260
67620
72193
99842
100018
58291
107358
39258
73323
67337
62875
69777
66334
31654
41795
29350
91191
49736
49557
36289
56014
49415
30797
72109
80678
89805
64790
58803
101323
104994
109562
84026
93376
55724
33877
31652
41560
108312
101079
94816
61162
85781
59224
43365
96819
94664
83965
53404
37470
77346
112988
100382
106032
108853
47271
62741
55681
67891
58360
103849
84636
30563
51040
60024
78217
47156
113371
103140
104780
109291
60537
78917
78299
45008
109737
87142
47802
85459
68379
77536
33103
47348
58365
108790
57762
55388
72693
113757
44132
111601
95844
110708
99758
92019
58039
80780
101490
67503
107497
34006
109086
85542
71604
44778
89818
55393
69279
46322
22272
81252
45711
47964
61463
101619
98747
75495
27090
72578
29312
63464
90356
50774
77739
92067
94522
39562
53238
86429
44253
80580
100940
29318
74914
44269
82009
36875
53945
90794
85593
54909
113335
108777
45842
82854
62754
96471
67884
37383
45287
36796
92958
88317
90830
111465
82175
90054
100204
66930
38178
96686
77061
103289
111502
43478
109334
30088
110587
103346
99030
108687
90468
42824
36221
27990
29332
37209
113831
111968
70883
33790
95017
65356
73920
111273
41547
59396
81624
51181
35071
32615
61551
108617
49306
45986
93086
45036
32133
106466
76283
60837
87126
65513
83718
73743
95895
83480
109512
42840
71344
68485
108867
94511
76776
96358
34918
111230
58330
84469
103543
45078
91566
105151
92125
77141
82427
90777
84008
113845
31574
108768
61406
83171
32731
44256
56098
57663
108416
98145
36894
84018
95084
100386
51751
53625
55372
56509
62815
56031
42551
102192
66546
104609
34982
56571
107308
112916
80772
82276
60433
71534
69345
66066
99506
36720
97154
48472
70506
70992
32946
113961
37081
56641
85184
68850
56564
33207
37639
30400
101693
78768
58628
90718
90756
71232
108385
74800
49334
113834
37052
18034
87656
73956
81811
65336
57612
30063
74408
98078
46713
92408
67957
73614
57202
103521
69752
110898
66144
112052
96404
106336
106925
72020
102882
110387
105026
44130
89401
60647
108266
112077
55185
70054
28291
44326
109299
73383
69569
83403
79479
74081
63677
58269
36170
58881
55249
112902
79310
63758
63128
113871
63091
36186
50024
83246
42288
95151
103907
50964
91026
104045
32436
55751
68575
95000
80026
95057
24817
81980
95674
85209
72463
66958
55727
105657
33449
39165
71002
97665
60212
36075
46111
72511
62550
53989
86555
80556
70420
89702
100040
55885
80114
8856
35528
38177
112208
84140
89870
101203
35526
103053
82618
79833
111040
100428
82007
36366
113503
106322
108799
30561
51714
104403
40041
87082
103496
82268
103374
97380
98623
92022
49134
74628
69131
50076
113359
105639
80346
102841
113991
91578
83427
60910
70423
104843
80081
91947
38644
55187
73412
89795
44325
36876
80676
74712
94081
96516
95142
138807
64357
86258
100694
72319
97549
92620
102052
111935
102939
96784
106464
66244
60125
112478
111975
77482
90749
45709
40282
106677
96932
29355
68675
71006
62758
75825
105301
44262
81024
40074
59451
83527
76835
53855
99328
32988
113575
110860
112852
49151
100618
53525
84480
79380
59674
39572
84506
47025
71606
92817
111603
37434
91454
56741
89268
86991
94088
54788
40900
104420
42826
99555
90231
97591
49851
55283
36265
72306
96015
90549
112627
98356
108651
33236
88915
92424
91220
28115
64413
104861
88767
51995
113183
41395
70475
108523
32624
64802
37490
113601
102505
68067
107941
49600
80382
43868
79086
47412
96000
34706
78879
62057
53023
77501
39626
52276
32065
61334
40997
73674
92764
73922
41624
75350
95473
46673
95801
99347
57205
103502
66507
111276
107681
51337
54097
31892
104043
36897
31336
50143
28497
80996
31457
61006
88136
53155
54216
79874
67608
42144
88867
98820
60044
80623
88762
95966
88440
94609
86736
97418
53598
82832
99878
32749
105443
80234
34026
73338
1831
81641
47494
80607
65721
82795
62792
68881
24587
112309
60692
34607
65325
87536
40918
66976
83575
6455
100339
83560
74156
92265
79995
86123
59778
73745
106678
60309
45988
33526
58307
93484
101597
112487
80844
109277
114482
46600
64857
96622
61782
53723
66243
78881
94184
102894
114150
83941
34189
86559
76377
69635
78162
86646
33810
93967
94633
84649
42948
75711
76831
86653
31104
30632
56572
95893
94507
60842
87465
65072
49168
82274
94610
74152
59747
110109
33873
63816
75057
63363
87270
37884
103446
112025
41401
64306
99915
97096
93211
61434
91301
55643
110500
104542
94423
89469
44444
71931
64803
90357
58315
113003
92882
60002
101126
81222
47367
61123
88756
102059
86764
63897
93402
94921
65857
108542
95264
61269
50324
68420
94535
30220
83490
56315
80609
58009
56022
80925
103144
38912
52999
96902
59838
46945
100192
101178
108968
62955
74690
44753
31979
61038
107389
50239
55068
94464
34025
70047
64221
39031
103438
56065
48057
75810
83531
64835
31413
99266
58358
102066
38892
82255
47605
91531
98001
113637
107095
62210
92145
111365
78656
77646
112258
87790
54442
96223
76320
29747
46165
94442
70524
62812
91380
103481
46266
96226
106722
57516
100813
110689
57070
40518
34124
107860
45158
105697
93857
72401
58311
33664
66157
58357
101623
49215
106560
72430
48542
105890
76784
69654
101807
79301
93271
112388
44331
60502
36097
109517
91885
74021
49767
77822
58605
67958
57361
40795
62801
105336
41875
74520
29453
36063
100612
112678
88388
85611
102284
52838
93652
40645
41483
111773
108685
66673
105601
70857
108592
56473
60183
44022
50362
97998
100978
44698
64411
42466
98681
34902
73307
62108
66771
96529
85053
44074
60496
105711
105343
68120
31740
75699
82656
100309
58831
76688
37267
58766
98220
45769
38251
69612
49509
54385
50145
112215
82287
39895
61428
101225
89058
51036
84523
98231
68162
52871
78655
38894
31653
83372
100641
64426
49431
97313
90197
59437
66888
103780
64898
102045
80570
107043
33740
105310
57305
90607
37319
103579
81679
93639
88312
80200
109102
88167
34963
45265
75689
19596
104402
37004
94823
86953
68883
67067
57505
59329
58806
93860
29326
65192
56316
88753
50750
32764
92755
87408
77676
101048
47408
95730
62450
45936
64453
75337
71707
67355
85531
56624
107952
28235
72366
53959
87231
90166
46300
77880
56392
56078
63171
71834
87853
86557
86703
52231
109286
93370
57349
61780
74976
102232
68445
70058
99513
49738
57911
113402
54407
70948
94769
41047
53744
55636
77843
110366
34873
104647
84280
70519
67559
85264
48949
58822
97706
44786
109962
108386
62284
79749
108179
36071
99177
30751
107706
79859
153248
106986
79873
48727
78937
46645
103840
93381
99587
90354
49588
100632
72228
68266
97823
100039
98054
55026
112133
41825
74235
94952
64965
33508
62043
52466
89289
70780
69596
83944
47949
81344
54436
94726
100619
106666
96328
65176
45011
33611
33688
60622
101333
71133
93653
65831
42512
84864
91777
72970
109095
57988
76720
110700
31656
38437
50831
99313
34735
65358
43617
65508
94964
37300
78816
99033
109597
63437
31684
97962
111137
99436
87815
60752
97766
50897
113728
86538
70516
69809
96389
112321
95647
45103
67144
111951
27179
112004
52107
81037
73657
84190
47376
82011
29429
90077
83584
102917
28617
51663
102250
93613
40727
44017
39875
45473
83913
88921
87061
76685
38790
80776
64531
78732
61558
56441
87681
28295
100829
40961
52757
130085
69173
73070
112092
38506
37385
54499
111400
58366
79841
55806
54232
68889
65471
45778
42798
110669
62117
66753
28567
78106
75549
72671
93128
53544
65369
110363
71456
71182
61078
57057
29730
104031
96275
83650
76667
98103
56747
79494
41793
72123
32990
46292
75403
50898
72391
65421
69226
56486
77436
32154
97363
73787
66067
59807
101901
47255
109346
31481
100257
46643
44752
40728
53985
94284
70740
88329
69242
72576
33063
109509
101969
38521
36893
100387
86741
53856
57356
45357
97155
69582
91060
57931
78182
90215
33570
61432
85760
42063
97473
51634
24503
100914
105291
29431
101678
71790
100800
78003
71980
16073
41736
35588
94176
89417
76512
92912
34737
100467
101689
95225
72981
33662
100981
89689
112651
76267
101366
39859
35058
31650
81335
28123
90209
66056
84118
42147
106353
95293
39289
53633
67878
30275
88493
34225
96705
41459
58782
44755
56421
109069
96227
57030
82225
33556
93246
59610
85494
89091
41042
75721
93209
90518
40583
38605
76901
40510
98223
97898
78524
46668
69030
97429
17033
83548
61574
102420
96593
89147
37467
92496
76297
35389
62392
65622
71630
55752
71504
79343
67121
31763
74011
106189
112770
95267
83461
47705
53611
60670
87742
39738
41172
92797
29313
60694
63869
56104
64534
98753
81213
67343
36825
99335
31992
113276
109477
38331
110044
50721
77586
107651
56091
38868
87128
106903
86374
30564
98256
63728
44596
32686
77158
28791
56095
41791
68719
60637
112076
75026
78819
93558
25153
85785
102594
62872
62507
42540
85266
52643
64572
90329
37705
111289
53995
36112
32292
96802
111163
96360
35788
41933
55626
37628
61973
59834
107819
107872
67464
32744
94172
87897
110962
78345
102044
63838
104724
59729
100190
107785
64731
31889
95394
25951
66959
101824
109158
35659
45602
41342
45476
113658
35965
19773
71005
64292
42148
24131
67036
57069
26576
50743
33637
92957
35320
78057
32221
47097
91065
66306
105905
77106
72820
110337
73168
45179
46053
79982
74333
87548
51602
35132
42567
77638
64039
78533
41688
54891
102530
66124
70219
72952
100314
26920
84097
54960
50966
32733
55007
72685
92206
45161
106854
40234
92004
49608
79645
54387
52473
89724
37941
68093
43359
113251
50832
41898
92992
72704
84867
89940
74135
101147
72916
110956
63282
35860
69133
43173
60569
105792
104871
38727
103933
54903
82945
107869
96001
77660
28354
59964
43972
86985
102897
107910
60810
87529
72393
58750
61581
111930
65076
108512
44499
53172
29664
108008
80143
68548
111125
62009
110145
69102
56234
62428
107247
47519
62931
54533
78396
136314
52005
79075
53417
67356
86619
70152
21525
98144
64192
69182
102605
41321
74436
65996
40571
44268
34858
71711
105307
80187
99741
50523
73537
89793
89111
83649
31367
106633
77800
68779
78346
72431
63072
98621
67061
70737
90249
60462
70370
54254
66894
59350
31476
87787
104165
57616
58174
96196
72971
81491
38064
36070
64382
51594
64202
113237
85370
62025
70949
39739
85498
31142
14930
74376
83567
85255
92296
85778
89259
92487
90199
93830
40891
93301
26114
63543
92494
95855
44264
36929
75766
110040
84489
94809
95436
99389
105293
84978
29001
56018
58512
112054
76908
104205
64515
80569
65705
64472
40411
60696
99275
36067
113796
99437
39734
50655
40512
27384
76873
84819
41090
80924
79591
83805
80783
111335
71567
104547
106930
28502
44394
98564
112674
72241
79588
104032
96530
90521
22765
94776
113884
60909
77441
61321
70693
81581
86563
41085
97940
78109
23740
49831
105989
45484
47170
80786
80309
73092
75196
71259
31646
14957
58673
33374
62704
80120
49913
32222
53874
55469
54368
113468
68239
93379
33102
105671
59418
97085
77277
84365
29369
112233
52932
32168
95294
110919
44014
87300
104148
32063
114066
56286
32738
55266
91554
87463
105057
71761
92799
113741
81607
82627
74900
110872
35013
64173
84575
74059
67527
69118
77809
48226
107690
74847
37323
105569
60171
71154
112994
50671
51682
105094
34703
67637
99996
53115
67441
66034
92300
78709
46861
75980
69970
35134
56485
53984
46182
99592
69841
91388
105797
86235
101847
78831
90581
100333
57473
64367
49171
72305
92728
111985
82964
65309
67055
113968
65475
98891
65914
35052
44294
99973
58637
56718
45987
40646
29214
72947
111797
102255
59299
57345
87916
41993
98349
94045
110411
68364
54214
31350
99183
112482
73910
54628
52320
85121
64605
37489
39697
41589
52475
112508
112937
46586
64970
36412
47036
98299
49137
107949
40513
107475
63459
80498
108460
59640
60100
75469
70927
107955
78928
38082
109852
63539
40159
97151
97592
79342
72005
86916
89066
52003
46448
65701
106823
79793
72549
103072
78933
96136
78702
112295
61272
87894
95210
28708
98838
13762
93552
112367
55242
60659
61010
102951
90203
85853
41394
33786
62992
53960
86725
46294
80714
66115
56296
97691
46774
41088
100831
79419
83587
98961
97410
76443
66504
98514
105926
99572
73915
90609
63009
98894
41218
72531
40638
66773
45859
50025
85409
113057
99966
69429
42120
104471
64280
60144
98265
31354
55418
66324
65948
105737
36164
57067
109924
45392
90612
24786
41502
108886
76781
67335
94710
52103
97860
52591
33121
45136
104694
84053
60166
92376
74798
29667
44320
59093
102810
85676
96509
96822
46867
80710
49166
74534
113793
37609
63362
21950
87726
113659
53211
45799
50895
84108
105241
66610
107875
74483
62447
56739
40362
49209
51944
109155
113863
108252
84220
66160
60222
75965
85860
52604
33376
94715
73748
47451
110450
101825
53733
109976
63778
87079
32160
61700
78155
94877
51897
80481
102587
108092
104741
44591
73177
84542
61825
87305
82953
105333
113955
106936
34047
81209
75527
28324
80941
57815
48973
89894
23226
83530
55474
57436
103178
49586
55938
60079
103400
97241
74378
69932
82161
108507
112544
113857
102557
53745
33998
105035
82334
87097
93859
108145
73980
63780
73548
71224
90615
46017
109983
36836
49643
95008
39173
41906
29706
28618
78977
85787
60652
67079
86977
66475
105706
65719
101922
112760
33366
61750
83077
113392
48222
76860
93339
68898
32797
55105
71205
100453
84424
62440
110692
83204
72873
71334
79523
55269
99906
111719
82904
34309
96772
64162
47128
63088
82954
108695
85885
109326
104991
76941
96658
40058
58171
42864
46403
94559
34049
38520
111962
28821
94530
103545
80350
53788
109080
143865
35075
86460
39632
24413
106411
69762
30800
93703
42558
74029
56746
104511
65852
82714
64405
33372
72197
43615
71130
61881
66048
110968
46561
61602
31563
76103
58514
89124
113719
41322
83776
65635
103130
110449
48837
82396
56737
45793
48641
70879
72248
41033
40544
37528
92068
76891
113399
66472
7054
80056
39361
101765
55777
111499
54582
98904
61701
58254
85228
72003
105032
93758
56527
53464
78926
61190
112071
91297
31050
51098
46570
59364
67636
80539
58627
62259
28164
84215
76487
67387
61274
26113
59553
51773
81640
106713
38736
57294
103180
103045
108909
106899
136629
68855
38723
60322
80578
60063
51845
12376
62041
90165
73894
58011
109174
84218
39620
32864
106664
58535
57353
63587
63006
85199
78474
36116
69751
88592
38839
78393
102481
63705
42957
71618
62163
27866
95711
45589
87606
36161
88766
48512
25293
61940
48747
81576
98752
105960
55473
69645
55729
113009
33157
69298
76881
30813
48007
79538
65143
41053
62302
83731
102955
32555
105826
72322
56539
100578
53447
74033
48108
96023
69589
82097
63472
106054
84318
60036
64822
84836
112129
52642
25842
59818
56033
103983
62236
92348
80839
104909
46038
60224
50981
68014
78192
107337
90213
95859
76023
78005
45846
86815
94850
74310
86262
77789
87831
93299
42874
64238
72355
77889
39277
57566
97348
99638
97510
53260
103494
60754
33249
34362
65991
76244
76364
33687
83642
65850
43708
53120
60674
64449
106797
102867
77649
105643
70115
97469
104866
73834
63086
58843
96856
58446
98040
56873
110555
90936
99012
100527
37486
57596
48947
70776
107350
53618
104164
60543
39408
97180
62385
48328
82834
92211
78708
87890
112757
46582
25990
59038
107228
43468
101258
61067
85078
67619
106980
110691
113041
67675
108740
98395
44526
46405
70882
43061
65634
38844
86552
37195
60836
112820
99283
57005
112744
64826
47233
72861
73567
56099
86809
56840
69778
62339
35720
113325
109911
71663
65085
105975
80503
70546
56216
103201
61355
89737
71796
48018
69842
67405
100160
70171
76751
53123
61290
105492
27217
43715
83273
83699
72953
113072
56013
61303
64969
47892
26638
95065
30149
95741
75727
101589
74064
106665
112675
106248
83873
54281
87534
59346
35647
55369
64434
30782
102532
96469
73246
31832
99601
80785
56015
81718
88987
59295
74544
69480
44466
47937
79848
32437
104015
54758
67809
50431
71474
73174
91055
37887
105306
60279
63083
93451
43453
75561
88825
35984
76913
108573
78765
96884
83080
69139
34492
49167
71159
59802
74374
40899
107048
49160
67605
80201
84117
57996
112195
50318
81101
107334
109388
83804
59217
33969
113550
32174
72758
91240
70391
100128
78385
13891
97192
56853
107918
107131
95845
103534
46357
52485
73057
33321
99045
113760
45630
78734
49607
84505
109176
85879
40572
66790
50173
37655
96273
93168
105809
104604
89685
48650
71605
63271
88239
52969
27180
56094
74991
88680
42646
60378
47893
36264
94705
78769
48722
50919
89127
93404
112123
77688
107420
87686
97441
69437
65672
75600
50848
24644
96944
53501
109733
40388
71945
69585
50527
109762
70945
111790
46265
58069
70984
72838
102064
70178
89426
103353
88708
94325
105103
33442
56173
26863
73832
93019
90444
60251
81500
49277
86957
100268
61838
71012
106325
103223
35997
65141
103401
79246
59584
99853
113524
109920
53170
103664
91238
70537
113373
46965
71011
86308
58216
53406
104116
110918
79838
39953
110634
111671
47347
112250
63298
77712
50916
112496
112151
42167
103856
76284
63855
110724
74705
77435
85791
78130
109123
81212
60577
84862
37007
44078
111041
100034
94862
82973
105882
91926
66154
32034
84502
100398
95074
86562
33208
57282
102501
39372
70676
82431
108662
82046
56999
69789
99976
75691
62483
81329
93130
40383
53478
52234
75259
81950
43614
105097
28859
83413
54650
45992
37945
47067
67673
34184
100675
53626
56027
32861
29294
48451
79316
45262
79082
97245
43070
47487
44234
107344
72583
19421
113941
110381
73270
83473
63107
62791
32093
49165
114135
43683
59588
71389
46602
85719
87190
57168
113721
46917
102296
50021
76906
58893
81221
105203
96461
111952
94424
20590
30385
67855
107657
111467
53878
83864
70759
35602
72925
72017
91043
43639
56561
85336
111403
62585
39945
98879
5288
111771
44599
111817
84740
68616
98566
75552
69383
95346
99749
86309
33855
104726
94549
57614
109229
62865
101163
38541
85736
88658
43525
86152
28780
85317
77715
77757
40749
66867
75208
67152
19859
77019
66012
79188
105509
45075
90168
104750
39194
50419
47472
31546
75646
91483
46438
94431
86548
84448
36239
92506
38913
63541
58468
102942
109087
104715
65524
76367
86508
76693
72577
45531
42877
58631
86024
45782
99911
31355
82949
88693
79088
94760
93054
47638
41497
120357
111918
54200
88498
87909
70741
50668
90032
109434
72826
59524
104313
111050
97927
81303
46102
45820
92627
71791
60574
99393
84211
70899
70833
61721
74904
41965
90396
85361
92255
80098
92709
91014
41026
56569
89430
99515
87650
81807
65722
44703
70263
65241
35258
59808
60903
55435
64510
42088
42712
76948
105192
102623
49024
108766
31023
98375
113987
58405
102958
99532
77689
109302
75475
100939
74932
103137
73840
93388
91774
102266
93641
107927
53759
47503
107042
31664
98698
106818
54186
104742
65439
68625
54212
96131
39551
69479
68573
75274
107518
43469
88166
80062
109129
91015
91696
86536
37022
110098
104962
73771
34173
65023
100417
100205
105290
66248
109592
38078
47659
53607
61720
70835
69976
31375
57959
29341
99446
64446
109374
73139
63874
50393
50512
81919
66323
66889
77502
78525
29626
58262
111795
33522
110407
34930
94219
103931
63632
87788
59256
66083
61675
78087
113697
56522
89077
91180
98703
29914
24881
41804
111681
110048
42553
58351
99905
57525
54751
41458
60987
113600
42509
53872
35986
43559
73354
70482
99202
80092
108207
31575
89464
36246
50326
53442
57749
72299
49609
57730
55330
108255
86702
72211
36978
104394
99538
32796
72842
53136
85876
52232
103864
80130
78690
62141
87761
44741
90613
86088
56117
38928
45687
76938
32558
87510
58251
73550
151608
68204
42555
69760
53156
60828
73146
41836
39003
71082
78818
95637
38890
62981
105979
55324
34712
51205
69782
90057
112194
91668
29495
100250
30268
42796
94358
91444
65714
102274
97206
89064
60351
88313
69359
108754
26109
94925
85287
91219
37142
62454
98074
94469
66152
90689
83655
111627
39437
44785
95765
105484
93836
72335
108696
104612
72117
57487
35618
84281
67589
107576
48408
54518
107463
76846
41139
56868
60730
61281
83208
81637
107448
59666
84210
35227
90933
53863
71450
66951
61153
86544
68327
86816
78825
102993
60673
72025
97547
102554
55942
79349
103808
92500
76889
59926
29729
89851
95132
80311
54121
58471
56618
46967
72713
97928
62893
58160
78077
52411
90087
71401
71524
58882
63492
93371
89687
31820
61932
38431
81675
112209
106359
91218
97211
77563
106712
72504
46185
111319
55506
99392
141456
98679
94725
68400
64578
65099
53523
111085
98337
112788
56533
55715
112855
41829
97822
75703
75632
67859
58333
96477
112819
109738
48128
107371
106855
47075
106676
67232
44973
73626
41204
33178
92537
32347
105971
74484
90921
49535
101838
82592
40705
42368
56440
68307
62111
43341
25015
70847
101228
69840
105092
56523
74663
28616
73094
49733
83476
70028
103080
108277
97887
77127
31346
105608
52911
94907
67617
63003
32040
105344
59940
66238
112762
95338
109909
112702
34007
95471
52929
81232
27678
42717
109213
43499
88698
59732
66021
86550
89328
89143
58483
100119
46030
75512
58196
82910
78885
38998
84727
50610
67438
87070
86982
68225
32704
100832
60398
103750
78718
94994
48011
13869
56050
55547
55744
68422
92604
58465
38872
98678
40222
105634
111605
67237
105298
97611
38687
98411
83779
73334
99092
45547
46722
92967
60830
83472
32082
113669
95043
42502
109270
12516
99731
91588
31823
49532
33719
82673
77352
61464
107304
36700
102851
31455
87747
38647
64233
101018
48601
54843
87212
78873
100307
50697
64899
92953
15882
52594
78055
63760
113765
92966
51775
81450
85227
48760
78710
111758
116691
71112
84949
91299
55156
50046
109641
67469
55011
32992
76706
67437
34708
36156
9568
58545
107424
102194
111064
89537
59679
80753
88523
52143
55798
63706
78965
54787
39022
34044
90781
64732
74174
73673
47401
42787
78287
67097
84345
104158
46155
95197
47465
84444
109821
112434
39453
96685
92359
56079
41792
100806
99595
53341
21443
62574
106417
81079
104971
93925
64645
44433
64540
56769
97478
76380
92450
91241
28382
112370
80798
63280
86377
61781
46059
74652
93380
104576
80095
60463
88938
63057
42934
100745
41587
36304
98410
64541
110147
80287
64634
80944
48121
91154
98936
55635
72146
40938
91063
95926
54528
55683
104754
53218
35462
80704
58615
53749
79562
71108
69393
63294
62115
52462
74859
55326
107114
111030
66341
65083
60494
107015
33359
106211
38344
94971
29071
55802
65370
111639
66982
96218
109429
73803
39976
99154
50857
88755
98076
98495
98714
98658
99168
91208
83185
28500
80025
50176
54435
55541
73224
32625
36623
55574
45312
89621
55816
51771
66679
86649
85097
86090
44899
61909
74032
93579
80094
44128
54761
31888
113319
92369
84585
104953
98914
85110
86470
106532
80995
46538
30748
112950
70404
100683
44238
69610
97179
106659
80708
56023
84552
99128
48477
65264
30137
58008
51567
39013
103996
65624
92391
105946
77129
112360
102890
114128
109490
86244
40579
85353
82051
96701
88223
41817
35989
69948
37015
111712
63283
104414
62940
51733
37707
107916
87466
45105
71353
100565
69653
41670
16810
73624
88741
81508
54103
89992
39981
100685
30541
96970
101840
69590
77583
28282
107646
94192
29366
104013
46578
95843
30253
71506
65884
97340
83408
105254
47696
57423
45360
77879
68674
108893
66373
93833
46902
45175
55290
55867
47488
66039
53167
66299
79595
40183
90025
38774
97411
35210
93592
149235
97149
72364
100461
32349
79386
65995
61113
112556
72960
90008
111378
59448
38519
61622
69604
91053
81557
31042
108852
2180
80502
66706
82290
96217
35063
90189
60735
95704
47834
83569
65505
94966
75731
103564
65674
41238
51472
32672
61968
89258
72725
96947
108748
83422
69324
77641
103165
78767
35807
73178
60128
88137
56738
46323
45468
79551
50627
45710
80271
96019
79396
95800
63026
50430
58239
113864
74133
80396
57580
71582
53225
89397
109323
65946
40766
83865
62320
46537
50425
41827
88495
83180
65679
32193
79189
47936
35921
30274
51607
52846
54500
108200
70782
80366
85844
54995
100279
104047
39395
79784
41424
88318
50677
95032
83771
110444
45843
35202
59966
49713
100730
52156
86813
110486
66632
77139
83733
106495
106946
35234
82024
61970
45390
53988
93305
68902
68872
41339
77077
104161
104914
77257
47445
99570
99042
52931
105623
45356
63197
102231
69344
65702
65326
87517
46453
44631
74650
104496
56909
26110
29243
58146
103508
32194
41883
106188
67409
32106
71114
101638
45994
97729
90330
31589
10525
109023
37375
86914
82197
56438
70018
25458
53692
65608
91543
30938
58220
102628
108953
59434
104232
100771
58241
54828
82261
99044
57122
91187
45283
48021
34372
50870
104174
45534
61448
87385
64317
99913
83043
32410
81572
69295
93059
90233
59133
68491
105273
70692
82372
30258
85373
75550
60804
91924
104218
113077
101049
98073
64640
91296
93010
42360
47641
30233
45142
53741
111526
104813
108453
30499
92350
27410
64589
113400
29340
89780
28326
90531
87696
39243
45138
63051
56518
60307
69123
39554
90045
78272
80555
36635
42199
41873
86063
58958
99027
100425
60918
39163
111111
105234
113406
84621
42024
84450
111381
67024
85105
85756
35069
92727
91960
109501
31458
98479
36303
85841
72370
68443
73351
64810
82584
40360
53477
48368
80102
61605
32664
74995
100502
92231
80775
23815
68555
66300
53147
73088
38194
75247
39570
97539
107143
57395
42861
93126
81407
50716
77414
32926
69355
62944
95630
106822
65700
44203
45104
45510
101937
108739
66148
92988
105190
79435
64288
32164
109829
78539
44368
90216
54624
98224
61361
92245
97417
55824
94855
69470
47656
62422
51245
89055
78705
97430
36269
57839
56700
65713
56920
32318
90082
85284
78966
111724
76375
28455
79772
79599
113689
41494
107516
88403
50111
37475
34142
75271
75517
81559
62799
71768
58758
41622
93560
61580
85358
93706
56511
59330
35137
71116
104926
45383
87156
73536
50270
52461
66862
86589
96331
97100
35510
26060
97010
76671
52756
104870
88926
30396
28343
112686
79927
58004
40748
42180
86999
90690
1832
97867
77895
78834
113936
88652
72348
77537
105031
45792
59714
85231
92978
107307
85954
44543
84122
94462
70080
33071
93275
45074
86125
71631
18423
84442
85783
111508
62807
45932
100154
70760
56191
53109
78773
80105
97275
35004
86224
41309
86950
60534
40259
82482
59414
89816
69542
76836
80464
28241
88857
44178
54253
91515
43500
58962
106555
64901
34371
103018
61286
65759
81030
91399
101906
48109
105001
79241
96396
100254
68896
22597
49757
72548
91038
38250
39467
94290
89545
54406
45993
80144
83267
47289
102393
73702
47165
77979
109474
33554
105883
113535
85115
96384
29413
92880
81920
51876
86255
66686
99548
43203
97101
44085
66141
30809
47204
45621
98043
48026
62352
86676
38789
114114
48628
34680
50337
84857
68765
88922
57760
43556
89301
29821
60297
73623
38348
71766
59919
79149
64379
34669
95295
61002
60271
30658
65836
113467
109918
23328
113770
42979
70239
69754
101755
84094
36567
77157
82939
41780
63605
43326
59650
36114
65975
71959
88615
42365
42089
73660
76657
60980
91636
39735
106088
91383
89674
55940
60015
54936
100091
92100
77020
93995
62589
63065
40493
65840
98683
107945
85430
56503
87524
36299
113725
69894
40515
88814
72817
98421
65887
49067
108942
85380
51022
102170
79195
61984
95129
37324
40736
41189
39978
62771
38019
66098
94552
94288
38302
41867
60278
66443
38867
79526
81695
81914
107110
91952
100458
49744
97286
54213
113998
25926
104649
46303
41069
72562
59405
78976
103125
31358
36886
89019
47482
94711
53247
56535
76681
49170
57470
93557
73620
41262
60008
83838
92954
44212
91594
73119
111026
110703
66957
79087
57376
98153
102224
91032
30467
96541
97242
104679
93920
46585
46203
109347
112437
42030
34846
103857
53265
81045
61392
44910
45400
65525
61023
84517
90867
53725
35954
53849
93993
103296
82649
71896
72341
110874
105574
77006
106597
58075
88326
80603
105232
34359
111010
98481
