79104
46445
96271
105535
85124
53977
58610
49511
33954
32551
77105
100752
68217
85859
53615
85729
108559
40926
75902
64910
80604
59849
105023
98297
68371
92878
63680
93525
112625
74860
50330
76644
65637
93773
53619
77279
64321
62415
61798
103119
69326
65969
103328
45711
74914
96358
90718
46713
82618
92022
95142
66244
105301
97591
113183
105443
83575
86123
76831
59747
38892
44331
104402
37004
93860
92755
87408
79749
78937
72970
38437
66067
47255
101689
34225
43173
86985
61581
70737
60462
113237
74376
92296
40891
26114
80309
90581
92728
54628
106823
76443
98265
67335
107875
49209
84220
63778
33998
73980
90615
82904
41322
112071
38736
92211
73246
47937
93451
74374
89127
81500
99853
47347
100034
28859
67673
53626
72925
44599
101163
40749
58468
90032
90396
91015
104962
110407
34712
37142
86816
89851
99392
111085
41829
106855
62111
68225
58545
54435
55541
80995
56023
99128
32349
63026
65679
35202
104914
65326
104174
69295
87696
76671
88857
62352
55940
104679
