99090
108462
98900
81878
113277
72570
92551
99675
100131
79401
107963
52584
35985
88711
48867
65366
64591
50174
101771
23968
92493
136739
44493
106721
64549
93548
68158
41862
54384
96547
84650
94112
82844
72863
93111
71236
81027
101435
108402
63001
63215
101899
75808
27085
112192
83274
56794
65612
104849
88805
75355
95014
100201
34378
98762
77637
88585
25917
84470
32751
49256
64550
61442
104285
65868
62727
112710
24160
54871
107268
79039
41490
47721
59624
97353
92375
62731
82540
116214
41370
106238
50690
64064
47089
53436
61751
97537
52129
90393
103572
51542
62303
42709
113174
44292
48546
73747
75729
69006
89495
83307
87137
92964
78967
39255
32560
108635
94429
58169
103975
117378
84204
96903
49009
25679
42215
79521
113856
20224
40962
55437
95396
104159
71446
60216
72371
96195
80829
26549
78487
83003
9022
104438
69546
111268
50751
25728
68210
114126
82891
98518
32736
34152
33956
65779
50614
102899
74019
70985
93905
29427
40964
110559
66077
63196
104136
51722
67404
64410
101552
64729
73652
78598
64621
95870
102363
50913
101654
53420
44317
95952
32161
143973
66650
39484
65333
36531
35952
90402
48063
68112
106691
120814
27397
104811
78692
88071
56698
97433
76074
67634
92295
46958
58234
33206
52526
56157
113534
89532
44643
86036
113184
109845
34019
32308
41556
78789
106920
56320
109283
47597
56128
37935
44312
88655
37214
53537
90720
74832
93853
33181
81696
86085
45288
81532
70267
112067
63055
73589
74389
62185
59183
85483
87476
77921
101161
49571
33123
75206
27826
40397
83033
50444
42537
85240
110557
109669
83903
90360
99496
82381
74740
76624
75118
29210
88411
20746
40754
88923
77312
79958
31159
81023
104641
80156
48914
60812
102548
93908
42218
129657
60396
24224
43590
70828
16405
49610
98390
78703
110645
87196
52075
59649
101112
54355
30200
101588
64129
52540
37702
102979
77429
84635
83155
43838
70689
71919
66847
41400
67176
102305
71128
58585
70015
40832
101700
76543
56525
65146
137743
97931
79553
73817
31033
94968
106919
85548
31198
100158
61130
84202
94140
53461
82275
34305
81895
96354
43663
56672
78803
101653
83069
68859
94111
82578
99041
45757
50485
62721
41601
82014
51637
57404
91144
105637
98842
79220
43674
96020
95331
64558
76420
44792
95244
102365
42460
90631
32939
62545
78883
87452
94570
87661
55280
56636
55409
96525
72630
37030
48486
90953
76504
90745
41190
78541
88122
95788
47124
40447
60460
108680
117893
68848
45976
96120
97454
81502
50967
32162
64713
96347
36900
89534
64641
94834
77253
29499
77734
58487
40311
39034
93906
52415
32165
97514
107028
44044
29525
28941
95540
62991
42703
99491
51317
97398
36877
62327
65136
84317
52536
38885
106379
107045
41529
99270
41388
69321
71445
107524
44133
12942
64380
69873
76433
41917
60658
113284
112294
