81436
108516
27399
56740
50129
84276
57445
28688
83652
100581
41484
104597
49837
84038
59970
32727
58144
65086
73396
80259
32547
56474
108640
95794
82130
68623
107866
64347
79642
45834
50217
107251
53308
104220
62971
97485
33406
69757
79278
39447
92441
49120
99700
33668
81955
84186
57226
30092
104517
52812
54895
63803
35054
72621
43486
33674
69384
30498
110427
67112
110530
90995
86368
101291
98693
50264
36189
110804
113977
73655
70000
41486
81903
109934
86257
89787
71992
67895
106941
37329
84787
37836
102230
102731
93219
38917
101320
59505
88436
78314
50365
43206
95104
104231
107604
76440
52609
90555
109280
90207
32311
73219
767
48510
69191
55294
39898
108422
64575
37641
60071
61327
61178
66206
106005
13388
94506
30300
84624
31040
99644
802
50715
82948
110527
63409
87245
45051
60522
101318
59173
51721
22822
69745
78313
63998
79504
105856
103335
112280
58396
