108434
16237
61734
52742
70659
53623
29504
42069
96748
43369
49135
85823
77911
95246
49682
73065
80988
94654
60682
85007
81436
29268
26309
80668
50517
808
108516
78512
93233
76646
35433
55511
73421
33894
76577
27399
61743
83213
58767
85015
114064
57229
52850
102416
47000
68179
51759
64258
81137
39485
100042
99050
39845
56740
111151
53124
110490
40220
81764
28318
43235
74302
50129
74605
40667
84276
112156
30779
49653
82407
113173
102328
31758
75987
57210
97365
83345
60006
46957
50207
36733
34932
70954
45328
111687
106832
112502
95474
104044
77849
41084
65539
35447
97816
57711
71782
90671
73778
33897
51603
56319
84844
55991
47884
72317
97496
81899
50078
57445
56862
46483
82467
98802
66729
78813
54400
96887
98221
80533
92525
92207
88127
52004
77807
96445
28688
35438
99781
61419
61565
69936
45164
49195
66229
27049
70060
71990
35672
95289
73041
104623
92084
83641
41087
84788
123353
53405
54481
71916
57718
78390
41880
77224
49690
105532
87258
83652
61199
108496
91267
103667
57467
107055
38728
76608
52197
39670
54034
37556
100581
42982
111717
121135
41499
112650
41484
102197
43680
42090
56394
44341
68983
60790
44948
100812
45173
25649
50717
92169
97205
45604
104597
80901
49684
114146
47322
39072
89952
59566
107641
55302
81720
71001
50670
82352
57643
105761
109520
83647
86380
49837
62789
105450
87833
84038
67284
107656
83399
110102
50720
67647
96441
108591
95012
99034
37729
75922
105266
85220
52502
84800
68870
97581
57894
53049
107689
98676
113463
108879
50701
80255
59970
111181
32931
60325
36411
73272
80470
63308
80540
49023
50089
37317
86823
29428
88864
45160
47679
96625
51727
97498
109632
70555
28592
58286
84027
88229
75532
103284
91704
43863
76611
78234
86391
105267
112914
62773
33323
36871
95636
64766
60805
91190
93243
69432
104082
84972
42665
107190
77027
51729
58100
35446
55362
111117
51794
32727
105435
44761
32107
40906
63800
80807
75258
112246
53671
76174
67105
64383
53410
38665
113712
73852
82675
34896
55656
91971
26096
72129
91984
72225
136774
27082
51445
48024
69984
98810
71815
66770
79040
42179
56119
65613
58144
109465
69382
71475
27382
103551
88292
101298
57731
91846
95382
108724
47817
104484
96777
65086
78211
77876
85568
53213
105997
54259
96747
63644
38796
54757
101319
92642
70300
37531
119138
97866
47836
80149
107958
60619
50985
136917
92216
94676
28496
42122
77250
78884
70305
47303
45541
81302
59867
55935
56156
82704
102512
74281
112314
30254
95124
111911
106878
105469
50900
50703
44479
79519
64324
73396
47699
78357
59612
67011
86454
96649
39974
96671
64034
100437
43362
81357
50215
67836
60383
68282
76066
21596
47714
80259
42202
35299
107644
100537
95060
87272
69602
90845
68620
108036
46604
32547
53507
110720
102862
105844
58576
113501
100766
81612
79042
72365
28562
84811
75179
59487
55992
43498
90283
112418
34943
56474
78218
75061
108640
69834
68295
95794
82130
68623
96143
107866
58007
24225
12003
78310
31568
62351
97692
79235
84633
64347
42666
77440
75573
70791
91171
23820
75982
75700
100583
66223
33214
56594
32794
96361
97672
86525
75139
50994
61972
55099
61024
48225
56266
93969
57705
45289
64006
60831
52328
87802
113706
97250
79642
45102
48053
89615
80266
79350
105404
108378
33216
105625
99307
80910
73175
98901
45834
61688
33200
60986
47894
38961
50217
72669
95018
59301
72316
50113
94152
66878
84282
89707
69781
26391
72794
57644
86381
70859
68087
104895
109514
73769
40890
98107
73601
96608
77808
98733
36630
111210
60115
92844
76584
104844
107251
105186
82744
64346
84382
31182
52508
32722
84341
91148
53308
86463
58702
13183
66214
17877
93199
112661
63858
61304
112826
28996
101052
96438
71165
67369
34131
96539
71426
28435
50930
61778
58480
36238
76272
58417
99290
104220
91365
38915
45301
26527
93626
39687
69395
62971
39312
111140
71792
66502
7380
94947
90656
45606
81567
41540
59688
112112
97485
33406
50683
42801
58407
91949
66869
104105
96843
49606
111152
113282
90113
40337
101480
22818
52968
112665
101803
51736
53997
74704
33978
81713
96184
23988
83848
99884
62277
93748
97656
32665
69757
93573
110413
105789
93431
82860
88272
15386
38574
45696
65234
108712
36053
78147
79278
90425
94207
110056
100899
46452
92160
104152
97264
39447
53673
34822
92441
39685
59053
77487
85278
53397
45308
73147
106477
71802
111760
25343
108004
110253
54180
62075
111884
44952
39932
106346
109915
86825
109565
112113
67454
49120
37430
119584
109984
60482
83220
29470
72420
35726
80453
68091
73988
101504
94421
99700
87036
96964
58754
34674
36480
93780
52698
43746
34178
62297
79910
99329
107249
102019
84278
99387
50120
54467
52510
90083
60458
33668
85371
88847
43333
106398
113137
81955
46606
95058
81717
77162
44413
38022
39961
43311
97709
113181
38234
91036
111718
59691
45323
84212
94300
91374
38030
96388
70077
110560
68441
86944
61725
84186
42600
82798
79490
71816
45981
81780
68893
53396
42402
37913
79994
34938
51435
93433
72191
87443
29955
99093
112514
57226
45470
95100
76654
87135
52065
81160
52856
84477
66873
30092
104517
105909
82784
108358
103176
94466
82610
123330
52812
77407
55721
38863
85458
66675
107288
42802
104600
99315
54895
109417
27008
73046
41251
32858
52837
66457
98918
54812
36353
32291
34927
94074
69013
36837
112970
81426
92985
65542
59372
92619
43060
71337
91638
33505
88980
37859
63803
77574
35054
105530
65964
69414
88066
85967
44154
73069
80278
88024
100118
84292
50563
91853
95245
40726
49227
113623
93307
105514
113224
113045
55810
71626
92614
109079
31524
106861
104628
93754
46379
42878
77222
94685
99481
24429
98537
66575
34520
26016
101030
96429
69301
106249
75569
86612
95686
43876
78542
72621
56889
106095
46599
97124
98830
43486
88550
48316
30388
95056
76796
70628
68544
84455
88019
57434
53812
76438
53670
112648
62230
54022
66730
85546
33674
43644
107766
33065
75408
74430
98647
62298
66228
107647
76486
57990
108866
112553
16722
43252
66543
46501
35981
72567
45151
92514
51217
105638
105430
65910
56504
69384
28436
105833
58523
36223
42556
66078
41140
40753
124419
103037
112041
104646
46084
106838
28863
97929
113498
33992
73371
43126
69387
93320
28528
93241
81425
79068
111438
101609
74711
67184
89106
113133
103023
30498
110427
92857
57714
67112
48751
46955
75596
110530
101784
47026
24432
90995
65813
104624
63601
93751
41375
67380
78139
112785
55051
86368
36021
41336
101291
62858
70590
99303
56412
78661
98693
75331
81517
101960
55287
38270
50264
37017
149920
101305
78508
85349
36189
104358
68897
36061
51125
46476
88471
27404
77764
62946
96221
52198
47428
26975
90373
85802
45316
79420
29891
46981
42458
62886
112396
62097
39886
55996
113852
67896
94209
110804
64728
113977
73655
28997
31504
110577
81570
76457
44933
92101
72392
38218
32543
86477
76406
101017
74055
30090
81763
91259
59149
89257
36924
102454
35251
98212
70350
7379
113136
51502
76408
80455
53254
70000
108688
93343
59172
51171
90039
74192
34391
57535
32860
41486
86526
113294
57665
46771
97436
76340
47120
107981
81903
104634
109934
79416
66331
77317
84504
54785
37362
86257
40316
78887
110358
68894
77861
112696
54260
89787
100521
71992
42295
102353
78919
64113
113978
67895
84507
58248
97273
37830
46789
43404
81859
65778
42684
28887
102215
110943
36211
96670
38220
53179
87218
61436
97419
35829
88057
96409
103173
86862
89343
49142
106941
22768
94083
37329
53063
90975
81210
35440
33758
58027
72218
88383
41404
79108
108407
37315
48523
37790
84787
54211
108448
87908
88302
82739
61431
85944
37836
84289
108665
84349
98915
86236
56108
70202
37371
81602
39726
32842
91985
81061
113932
78402
102230
91580
109290
59157
102731
91847
49394
83594
51394
106494
110186
105315
93219
71264
49984
100791
77364
38917
88738
57893
41821
83562
72080
76466
55630
58242
113187
63606
103260
87620
49068
85896
101633
92693
55149
101320
32159
77442
62616
89255
88526
96801
36423
59505
84394
51507
54555
71830
86606
70101
94573
33909
90349
87998
38759
59185
79388
78326
52794
48912
46393
107638
106099
114048
89829
98715
110054
49828
60770
30810
46494
61154
51684
90831
85457
91586
54479
112384
92633
28520
40803
97139
78298
88436
67076
68849
75728
32494
64837
93662
96334
78314
32330
41968
50365
38018
45787
93640
93097
110031
72324
28384
72514
87512
102916
71420
48908
53013
90928
101811
40269
101338
70690
111907
83917
103024
36065
60381
85804
66850
36399
43206
23093
98520
103312
96811
62072
71976
113123
70561
73902
65232
85369
62460
57895
81068
89385
90429
82642
95104
92273
104198
103035
80047
77976
111306
85058
102840
76125
49558
98835
91607
107712
61332
52939
104652
50169
80031
112773
92837
111004
40314
110333
71320
104231
34655
75203
47177
90320
107604
96527
105137
48013
41879
76440
74186
82325
49593
64902
63185
53505
30221
75643
107217
90565
81254
35449
63934
35550
95118
99684
81770
112716
90685
81699
47617
95343
101679
111923
102476
91215
47044
87830
58742
52609
89753
77988
54864
28895
67340
48626
111031
90353
92552
39722
48124
46015
109502
108088
99773
78316
111766
61865
79831
84007
104154
79632
112289
112747
43282
90555
3505
110646
99827
47710
78056
113278
58747
86675
113023
54432
50522
111187
72581
60046
61753
29929
81682
52853
101980
109280
57729
70557
112200
41005
113517
113690
53019
37331
46659
90207
104271
53888
85950
33030
51170
109143
41603
105482
84309
113502
112728
114057
49323
26971
44680
100950
60834
98486
45995
60613
110050
32311
111278
73219
57397
20455
43977
767
68361
36395
34650
26458
83997
77152
53306
42074
37428
76252
101470
52506
71581
42760
48510
74150
70535
84244
89384
75165
113152
89293
46607
85547
93508
54196
54605
112895
83201
100468
51734
49875
113425
89547
55554
86948
102471
31717
22507
38672
95949
86015
94014
82106
89731
79755
34169
61298
49054
44936
103870
78090
104328
79996
103484
57891
114127
44762
69191
113605
35445
52028
62099
60484
62951
36702
57932
27736
55294
37885
76753
81199
39898
109516
93841
59323
52994
81877
100278
112769
113407
108422
38062
47199
57063
62551
64575
91478
52472
61777
113824
95994
37641
82955
33657
51283
29374
54012
75515
86082
52503
86008
75297
113241
66415
46989
58492
88155
91886
62588
30380
29820
73363
104760
65354
102213
64440
113582
89871
106886
104627
74237
100572
67512
97379
94838
112971
94159
98200
112479
41083
68738
98009
56447
146799
99156
109297
74665
28849
48606
88689
80928
73376
48763
76081
100429
49006
93214
77765
78876
92349
44235
98427
50088
94030
56731
48244
114018
35612
17672
63404
97637
104247
60071
29031
107208
98108
68336
109629
71672
150887
79789
81786
95178
34910
61327
61665
50140
42338
112242
61178
96650
66206
84279
101077
103172
68853
52509
102207
95097
112658
114142
101483
66872
110809
62208
109873
81690
73166
106005
40936
29992
55115
20457
58517
13388
52127
108289
84851
34307
55768
99588
61032
103839
35654
44539
91093
76254
40170
105568
57150
100637
87841
95777
35852
78891
111196
109717
44964
60775
47194
31390
74925
94506
45528
86654
102386
104906
56290
30300
113266
77622
47744
78107
40833
52157
99944
107784
51697
14335
113970
84624
58035
59140
41756
98513
76623
67808
45276
93724
16724
111874
108367
54579
78356
96766
109292
101808
81150
45241
55262
81552
89031
113747
94007
47200
55489
69581
85406
102655
88387
85638
74753
44563
65707
39946
90068
109218
52874
54018
111389
76003
78535
97413
31195
103128
58832
111754
49819
72892
35552
66604
33210
84284
80822
43363
95750
31040
47118
79223
101124
61898
79735
62288
57823
99782
99644
113312
77533
82228
31812
84213
62338
69987
59866
29072
76844
105656
89240
47278
108461
71403
99822
83358
802
79442
60862
98050
112925
50715
75008
82948
112962
74028
110298
57196
75578
85048
69010
142535
110057
59422
26028
33837
85608
105128
57178
57446
56996
29501
34340
86167
59304
89414
112197
81952
48029
61615
82801
57647
39304
89471
74146
63745
91639
113883
76710
104151
113142
96602
108693
72662
47966
59648
88612
40357
47580
67672
85957
38994
37741
61435
110527
48669
83446
46609
81892
77098
54370
67087
112672
43046
66566
90227
37050
30483
57431
50091
79937
63409
87245
112703
57868
50992
45051
60522
55735
29181
50022
88699
30866
54884
91156
88352
90659
65661
38493
81034
90434
89803
28258
35761
98555
73392
58199
101318
51308
65704
27996
51049
47325
55631
59173
53610
55482
58788
36670
80264
51721
101274
108450
108725
113744
53584
86166
32936
104419
72701
29889
112050
92979
46200
108579
37459
56657
52813
71191
67465
28998
53705
73066
32743
81846
64726
57082
57659
91568
83553
108068
105862
47226
51271
17671
101264
97636
69059
75779
97341
86439
93099
61686
38077
99085
78138
68880
51932
46991
28216
47318
101127
76009
99495
77864
28434
65073
50262
26526
72509
99058
110034
111580
74493
38664
72158
93252
91052
74478
47017
56629
135951
22822
41739
96345
58557
111269
101289
66880
69745
52590
72325
109324
79431
93098
62304
48707
92713
70034
78507
80386
34121
55881
105500
78313
63998
58191
90657
52133
114019
30709
93715
28651
89440
99556
109975
92835
74129
113971
67980
31558
104896
74048
52962
103697
44010
79504
98183
105856
90206
80478
25943
59749
110269
111109
108699
56227
18022
62071
107743
75317
35972
113592
66825
31342
35736
103792
97086
105807
65332
64312
81808
77210
42841
36121
113830
52823
53672
112614
33512
83355
92495
45947
92272
103087
7798
93483
103335
91748
72634
100522
77816
50876
38791
91582
99435
109230
112280
84174
58396
64155
105860
99497
58420
90141
43327
49502
31752
54543
97598
60979
61433
71832
65786
55111
106673
94188
64136
92209
48518
