38882
74020
80703
82698
43226
72250
43049
56101
80706
89575
90234
92832
48019
95955
100159
60121
77692
72922
91963
82052
69639
34304
35912
79261
52487
68410
33571
111166
90347
42367
67078
24266
51875
54512
84111
41349
91300
31060
111785
66716
106800
72400
48627
26570
89839
100295
106220
104077
91191
72109
84026
108312
77536
71604
100940
62754
45287
90830
30088
103346
95017
109512
107308
70992
73956
57612
106925
72020
108266
55185
39165
80556
49134
94081
102939
29355
92817
91220
28115
92764
107681
114482
87270
102066
67958
112678
88388
50362
64426
37319
49738
104647
42512
31684
97962
52107
112092
65369
96275
92912
95225
42147
56421
92496
41172
29313
52643
102044
107785
42148
78533
92992
74135
103933
40571
112054
98564
113884
97940
110919
44014
74900
64173
105094
112482
47036
40638
60222
78155
93859
60652
68898
71130
58514
54582
36116
71618
32555
56033
92348
60224
68014
70115
58843
110555
99012
35720
113325
76751
101589
54281
91055
88825
83804
59217
89685
94705
96944
70984
105103
93019
43614
47067
30385
68616
99749
33855
94549
46438
36239
79088
93641
109129
91180
36978
53136
56117
32558
53156
39003
94358
94925
72335
81637
106712
75703
112819
86550
32082
113669
101018
48601
85227
48760
91299
84345
39453
21443
63057
91063
55574
55816
85097
112950
88741
39981
77583
79386
91053
96217
103165
89397
82024
29243
106188
25458
104232
104218
60918
61605
79435
97417
50111
59714
93275
85783
45932
65836
70239
69754
100091
77020
73119
98153
