103110
111366
59661
55555
107552
36477
30224
41996
24226
87273
108392
38565
38908
80647
58037
113934
38229
112324
37321
96545
83648
33251
90758
96567
96355
37373
96575
113401
87204
114148
74978
112821
98599
79499
57437
80121
60620
84207
78054
54914
85612
48125
60040
109825
110954
28905
107358
49415
55724
51040
68379
81252
72578
44269
90468
81624
60433
101693
58628
95151
51714
96516
95801
60309
114150
87465
49168
71931
56022
103481
82287
80570
105310
61780
70948
58822
94964
28617
71182
104031
76667
39859
79343
67121
62507
32292
96802
78345
109158
66306
107247
65996
83567
22765
93379
72947
105926
109924
45136
84053
52604
28618
100453
34309
35075
72248
84218
86262
48328
59038
83873
88987
34492
93168
56173
56999
57168
45782
70833
80062
43559
85876
62981
91668
93836
47075
28616
55683
63294
109429
36623
45312
86470
92391
37015
62940
46902
45175
111378
75731
83865
35921
83733
31589
60804
64640
85756
32664
44368
59330
97867
91038
64379
41780
88814
91594
110703
