37198
32616
76098
92456
72565
69289
37630
109618
101081
108521
39866
60117
44931
102222
49850
49624
106945
79894
92670
106849
99400
56131
66833
60481
104112
37213
86083
84372
84005
76892
99528
111821
90871
58151
54961
96187
85431
98439
88408
100404
62238
108585
107215
113815
77559
93053
34623
109668
37612
53973
103537
31651
72958
69835
70107
98210
92184
53604
88754
85930
90450
107550
45159
50163
58300
99704
38862
57995
29629
62146
103141
84637
61988
88721
114143
113654
86960
102887
43502
94372
107946
46834
28335
111225
89609
55681
55393
47964
29312
80580
82854
88317
96686
111273
49306
92125
83171
100386
37081
74800
92408
103521
83246
32436
24817
35526
50076
38644
55187
73412
74712
32988
98356
62057
53023
50143
28497
80996
47494
34607
58307
109277
63363
103446
64803
61038
56065
98001
57070
77822
40795
100978
105343
31740
39895
51036
31653
34963
94823
58806
85531
93370
36071
69596
100619
110700
65358
87815
51663
93613
76685
58366
75549
110363
44752
109509
38521
91060
78003
93209
76901
35389
31763
74011
64534
32686
111289
77106
66124
70219
92004
89724
50832
72916
28354
80187
68779
90249
85255
75766
110040
79588
45484
58673
54368
33102
74059
74847
101847
46586
107475
107955
61272
55242
97691
97410
113863
110450
28324
60079
86977
79523
85885
46561
65635
41033
55777
53464
80539
57294
68855
60322
12376
58011
63006
105960
64822
80839
76023
72355
77889
65850
60674
57596
70882
95741
99601
69480
54758
105306
80201
81101
48650
78769
107420
46265
73832
90444
61838
106325
109920
53170
110724
109123
111041
105882
99976
54650
79316
47487
20590
38541
39194
109087
86024
87650
35258
55435
108766
113987
70835
63874
77502
60987
31575
89464
44741
86088
73146
95637
76846
59666
58160
71524
98679
94725
68400
56533
55715
81232
43499
66021
89328
82910
55744
40222
105298
38687
83472
78055
76706
73673
97478
86377
36304
110147
80704
32625
86090
74032
113319
44238
97179
51567
82051
94192
47488
108852
32672
45468
113864
83180
54995
59966
77257
54828
57122
111381
92231
23815
109829
62422
97430
56920
41494
107516
66862
79927
45792
94462
70080
53109
78773
61286
72548
83267
30809
48026
89301
65887
85380
31358
44212
42030
103857
81045
58075
