73656
40977
48695
64663
59810
43351
77900
34966
89683
89468
51643
100547
61173
108126
64377
56294
110359
25342
100032
74382
37299
51835
72964
61730
60902
70840
46252
107119
55359
78545
39164
54367
109583
58189
89523
86938
35949
102286
67479
71131
76102
95806
55398
96900
24259
75014
90355
62593
77195
68138
106154
75764
73326
61030
52465
33067
93206
55513
65945
85426
62121
43071
39517
52027
91532
33633
46063
67440
92102
52345
34400
77733
45077
61156
109675
109847
23230
100647
109476
87004
63021
58406
55990
3304
66209
36479
78536
54831
86919
57354
60616
27782
102281
62922
112695
79258
75115
54389
95269
90748
89319
84933
48865
69129
80263
76537
85040
103625
88659
105990
82597
43925
45631
50746
34969
81582
39629
108536
64369
91514
63356
107272
70919
113520
69457
103114
67403
85038
68337
58188
100238
91666
94901
34127
90331
11735
34944
112257
72059
64850
72104
47914
25017
77346
84636
34006
85542
29318
99030
108687
59396
35071
32615
61551
90777
57663
98145
102192
56571
80772
66066
78768
87656
73383
58269
63091
66958
86555
44325
97549
99328
49151
90231
49851
32065
57205
94609
86736
80234
81641
59778
73745
78881
56572
82274
74152
95264
100192
107389
75810
58358
46165
91380
105697
33664
101807
41875
102284
105601
108592
34902
85053
102045
29326
107952
99513
107706
99587
52466
106666
65176
31656
99313
78816
100829
40961
46292
36893
100387
69582
76267
66056
58782
44755
97898
69030
96593
98753
30564
63728
32744
95394
45179
35860
107910
50523
51594
93830
92494
64472
113796
84819
94776
41085
47170
49913
32222
104148
92799
113741
50671
46182
78831
37489
60100
72549
41088
105241
33376
73748
109976
61700
80481
108092
87305
89894
105035
71334
108695
109326
96658
111962
53788
109080
143865
24413
30800
74029
65852
66048
45793
39361
67387
103045
80578
32864
62163
36161
100578
74033
82097
106054
84836
103983
65991
39408
38844
70546
61290
43715
113072
64969
26638
31832
79848
63083
57996
33969
95845
50173
27180
70178
79246
103664
70537
113373
112496
76284
95074
40383
34184
72017
62585
98879
109229
85736
86152
79188
104750
31546
63541
104715
76367
41497
88498
61721
74904
92255
56569
75274
107518
88166
66248
24881
70482
42555
69782
90057
66152
90933
102993
52411
97822
44973
74484
101228
83476
103080
97887
31346
58196
67438
67237
98411
100307
42787
104971
91241
41587
53218
50857
28500
100683
69610
103996
46578
65884
77879
35063
41238
35807
73178
46323
47936
45843
77139
104161
99570
67409
85373
104813
27410
89780
91960
53477
80775
101937
90216
92245
57839
79599
113689
87156
35510
28343
40748
42180
85954
111508
86224
106555
34371
103018
105001
68896
77979
109474
113535
92880
48628
61002
113770
101755
63605
93995
62771
38019
38867
79087
102224
30467
35954
53849
