47000
43235
50207
95474
71782
90671
51603
47884
78390
77224
60790
100812
80901
105266
97581
108879
80470
49023
88864
75532
91190
55362
51794
82675
42179
69382
101298
108724
47303
81302
50900
64324
107644
75179
43498
96143
91171
75982
61024
87802
105625
95018
40890
31182
90656
50683
42801
66869
96843
33978
32665
112113
101504
107249
99387
113181
84212
70077
79994
87443
52856
108358
66457
92619
91638
65964
26016
28863
113498
111438
74711
47026
78139
112785
37017
36061
90373
112396
74055
97436
102215
81210
41404
37315
81602
77364
87998
59185
79388
96334
41968
96811
62460
52939
105137
90565
39722
52853
43977
77152
70535
83201
89731
57932
52994
38062
91478
33657
58492
113582
67512
94838
94159
100429
94030
48244
96650
109873
84851
31390
74925
86654
41756
111754
82228
84213
89240
33837
29501
108693
47580
38994
83446
90227
37050
54884
51049
47325
108450
32936
72701
92979
52813
57659
38077
68880
51932
50262
74493
62304
92713
109975
92835
80478
62071
103087
97598
65786
64136
