103110
33439
72456
104737
111366
59661
91935
113247
55555
105229
98372
51087
72381
111753
88839
107552
64632
79104
58786
80093
60301
46445
96271
113840
48790
90606
36477
105535
103987
30650
36624
136071
85124
44424
106296
53977
78978
48221
30224
58610
110506
41996
70105
55525
58244
49511
51750
33954
110334
95182
88118
24226
85492
38889
62425
105288
32551
100717
87273
77105
100752
58611
38891
75685
80191
68217
113679
108254
85859
53615
108392
101014
102068
86246
85729
100340
78455
71573
97034
38565
54925
108559
92571
44216
38908
107049
110446
62892
40926
80647
87306
110004
75902
75411
55686
63414
26574
64583
68386
62743
61873
78936
64910
84397
80604
59849
105023
88750
58037
111796
112026
93918
82709
113934
59581
108471
38229
75178
62577
59138
66724
111451
104396
112324
77054
37321
58705
70359
96545
85311
113901
98297
68399
67334
68371
93088
105937
83648
88314
92878
80797
33251
92758
85286
98161
102062
100251
90758
107593
62947
96567
63680
74176
53248
96355
69136
92753
35074
76900
93525
36090
71122
37373
96575
112625
94837
38254
52538
74860
113401
87925
50330
97399
83568
50858
112723
87204
114148
64051
74978
94436
60280
112821
78611
75865
77981
81214
72394
49136
94200
90979
76644
107922
42990
108547
72831
65637
50396
85151
109089
93773
69472
84103
74907
112152
94359
98599
53619
77279
105493
94357
45536
64321
49172
99167
79499
57656
52833
88268
82001
55815
36973
37194
82814
62703
66486
57437
77888
80121
85075
82747
111399
109802
110095
96350
61959
98757
48754
61461
60620
62415
49193
75697
60796
61798
51496
57636
107457
84207
67934
78054
103119
57213
72023
100539
109464
69326
62008
76915
65969
68871
94527
54914
85612
48125
59420
106038
60040
103328
114085
54557
67114
113847
50398
70170
44798
57340
82745
70917
109825
78677
49154
97772
110954
28905
81410
58291
107358
29350
49415
80678
58803
104994
55724
83965
51040
113371
104780
78299
68379
99758
46322
81252
45711
27090
72578
74914
44269
43478
90468
42824
29332
81624
51181
45986
93086
45036
32133
42840
96358
105151
61406
95084
60433
32946
85184
101693
58628
90718
46713
110898
66144
105026
69569
83403
63677
79310
95151
55751
80026
95674
85209
72463
38177
82618
111040
51714
87082
92022
113991
96516
95142
111935
96784
66244
62758
105301
76835
59674
39572
89268
54788
42826
97591
90549
64413
88767
113183
70475
32624
64802
47412
73674
73922
95801
79874
67608
60044
80623
88762
82832
105443
60692
65325
66976
83575
86123
60309
101597
46600
102894
114150
84649
76831
87465
49168
59747
75057
37884
99915
97096
71931
113003
101126
81222
102059
94921
108542
50324
83490
80609
56022
74690
50239
94464
64835
38892
82255
92145
111365
103481
45158
72401
49215
76784
44331
49767
57361
36063
70857
66771
44074
82656
45769
49509
82287
98231
100641
59437
80570
105310
57305
90607
104402
37004
93860
32764
92755
87408
77676
46300
109286
57349
61780
113402
70948
55636
77843
58822
79749
108179
79873
78937
103840
97823
41825
94952
93653
65831
84864
72970
57988
76720
38437
94964
63437
112321
83584
28617
45473
83913
110669
71182
61078
104031
76667
72391
97363
66067
101901
47255
94284
72576
33063
86741
85760
97473
101678
94176
76512
101689
39859
34225
96705
41459
62392
55752
79343
67121
112770
56104
36825
38331
56091
56095
75026
102594
62872
62507
42540
64572
32292
96802
41933
67464
78345
109158
24131
78057
66306
64039
102530
72685
68093
69133
43173
38727
59964
86985
61581
108512
111125
62428
107247
54533
136314
86619
98144
69182
65996
73537
89793
89111
106633
70737
60462
36070
64202
113237
74376
83567
92296
85778
40891
26114
63543
60696
36067
27384
111335
22765
77441
86563
80309
80120
93379
95294
114066
81607
84575
69118
107690
60171
67637
53115
35134
90581
100333
49171
92728
82964
58637
45987
72947
98349
94045
54628
41589
64970
36412
49137
72005
89066
106823
61010
80714
83587
76443
105926
73915
113057
98265
31354
109924
45392
67335
45136
84053
80710
49166
37609
53211
107875
49209
109155
84220
52604
47451
63778
87079
94877
51897
104741
84542
82953
112544
113857
102557
33998
73980
90615
49643
28618
83077
100453
82904
34309
76941
94530
35075
69762
104511
110968
89124
41322
110449
48837
72248
37528
113399
101765
58254
112071
51098
81640
106713
38736
84218
95711
88766
98752
55473
113009
79538
48108
50981
95859
45846
86262
57566
33249
96856
70776
107350
97180
48328
92211
59038
101258
61067
85078
106980
67675
108740
43061
86552
112820
86809
71796
100160
70171
105492
95065
83873
30782
73246
88987
74544
47937
71474
93451
108573
78765
83080
34492
74374
67605
84117
107334
13891
52485
113760
93168
88239
74991
89127
40388
50527
56173
81500
100268
103223
99853
86308
53406
39953
47347
50916
112151
63855
85791
78130
84862
100034
39372
82431
56999
75691
62483
28859
83413
45992
67673
100675
53626
79082
72583
110381
62791
32093
114135
71389
87190
57168
46917
105203
83864
72925
56561
111771
44599
95346
104726
101163
40749
94431
58468
45782
70741
90032
70833
90396
91014
99515
65722
70263
65241
64510
76948
31023
98375
109302
75475
102266
107927
53759
54186
104742
39551
69479
68573
80062
91015
104962
65023
47659
53607
50393
50512
66889
29626
110407
110048
99905
41458
43559
73354
99202
72842
85876
80130
90613
87510
73550
38890
62981
55324
34712
91668
30268
42796
97206
69359
108754
37142
62454
93836
107576
54518
60730
86816
97547
102554
103808
92500
59926
89851
78077
63492
81675
106359
77563
46185
99392
111085
41829
106855
47075
49535
56440
62111
74663
28616
70028
108277
52929
68225
48011
55547
111605
109270
36700
78873
64899
63760
113765
78710
67469
58545
59679
46155
56079
44433
92450
63280
46059
104576
98936
55683
63294
62115
55326
111030
33359
106211
38344
109429
98495
98714
54435
55541
36623
45312
51771
92369
86470
80995
30748
70404
56023
99128
65264
92391
77129
88223
41817
37015
62940
37707
71353
100565
69653
83408
66373
46902
45175
38774
32349
111378
60735
95704
75731
103564
61968
63026
40766
83865
65679
35921
51607
104047
79784
35202
83733
61970
45390
93305
104914
65326
87517
46453
101638
45994
31589
10525
37375
56438
53692
30938
108953
91187
104174
69295
68491
30258
60804
64640
30233
53741
30499
87696
63051
42024
84450
85756
92727
73351
82584
32664
68555
93126
50716
44203
108739
66148
64288
44368
98224
69470
90082
28455
71768
93560
59330
45383
73536
76671
97867
105031
41309
89816
28241
88857
43500
65759
91038
94290
45993
73702
96384
81920
51876
66141
62352
86676
29821
60297
38348
64379
60271
41780
36114
76657
91383
55940
87524
88814
66098
38302
60278
72562
49170
93557
41262
91594
110703
57376
97242
104679
45400
65525
84517
71896
105232
