37198
76098
92456
72565
37630
101081
39866
44931
49850
49624
106945
79894
99400
56131
66833
60481
37213
86083
84372
84005
99528
111821
90871
54961
85431
100404
62238
107215
113815
77559
93053
34623
37612
31651
72958
69835
70107
98210
53604
85930
90450
45159
50163
99704
38862
29629
103141
84637
61988
114143
43502
94372
107946
28335
55681
47964
80580
88317
96686
111273
92125
83171
92408
32436
24817
35526
55187
32988
50143
28497
80996
47494
34607
109277
63363
103446
64803
56065
98001
77822
40795
100978
105343
39895
51036
31653
34963
58806
85531
100619
110700
87815
51663
93613
76685
75549
109509
91060
93209
31763
74011
64534
111289
77106
92004
89724
50832
72916
28354
80187
85255
75766
110040
79588
58673
33102
101847
55242
97410
113863
86977
79523
85885
46561
41033
53464
68855
12376
58011
105960
64822
80839
77889
60674
57596
70882
69480
105306
81101
48650
107420
90444
61838
109920
110724
109123
105882
99976
54650
79316
47487
20590
38541
39194
35258
113987
70835
77502
60987
89464
76846
58160
98679
68400
55715
43499
89328
55744
40222
105298
38687
83472
78055
76706
86377
36304
110147
80704
113319
44238
51567
82051
94192
47488
32672
45468
113864
83180
54995
54828
111381
92231
23815
109829
62422
97430
41494
107516
66862
79927
94462
70080
72548
83267
30809
48026
89301
65887
85380
44212
42030
103857
81045
