89141
108798
51648
46847
53431
93516
49616
106944
92787
85927
95141
39265
64431
94334
31800
108659
48692
33354
89172
56058
29241
106714
79191
84724
103171
59914
47965
81129
74488
90855
82382
35055
94708
38841
54889
99280
79511
94020
83376
77255
41588
37268
107837
46020
41872
73323
57762
92019
80780
36221
45078
84008
69345
36720
74081
63758
106464
51995
41624
54097
104043
97418
94633
89469
31979
46266
98681
56624
72366
87231
100632
98054
112004
65471
24503
100981
93246
83461
99335
41342
35965
57069
53172
29001
80924
87463
82627
69841
57345
73910
52320
52003
28708
99572
45859
74798
51944
94715
32160
73548
101922
93339
72873
34049
28821
103545
82396
92068
98904
84215
97348
107228
112675
87534
35647
49607
93404
24644
33442
65141
113524
91238
113941
73270
85336
72826
92709
47503
37022
64446
66323
80092
72211
68204
107448
56618
53523
41204
32347
101838
40705
69840
95338
99092
67437
34708
102194
89537
88523
99595
76380
61781
71108
69393
54761
58008
16810
104013
45360
53167
90025
53225
79189
108200
35234
32410
81572
111111
40360
66300
47204
102170
96541
109347
