73656
77900
34966
89683
51643
100547
108126
64377
56294
25342
100032
74382
51835
72964
70840
46252
55359
78545
39164
54367
86938
35949
102286
67479
71131
76102
95806
96900
90355
77195
68138
75764
73326
61030
52465
33067
93206
55513
62121
43071
39517
52027
91532
33633
46063
34400
45077
109675
109847
100647
109476
87004
63021
58406
3304
66209
36479
86919
57354
102281
62922
79258
54389
95269
90748
84933
69129
80263
76537
85040
103625
88659
105990
82597
43925
45631
34969
108536
64369
91514
107272
70919
113520
69457
103114
67403
68337
100238
91666
94901
34127
90331
34944
112257
64850
47914
77346
84636
85542
99030
32615
98145
102192
56571
66066
78768
87656
63091
66958
44325
57205
94609
86736
73745
78881
56572
82274
95264
107389
75810
58358
46165
105697
33664
101807
41875
102284
105601
34902
85053
29326
107952
99513
107706
106666
31656
99313
78816
40961
46292
76267
44755
96593
63728
95394
50523
51594
93830
92494
64472
113796
84819
94776
49913
32222
92799
113741
50671
46182
78831
60100
72549
73748
109976
61700
108092
87305
108695
109326
111962
109080
24413
30800
74029
65852
45793
67387
103045
80578
32864
100578
82097
106054
103983
38844
70546
61290
43715
113072
64969
79848
63083
95845
50173
27180
70178
103664
70537
112496
95074
40383
72017
62585
98879
85736
86152
104750
63541
104715
41497
61721
74904
56569
75274
107518
88166
66248
70482
42555
90057
66152
90933
102993
52411
97822
44973
83476
97887
31346
58196
67237
98411
100307
41587
50857
28500
100683
69610
65884
35063
41238
35807
73178
46323
47936
77139
104161
99570
67409
85373
27410
89780
91960
53477
101937
90216
92245
79599
35510
28343
86224
106555
34371
105001
113535
48628
61002
63605
62771
79087
102224
30467
53849
