93383
90214
79689
99964
51216
74102
55441
70682
39018
89535
35316
85011
48894
32641
107723
101385
81784
33304
87850
63295
80773
58185
57363
83195
100252
76607
70474
73962
77199
45472
52556
43706
43712
54246
60102
113105
48239
61408
65697
58207
46388
79945
46836
50071
54861
25620
47153
88931
44231
100056
77858
56258
83174
91662
27921
109067
61084
89875
30182
52268
112657
79993
53594
86311
58039
89818
94522
108777
37209
87126
77141
71534
70506
113961
91947
36876
102052
59451
31336
88440
92265
112487
58315
101178
96223
58357
74021
105336
50145
67067
77880
71834
70519
93381
71133
34735
102917
87061
38790
88329
71790
57030
113276
109477
87128
35788
59834
94172
43359
105792
54903
87529
47519
79075
70152
105307
80786
68239
51682
99996
68364
63539
96136
93552
90203
98894
49586
103400
53745
78926
106899
73894
63705
69645
96023
90213
102867
109911
35984
78734
66790
53501
104116
57282
83473
59588
46602
67855
98566
47472
69976
99446
81919
58262
83655
72117
56868
72713
31820
65099
42368
25015
105092
50610
86982
78718
73334
109641
36156
47401
78287
41792
64540
54528
104754
65083
80025
93579
48477
35989
45105
100461
58239
41827
52846
103508
108453
78272
105234
85841
35137
44543
84122
100154
68765
95295
43326
39735
97286
