63514
49181
33717
92261
43651
69217
38151
58723
63511
105033
98325
47769
11730
64222
144325
108511
66744
104171
58827
111251
73650
107705
89129
85596
29984
106649
106761
9993
36020
68026
66020
93759
97704
47066
31789
31899
73020
102013
96234
86471
101101
96235
106397
79237
72760
91447
104281
83229
108132
69811
96132
105708
99477
82742
42463
113999
98805
56942
56910
45242
15342
109787
50724
40054
50244
82900
82912
79882
16556
96952
103669
42094
51849
60493
100163
69969
91239
38203
52608
83936
103458
49260
41250
91209
35988
89020
61326
70786
85035
53430
98620
44398
63359
41352
97183
88788
89083
113581
35996
57790
33793
60165
99068
74050
108134
86211
57577
72661
109660
96372
89230
76005
79369
82693
109916
31657
110185
157291
60070
74739
111823
108084
105082
77014
69531
103063
58537
89611
61872
93994
113081
34698
90381
86652
113158
41998
69396
51960
62052
22873
112062
70520
114147
109715
76425
109568
111714
88134
60913
81874
41869
112420
102529
37234
80229
76354
33702
74951
42984
78759
39252
99697
72625
88991
60990
34166
77266
50028
37236
111698
93784
102809
83484
60615
109569
39236
96274
73368
79128
27282
90401
132310
37648
95644
20409
101961
28457
74476
107147
45269
66200
57435
61128
80060
40652
46889
68630
66089
65787
80712
104309
93922
113068
93701
85907
26314
80564
66086
80190
36236
60679
76638
84343
101621
85248
113106
94824
43497
57642
100088
101053
65967
88491
87618
50845
107410
40177
103031
64539
63523
46666
80487
35830
72328
101613
109152
103068
76962
98549
110784
55025
