63984
89141
58162
99946
112210
38882
41828
106813
110414
136920
74987
75961
83571
99806
71963
40077
102919
113938
63355
110887
104504
74020
99747
67453
100394
65990
29787
89088
90937
86775
93383
103699
60965
59348
90214
135162
92903
80703
63735
82698
108798
58176
51157
109272
41347
43226
44904
90779
37303
37198
89937
51648
45535
70849
100915
72250
56782
49288
98584
34901
97626
43049
6803
59314
81091
32616
107219
76098
71519
46847
80866
51035
72710
92456
58547
40584
54356
41118
72565
56101
58481
113933
79689
113839
99964
66902
51216
94389
52603
60835
105355
77956
112214
66980
78166
48613
79630
74102
33122
94902
98665
64532
55441
90922
73375
112364
32798
59319
56546
32016
105166
53431
90676
69289
37630
87216
58731
113826
98264
104723
39546
93266
80706
97471
28590
101150
31456
70682
109618
88654
109179
103066
23938
84209
61000
92097
93516
75986
78108
112282
37760
32737
50027
87730
69532
89575
71547
96501
41590
108589
39018
90234
44246
46057
40148
94236
81133
74130
109197
69895
109118
101081
108521
44581
91535
100286
30393
40230
23224
73169
106951
49778
73862
39866
49616
80701
39390
92832
83683
96002
112850
49826
106944
87001
45537
99326
46161
60117
71342
42037
79843
101535
85283
83067
88139
99573
55552
108793
33590
89535
97553
106376
44931
75533
92787
55010
24963
56687
70162
109619
48019
86900
36291
95955
50329
35316
77013
72698
55120
85011
48894
53500
87388
63221
63275
57526
72135
113794
58528
98694
69768
108540
76963
102222
85927
49850
38117
100794
42078
68750
32641
79300
100344
61816
45520
98769
97349
107723
94329
29293
80027
105005
49624
68627
52126
111215
67610
94362
51014
106945
92710
91016
104908
54335
47853
100364
69931
100159
95528
34657
95141
101385
51843
48380
50829
63050
98744
110313
113812
91291
107803
27906
105010
79894
39265
60121
110087
50959
26507
73158
40757
69775
70731
34193
105501
77692
81784
97992
64431
67406
72922
56720
60043
105235
66473
33304
98993
50216
87850
33881
67837
77564
91649
104718
63295
58532
68351
94334
81032
31800
27080
108659
100736
63549
80773
92670
114069
44547
74973
109413
33704
106195
72966
32451
106849
99400
58185
48692
43323
33354
56131
33612
63739
54217
36039
75456
98826
49386
66833
7311
35232
60481
104112
64535
101492
46706
82295
91963
63597
57363
37213
95852
77565
83195
46543
82052
69386
86083
58707
89835
100815
75313
34122
84372
69639
69539
100252
78969
41378
47724
75333
76607
89172
82895
82165
70474
78008
31103
84005
76892
62053
72507
49387
34187
69418
56058
45268
80518
70680
29241
101482
34304
99528
106714
52230
57929
39874
78642
111821
90871
27867
46621
47092
91017
58151
86503
90674
45921
104610
57978
109332
73962
107482
79191
57980
70483
35912
54961
74884
79261
59928
97610
97090
77199
36057
52487
82368
66892
68410
57339
61397
56468
96187
107868
85045
95459
92574
27784
37308
84724
87457
103171
67370
45472
92302
51665
65331
31296
104695
85249
52556
83586
62287
108737
43706
59914
85431
49452
33571
43066
59933
45938
57371
43712
98184
98143
94825
77608
78441
111166
91443
90347
107461
40886
98439
45183
82414
80192
111789
54032
29500
107498
98494
75854
68717
111696
57394
81419
54246
33957
70413
60102
60708
78532
47820
88408
88370
90934
66467
85117
47965
101525
69410
57530
32030
75319
57975
100404
49444
75901
62238
32172
28624
106173
48647
39624
46454
106531
105052
78736
113105
46077
101911
38089
66956
113832
75553
105973
58622
46711
110886
73637
77154
108585
65098
86845
55322
81129
48239
52144
58599
52111
61408
54760
73124
73104
65697
107215
42367
82223
111129
78981
45423
113815
70834
89398
82005
112306
51475
94006
95810
77559
92490
58207
46388
93053
113366
90579
68098
109760
86588
58214
34623
89415
32059
109668
79119
67099
102597
69221
74488
79524
109779
101608
63184
84000
102069
88525
79945
90855
67078
46836
50071
37612
94899
106670
107649
58277
48443
67051
103073
24266
50759
65989
98640
101050
72338
44470
51875
24133
91064
89321
91177
53973
40888
62793
82382
36601
54861
32734
84205
29367
56174
63531
110715
70266
101046
78963
71498
103537
72483
52771
54512
45593
25620
77955
85148
61009
109024
107790
83518
14194
83891
31651
98624
35055
72958
71632
66156
94708
38841
69835
86901
87309
32747
110222
98339
99596
62952
41393
62046
81394
106492
65455
72932
80403
67879
87378
78523
42971
103132
30273
48275
98438
102039
70107
84111
47153
88931
112145
98210
44231
59035
68716
41349
84447
44020
61204
48080
89169
105701
100056
64164
77858
41730
92184
87727
91300
31060
53604
107575
56258
59894
57249
70389
54889
111785
66716
95308
87304
110474
100790
99280
88754
66654
85930
39331
85446
46560
45152
83694
79511
94783
40363
60500
84107
76840
109529
50497
79454
43819
84004
67746
107384
87931
84432
94020
81512
90450
113851
55485
107550
90095
45159
44329
35493
82333
37433
38916
96277
76368
105323
50163
42773
58300
46629
108519
88662
67169
113579
88739
86610
40535
58296
99704
71471
44501
47024
83174
38862
99967
91662
77378
67919
69591
77797
112813
60329
39940
69975
104678
83376
45925
57995
80770
27921
85743
81989
79783
29629
43367
105472
113746
77255
62146
109067
84510
49765
83186
62333
61084
64806
36980
111231
103141
30252
45957
106909
57263
58994
79462
112175
69377
41588
106800
60035
60213
102043
50333
47442
84637
87746
87490
39764
61988
83339
73605
32255
109126
112070
69615
63462
89875
36406
50256
58560
104719
30182
49555
59893
44583
88721
90825
79552
72400
43604
51608
114143
112366
45498
103079
67090
45512
113654
110723
81609
103483
44414
52099
58538
69616
112700
85408
92715
62939
56616
74148
52525
109667
86960
44935
43664
48627
102887
43502
72520
70476
52268
95784
44391
50404
112657
6796
92834
59086
31839
45156
82429
87842
57503
81198
94372
26570
75243
110442
107946
79993
34050
94295
97874
5289
99546
46834
97121
95009
66261
89839
88478
37268
67229
88649
64390
91318
101382
100295
38641
88650
75667
35822
106220
104077
28335
107837
53971
46020
53594
41872
59696
88219
111225
110229
104657
98082
94430
71034
54672
62607
60991
86311
89609
40355
54970
50957
72841
106295
99134
99325
26260
72193
100018
39258
73323
67337
62875
69777
66334
31654
91191
49736
49557
36289
30797
72109
64790
101323
84026
93376
108312
101079
61162
85781
43365
96819
94664
53404
37470
112988
100382
106032
108853
47271
62741
55681
67891
58360
103849
30563
78217
47156
103140
45008
47802
77536
47348
58365
108790
57762
55388
111601
95844
110708
92019
58039
80780
101490
107497
109086
71604
44778
89818
55393
22272
47964
61463
75495
29312
90356
77739
94522
53238
86429
44253
80580
100940
36875
53945
90794
85593
113335
108777
45842
82854
62754
96471
67884
37383
45287
36796
92958
88317
90830
90054
100204
66930
38178
96686
77061
103289
111502
109334
30088
103346
36221
27990
37209
70883
95017
65356
73920
111273
41547
108617
49306
106466
76283
60837
87126
83718
73743
95895
83480
109512
71344
68485
76776
34918
111230
58330
84469
103543
45078
91566
92125
77141
84008
113845
108768
83171
32731
108416
36894
84018
100386
51751
53625
55372
56509
62815
56031
66546
104609
107308
82276
71534
69345
99506
36720
97154
48472
70506
70992
113961
37081
56641
68850
56564
33207
37639
30400
90756
71232
108385
74800
113834
18034
73956
81811
65336
57612
30063
74408
98078
92408
67957
73614
103521
69752
112052
106925
72020
102882
110387
89401
60647
108266
55185
70054
28291
44326
109299
79479
74081
36170
58881
55249
112902
63758
63128
113871
83246
42288
50964
32436
68575
95000
95057
24817
81980
55727
33449
39165
97665
60212
36075
46111
72511
62550
53989
80556
100040
55885
8856
112208
84140
89870
35526
103053
79833
36366
113503
30561
104403
40041
103496
82268
103374
97380
49134
74628
50076
113359
105639
80346
102841
91578
83427
70423
104843
91947
38644
55187
73412
89795
36876
80676
74712
94081
138807
64357
86258
100694
72319
102052
102939
106464
60125
112478
111975
77482
45709
40282
106677
96932
29355
68675
75825
44262
40074
59451
83527
53855
32988
113575
112852
100618
84480
47025
71606
92817
111603
37434
56741
94088
40900
104420
55283
36265
72306
112627
98356
33236
88915
92424
91220
28115
104861
51995
108523
37490
113601
102505
68067
107941
80382
43868
96000
34706
78879
62057
53023
77501
39626
52276
61334
92764
41624
75350
95473
46673
99347
103502
66507
107681
51337
54097
104043
36897
31336
50143
28497
80996
31457
88136
53155
54216
88867
98820
95966
88440
97418
53598
34026
73338
1831
47494
80607
65721
82795
68881
24587
112309
34607
87536
40918
6455
83560
92265
79995
45988
33526
58307
93484
112487
80844
109277
114482
96622
53723
66243
34189
86559
69635
78162
86646
33810
93967
94633
31104
30632
94507
60842
65072
110109
63816
63363
87270
103446
112025
41401
61434
110500
104542
94423
89469
44444
64803
90357
58315
92882
60002
61123
86764
63897
93402
61269
68420
94535
56315
58009
80925
38912
96902
59838
46945
101178
108968
62955
31979
61038
55068
64221
39031
56065
48057
83531
99266
102066
47605
91531
98001
113637
107095
62210
78656
77646
87790
54442
96223
76320
29747
94442
70524
62812
46266
106722
57516
110689
57070
40518
34124
107860
93857
58311
66157
58357
106560
72430
105890
69654
79301
112388
60502
36097
91885
74021
77822
58605
67958
40795
62801
105336
74520
112678
88388
85611
52838
40645
111773
66673
56473
60183
44022
50362
97998
100978
44698
64411
42466
98681
73307
62108
96529
60496
105343
68120
31740
75699
100309
58831
37267
58766
98220
38251
69612
54385
50145
39895
61428
101225
89058
51036
84523
68162
52871
78655
31653
83372
64426
49431
97313
90197
66888
103780
64898
107043
33740
37319
103579
81679
93639
80200
34963
45265
19596
94823
86953
67067
57505
59329
58806
65192
56316
88753
50750
101048
47408
95730
62450
45936
64453
75337
67355
85531
56624
28235
72366
53959
87231
77880
56392
56078
63171
71834
86557
86703
52231
93370
102232
68445
70058
49738
57911
94769
41047
34873
104647
70519
67559
85264
48949
97706
44786
36071
99177
30751
79859
153248
106986
48727
46645
93381
90354
100632
68266
100039
98054
74235
64965
33508
62043
89289
69596
47949
81344
94726
100619
96328
33611
60622
101333
71133
42512
91777
109095
110700
34735
65358
43617
37300
99033
109597
31684
97962
111137
99436
87815
60752
97766
50897
113728
70516
69809
96389
45103
67144
111951
112004
52107
81037
84190
82011
90077
102917
51663
93613
44017
39875
88921
87061
76685
38790
80776
78732
61558
56441
87681
28295
130085
69173
112092
38506
54499
111400
58366
79841
55806
68889
65471
45778
42798
66753
78106
75549
72671
93128
53544
65369
110363
71456
57057
96275
83650
98103
56747
41793
72123
32990
75403
50898
65421
69226
56486
77436
32154
73787
59807
109346
31481
100257
44752
53985
88329
69242
109509
101969
38521
53856
57356
45357
91060
57931
78182
33570
61432
24503
100914
29431
71790
78003
71980
16073
41736
35588
89417
92912
100467
95225
72981
33662
100981
112651
35058
31650
81335
28123
84118
42147
106353
95293
39289
67878
30275
88493
56421
109069
96227
57030
82225
33556
93246
59610
85494
89091
41042
93209
90518
40583
76901
40510
98223
46668
17033
83548
61574
102420
89147
92496
76297
35389
65622
71630
71504
31763
74011
95267
83461
47705
53611
41172
92797
29313
63869
64534
81213
67343
99335
31992
113276
109477
110044
50721
77586
107651
38868
87128
106903
98256
44596
32686
28791
41791
68719
60637
112076
78819
25153
85785
85266
52643
90329
37705
111289
36112
111163
35788
55626
37628
61973
59834
107872
94172
102044
63838
104724
59729
100190
107785
64731
31889
66959
101824
35659
45602
41342
45476
35965
71005
64292
42148
57069
26576
50743
33637
92957
35320
32221
91065
105905
77106
72820
110337
73168
46053
74333
51602
35132
42567
77638
78533
66124
70219
72952
84097
50966
32733
55007
106854
92004
79645
54387
52473
89724
37941
43359
50832
41898
92992
72704
84867
89940
74135
101147
72916
110956
63282
105792
104871
103933
54903
107869
96001
28354
43972
102897
60810
87529
72393
58750
111930
65076
44499
53172
29664
108008
80143
110145
47519
62931
78396
52005
79075
53417
67356
70152
21525
64192
102605
41321
74436
40571
34858
71711
105307
80187
83649
31367
77800
68779
78346
98621
90249
70370
54254
66894
59350
104165
57616
58174
96196
81491
85370
62025
70949
39739
85498
14930
85255
92487
93301
44264
36929
75766
110040
84489
94809
95436
84978
29001
56018
112054
104205
80569
65705
40411
99437
39734
50655
76873
80924
83805
80783
71567
104547
106930
44394
98564
112674
72241
79588
90521
113884
61321
70693
81581
97940
78109
23740
49831
105989
45484
80786
73092
71259
31646
14957
58673
33374
62704
54368
68239
33102
97085
77277
84365
112233
52932
110919
44014
87300
56286
32738
91554
87463
82627
74900
110872
35013
64173
74059
67527
77809
48226
74847
71154
51682
105094
34703
99996
67441
66034
92300
46861
56485
53984
99592
69841
91388
105797
86235
101847
64367
72305
65309
113968
35052
44294
99973
56718
40646
102255
59299
57345
87916
41993
110411
68364
31350
99183
112482
73910
52320
85121
64605
39697
52475
112937
46586
47036
98299
107949
107475
63459
108460
59640
75469
70927
107955
78928
109852
63539
40159
97151
97592
86916
52003
46448
79793
103072
96136
112295
61272
95210
28708
13762
93552
112367
55242
60659
102951
90203
41394
33786
53960
86725
46294
66115
56296
97691
100831
79419
98961
97410
66504
98514
99572
98894
41218
40638
45859
50025
99966
42120
64280
60144
65948
36164
57067
90612
24786
41502
76781
94710
52103
97860
33121
104694
60166
92376
74798
29667
44320
102810
85676
46867
63362
21950
113659
45799
50895
84108
66610
62447
56739
40362
51944
113863
66160
60222
85860
94715
110450
101825
32160
78155
44591
61825
105333
113955
106936
34047
75527
28324
57815
48973
23226
83530
57436
103178
49586
60079
103400
97241
69932
82161
108507
53745
82334
87097
93859
108145
73548
71224
109983
36836
95008
39173
78977
60652
67079
86977
65719
101922
112760
61750
113392
48222
76860
93339
68898
32797
55105
71205
83204
72873
79523
55269
96772
64162
47128
85885
104991
40058
58171
42864
46403
94559
34049
38520
28821
103545
80350
86460
93703
42558
56746
64405
33372
72197
43615
71130
61881
46561
31563
76103
58514
113719
83776
65635
103130
82396
56737
48641
70879
41033
40544
92068
76891
66472
7054
80056
55777
111499
54582
98904
61701
85228
72003
105032
93758
56527
53464
78926
91297
31050
46570
59364
80539
58627
62259
84215
76487
61274
26113
59553
51773
57294
108909
106899
136629
68855
38723
60322
60063
12376
90165
73894
58011
109174
39620
58535
63587
63006
85199
78474
36116
69751
88592
78393
63705
42957
71618
27866
45589
87606
48512
25293
61940
48747
81576
105960
69645
33157
30813
48007
65143
41053
62302
83731
102955
32555
72322
56539
96023
69589
63472
84318
60036
64822
52642
25842
59818
56033
62236
92348
80839
104909
46038
60224
68014
78192
107337
90213
76023
78005
86815
94850
74310
77789
87831
93299
42874
64238
72355
77889
97348
99638
53260
60754
34362
76364
33687
65850
43708
60674
64449
106797
102867
105643
70115
104866
73834
58843
98040
110555
90936
99012
100527
37486
57596
48947
53618
104164
62385
82834
78708
112757
46582
107228
43468
110691
98395
46405
70882
65634
60836
99283
57005
64826
47233
72861
56099
56840
69778
35720
113325
109911
65085
105975
80503
103201
89737
48018
69842
67405
76751
53123
27217
83699
72953
56013
61303
30149
95741
75727
101589
106665
112675
106248
54281
87534
59346
35647
64434
102532
96469
99601
56015
81718
59295
69480
44466
32437
54758
67809
73174
91055
105306
43453
75561
88825
35984
76913
96884
69139
49167
71159
59802
107048
80201
112195
50318
81101
109388
83804
59217
113550
72758
91240
70391
100128
97192
56853
103534
46357
33321
99045
45630
78734
49607
84505
109176
85879
40572
66790
96273
105809
104604
89685
48650
71605
63271
56094
88680
42646
60378
47893
36264
94705
78769
48722
93404
112123
77688
107420
87686
97441
69437
65672
75600
24644
96944
53501
109733
71945
70945
111790
46265
70984
72838
88708
94325
105103
33442
26863
73832
93019
90444
60251
86957
61838
106325
35997
65141
103401
59584
113524
109920
53170
91238
46965
58216
104116
110918
79838
110634
112250
77712
42167
103856
110724
74705
109123
81212
44078
111041
94862
82973
105882
91926
66154
32034
84502
100398
57282
102501
108662
82046
99976
81329
93130
53478
52234
81950
43614
105097
54650
37945
47067
56027
48451
79316
97245
47487
44234
107344
113941
73270
83473
43683
59588
46602
85719
102296
50021
58893
81221
96461
20590
30385
67855
107657
53878
70759
35602
91043
43639
85336
39945
5288
111817
84740
68616
98566
69383
99749
86309
33855
94549
57614
62865
38541
88658
43525
28780
85317
77715
77757
66867
75208
67152
19859
66012
45075
90168
39194
47472
75646
91483
46438
84448
36239
92506
38913
102942
109087
65524
86508
76693
72577
42877
86024
99911
82949
79088
94760
93054
47638
120357
111918
54200
50668
109434
72826
59524
104313
111050
97927
81303
46102
45820
92627
71791
60574
70899
41965
80098
92709
41026
89430
87650
81807
44703
35258
59808
60903
55435
42088
42712
105192
102623
49024
108766
113987
58405
102958
99532
77689
100939
74932
103137
93388
91774
93641
47503
107042
98698
65439
54212
109129
91696
86536
37022
110098
73771
100417
100205
105290
109592
38078
61720
70835
69976
31375
57959
29341
99446
64446
109374
73139
63874
81919
66323
77502
78525
58262
111795
33522
34930
94219
103931
63632
59256
66083
61675
113697
89077
91180
98703
29914
41804
111681
42553
57525
54751
60987
42509
35986
80092
108207
31575
89464
36246
53442
57749
72299
49609
55330
108255
86702
72211
36978
104394
99538
32796
53136
52232
78690
62141
44741
86088
56117
38928
45687
76938
32558
151608
68204
69760
53156
60828
73146
41836
39003
71082
95637
105979
112194
29495
100250
94358
65714
102274
88313
26109
94925
91219
98074
94469
90689
83655
95765
105484
72335
108696
104612
72117
57487
35618
67589
48408
107463
76846
41139
56868
61281
83208
81637
107448
59666
84210
35227
53863
71450
66951
61153
86544
68327
60673
72025
55942
79349
76889
29729
80311
58471
56618
46967
72713
97928
62893
58160
90087
71524
58882
93371
31820
61932
38431
112209
97211
106712
72504
111319
141456
98679
94725
68400
64578
65099
53523
98337
112788
56533
55715
112855
75703
75632
58333
96477
112819
48128
106676
67232
73626
41204
33178
32347
105971
90921
101838
82592
40705
42368
43341
25015
69840
105092
56523
73094
49733
77127
105608
52911
94907
67617
63003
32040
105344
112762
95338
109909
112702
34007
95471
81232
27678
43499
88698
59732
66021
86550
89328
89143
58483
100119
75512
82910
78885
38998
84727
50610
87070
86982
32704
100832
103750
78718
94994
13869
55744
68422
58465
98678
40222
105634
105298
97611
38687
73334
99092
45547
46722
92967
60830
83472
32082
113669
95043
42502
12516
91588
31823
49532
82673
77352
61464
107304
102851
31455
87747
38647
64233
101018
48601
54843
15882
52594
78055
51775
81450
85227
48760
111758
116691
71112
84949
91299
55156
50046
109641
55011
32992
76706
67437
34708
36156
9568
107424
102194
111064
89537
80753
88523
52143
55798
63706
78965
54787
34044
90781
64732
74174
73673
47401
78287
67097
84345
104158
95197
47465
84444
109821
112434
39453
96685
92359
41792
99595
53341
21443
62574
106417
81079
93925
64645
64540
56769
97478
76380
28382
112370
80798
86377
61781
60463
63057
42934
100745
36304
98410
64541
110147
64634
80944
91154
55635
72146
40938
91063
95926
54528
104754
35462
80704
58615
53749
79562
71108
69393
52462
107114
65083
60494
107015
29071
55802
65370
111639
96218
73803
39976
99154
88755
98076
98658
99168
80025
50176
32625
55574
89621
55816
66679
86649
85097
86090
44899
74032
93579
80094
44128
54761
31888
113319
84585
104953
98914
85110
106532
46538
112950
44238
97179
106659
80708
48477
30137
58008
51567
39013
105946
112360
102890
109490
86244
40579
82051
96701
35989
69948
104414
51733
107916
45105
41670
16810
73624
88741
81508
54103
89992
39981
100685
30541
96970
101840
69590
77583
28282
107646
94192
29366
104013
95843
30253
97340
47696
57423
45360
108893
93833
55290
55867
47488
66039
53167
66299
79595
40183
90025
97411
93592
149235
72364
100461
79386
61113
90008
59448
61622
69604
91053
31042
108852
2180
80502
66706
82290
96217
90189
47834
83569
65505
94966
65674
51472
32672
89258
72725
96947
108748
83422
69324
103165
78767
60128
88137
56738
45468
79551
50627
45710
96019
79396
95800
58239
113864
74133
80396
57580
71582
53225
89397
46537
50425
41827
83180
32193
79189
30274
52846
54500
108200
70782
80366
85844
54995
41424
88318
50677
95032
110444
59966
100730
86813
106495
106946
35234
82024
68902
68872
41339
77077
77257
47445
52931
105623
45356
63197
102231
69344
65702
44631
74650
104496
56909
26110
29243
58146
103508
32194
106188
32106
71114
97729
86914
82197
70018
25458
58220
59434
104232
58241
54828
99044
57122
50870
45534
61448
87385
99913
83043
32410
81572
93059
90233
59133
105273
70692
82372
91924
104218
113077
101049
98073
91296
93010
42360
47641
45142
111526
108453
64589
113400
29340
28326
90531
39243
45138
56518
60307
69123
39554
78272
80555
36635
42199
41873
58958
99027
60918
39163
111111
105234
113406
84621
111381
67024
85105
35069
109501
31458
98479
36303
85841
72370
68443
40360
61605
74995
100502
92231
23815
66300
53147
73088
75247
39570
107143
57395
42861
81407
32926
62944
65700
45104
92988
105190
79435
109829
78539
54624
61361
97417
94855
47656
62422
89055
78705
97430
36269
56920
32318
85284
78966
79772
41494
107516
88403
50111
37475
34142
75271
75517
81559
62799
58758
61580
85358
93706
35137
104926
50270
52461
66862
86589
96331
97100
26060
97010
104870
88926
79927
86999
90690
1832
77895
78834
113936
88652
72348
77537
45792
59714
92978
107307
44543
84122
94462
70080
33071
93275
45074
18423
85783
62807
45932
100154
70760
56191
53109
78773
80105
97275
86950
60534
59414
69542
76836
54253
91515
58962
61286
81030
91399
101906
48109
79241
100254
22597
49757
72548
38250
89545
54406
80144
83267
47289
102393
47165
33554
29413
86255
99548
43203
97101
44085
30809
47204
98043
48026
38789
84857
68765
88922
57760
43556
89301
73623
59919
79149
34669
95295
30658
65836
113467
109918
42979
70239
69754
84094
36567
82939
43326
59650
65975
71959
42365
73660
91636
39735
106088
54936
100091
92100
77020
62589
63065
40493
107945
85430
56503
36299
113725
69894
40515
72817
65887
49067
85380
51022
102170
95129
37324
40736
41189
39978
94552
94288
41867
66443
81695
81914
107110
91952
100458
49744
97286
113998
25926
104649
46303
41069
59405
78976
103125
31358
36886
89019
47482
53247
56535
76681
73620
83838
92954
44212
73119
111026
66957
98153
91032
96541
93920
46203
109347
112437
42030
103857
81045
61392
44910
61023
90867
53725
103296
82649
72341
110874
105574
77006
106597
58075
88326
80603
34359
98481
