58335
63578
63358
78610
68010
80997
109964
111880
76640
113975
96800
95489
109251
77248
64391
72069
105247
26677
58814
38337
90571
100328
59452
110399
86276
47938
76141
44363
52814
53122
79155
58143
89781
45975
87132
84525
77915
92103
68960
102273
70048
53613
86254
94905
49857
47751
100609
100704
100763
65466
66416
88235
77973
72539
28914
54750
59552
98490
96646
79289
56673
80992
48645
82394
58359
33782
111498
62818
42207
66212
26512
87749
54740
69116
84929
101281
70402
113076
95036
96536
61933
105250
84467
57347
67620
56014
78917
87142
67503
98747
92067
39562
82175
111968
108867
112916
57202
44130
50024
91026
101203
82007
106322
108799
69131
81024
91454
108651
49600
99878
86653
103144
52999
44753
70047
112258
48542
93652
41483
105711
112215
88312
109102
88167
54407
109962
62284
72228
95647
64531
52757
37385
28567
79494
90215
42063
100800
101366
90209
75721
38605
87742
39738
107819
19773
67036
47097
49608
60569
82945
56234
44268
99741
67061
72971
64382
89259
64515
41090
79591
28502
75196
55469
113468
29369
112994
78709
98891
29214
40513
80498
79342
65701
78933
98838
85853
62992
63009
85409
59093
96509
74534
113793
74483
75965
55474
74378
41906
66475
105706
110692
99906
63088
82954
82714
61602
103180
62041
102481
76881
76244
58446
56873
87890
37195
56216
104015
50431
40899
32174
78385
107918
52969
58069
49277
71011
63298
70676
75259
29294
63107
94424
77019
105509
50419
58631
99393
73840
106818
68625
96131
43469
34173
78087
56522
57730
103864
87761
58251
51205
91444
89064
85287
84281
78825
91218
55506
67859
107371
59940
109213
46030
33719
87212
50697
92953
100806
74652
80287
74859
66341
94971
84552
65624
114128
71506
68674
35210
62320
88495
83771
52156
99042
41883
90330
65608
91543
100771
34372
86063
48368
38194
77414
95630
45510
32164
55824
51245
65713
111724
41622
71116
30396
58004
85231
71631
35004
80464
44178
64901
96396
39467
66686
45621
50337
60015
98683
98421
108942
79195
79526
94711
53265
