16237
61734
42069
96748
94654
60682
81436
80668
50517
108516
73421
76577
27399
58767
85015
114064
47000
64258
81137
39485
39845
56740
53124
110490
40220
28318
43235
74302
50129
40667
84276
49653
31758
75987
97365
83345
60006
50207
111687
112502
95474
104044
57711
71782
90671
51603
84844
47884
72317
81899
50078
57445
56862
78813
52004
28688
61419
61565
69936
45164
49195
70060
41087
84788
57718
78390
41880
77224
87258
83652
61199
57467
107055
38728
54034
100581
42982
41484
102197
42090
56394
44341
68983
60790
44948
100812
45173
25649
50717
92169
45604
104597
80901
114146
59566
55302
50670
109520
83647
49837
62789
105450
84038
107656
110102
50720
96441
108591
95012
99034
37729
105266
84800
68870
97581
98676
113463
108879
59970
111181
80470
49023
50089
88864
45160
96625
28592
58286
88229
75532
103284
76611
78234
105267
33323
36871
95636
64766
60805
91190
84972
107190
55362
111117
51794
32727
44761
40906
63800
67105
64383
38665
113712
82675
26096
48024
66770
79040
42179
56119
65613
58144
109465
69382
71475
27382
101298
57731
91846
95382
108724
47817
104484
65086
77876
85568
53213
96747
63644
38796
54757
101319
70300
47836
107958
60619
92216
77250
78884
47303
81302
102512
112314
30254
95124
111911
105469
50900
79519
64324
73396
59612
67011
96671
43362
50215
67836
80259
42202
35299
107644
100537
46604
32547
113501
72365
84811
75179
43498
34943
56474
78218
108640
69834
95794
82130
68623
96143
107866
62351
64347
77440
91171
75982
66223
33214
56594
96361
86525
75139
61024
48225
56266
93969
57705
45289
64006
60831
52328
87802
79642
33216
105625
80910
73175
98901
45834
38961
50217
95018
59301
50113
94152
69781
72794
70859
68087
73769
40890
98107
73601
77808
107251
84382
31182
52508
84341
53308
86463
66214
112661
63858
112826
96438
96539
50930
61778
58480
36238
76272
99290
104220
38915
93626
69395
62971
111140
71792
66502
90656
45606
59688
97485
33406
50683
42801
58407
66869
96843
113282
101480
52968
101803
33978
99884
62277
32665
69757
93573
110413
105789
65234
79278
94207
100899
46452
97264
39447
92441
39685
59053
77487
45308
73147
106477
25343
108004
110253
39932
106346
109915
86825
112113
67454
49120
60482
68091
101504
99700
87036
96964
36480
34178
62297
107249
99387
50120
54467
90083
60458
33668
85371
88847
43333
106398
81955
77162
44413
38022
113181
91036
59691
84212
91374
96388
70077
84186
42600
82798
71816
53396
37913
79994
51435
72191
87443
29955
112514
57226
76654
87135
81160
52856
30092
104517
108358
52812
77407
107288
99315
54895
109417
32858
52837
66457
98918
54812
36353
34927
94074
36837
92619
43060
71337
91638
37859
63803
35054
65964
69414
85967
73069
50563
91853
49227
113623
113224
55810
71626
92614
109079
31524
93754
46379
94685
99481
24429
26016
96429
69301
75569
72621
106095
43486
48316
30388
76438
112648
62230
85546
33674
107766
33065
62298
76486
57990
35981
105430
65910
56504
69384
105833
36223
42556
41140
40753
124419
104646
28863
113498
93320
81425
111438
74711
67184
89106
30498
110427
67112
75596
110530
47026
90995
65813
104624
63601
41375
78139
112785
55051
86368
41336
101291
62858
70590
78661
98693
81517
38270
50264
37017
85349
36189
36061
46476
88471
27404
77764
62946
96221
47428
26975
90373
85802
42458
112396
94209
110804
64728
113977
73655
110577
44933
92101
72392
32543
86477
74055
89257
36924
98212
70000
108688
93343
59172
51171
90039
57535
41486
86526
113294
97436
107981
81903
104634
109934
77317
54785
86257
40316
78887
68894
112696
89787
100521
71992
42295
64113
67895
84507
43404
81859
65778
28887
102215
110943
36211
97419
88057
86862
49142
106941
22768
37329
90975
81210
88383
41404
79108
108407
37315
48523
84787
54211
87908
88302
82739
37836
108665
84349
37371
81602
39726
91985
113932
78402
102230
91580
109290
102731
49394
51394
106494
93219
71264
100791
77364
38917
88738
41821
83562
113187
63606
103260
49068
101633
101320
32159
88526
96801
59505
51507
71830
70101
90349
87998
38759
59185
79388
52794
106099
114048
49828
60770
30810
46494
51684
85457
78298
88436
67076
68849
32494
64837
96334
78314
41968
50365
93640
110031
72324
87512
102916
48908
53013
70690
111907
43206
103312
96811
71976
70561
85369
62460
95104
80047
111306
102840
76125
49558
52939
104652
80031
111004
40314
110333
71320
104231
34655
47177
107604
96527
105137
76440
64902
63185
75643
107217
90565
81254
63934
35550
95118
90685
81699
95343
111923
47044
52609
89753
54864
67340
111031
90353
39722
109502
84007
79632
112289
43282
90555
78056
113278
58747
113023
54432
111187
72581
61753
29929
52853
109280
41005
113517
113690
37331
90207
104271
53888
85950
33030
51170
109143
105482
84309
114057
26971
44680
60834
45995
60613
110050
32311
73219
43977
767
26458
83997
77152
53306
42074
71581
42760
48510
70535
84244
113152
89293
93508
54605
83201
100468
113425
102471
31717
38672
95949
86015
89731
44936
104328
79996
44762
69191
113605
52028
60484
62951
36702
57932
55294
37885
81199
39898
109516
93841
52994
112769
113407
108422
38062
47199
57063
64575
91478
113824
37641
33657
51283
52503
75297
113241
46989
58492
91886
29820
73363
104760
65354
64440
113582
74237
100572
67512
97379
94838
94159
112479
98009
56447
99156
74665
80928
48763
76081
100429
49006
77765
78876
44235
50088
94030
48244
114018
63404
97637
60071
29031
98108
79789
95178
34910
61327
50140
42338
61178
96650
66206
101077
102207
95097
114142
62208
109873
81690
73166
106005
58517
13388
108289
84851
34307
55768
99588
61032
44539
100637
87841
95777
78891
44964
60775
31390
74925
94506
86654
104906
30300
77622
52157
99944
113970
84624
41756
76623
67808
45276
93724
78356
101808
45241
81552
113747
47200
85406
85638
74753
90068
109218
52874
76003
31195
103128
111754
49819
72892
33210
43363
31040
47118
79223
101124
61898
62288
99782
99644
113312
77533
82228
84213
62338
69987
29072
76844
89240
108461
71403
83358
802
50715
75008
82948
112962
74028
110298
57196
75578
85048
69010
26028
33837
57178
56996
29501
86167
89414
81952
48029
61615
82801
63745
113883
108693
72662
47966
59648
88612
40357
47580
67672
38994
61435
110527
48669
83446
46609
112672
90227
37050
57431
50091
63409
87245
57868
45051
60522
50022
88699
54884
91156
88352
65661
81034
89803
35761
58199
101318
51049
47325
59173
58788
36670
51721
108450
108725
86166
32936
104419
72701
112050
92979
52813
71191
32743
81846
57082
57659
108068
47226
61686
38077
68880
51932
101127
99495
50262
110034
74493
93252
91052
74478
135951
22822
41739
96345
111269
101289
66880
69745
52590
72325
79431
62304
92713
34121
55881
105500
78313
63998
58191
109975
92835
74129
74048
103697
79504
98183
105856
80478
25943
59749
56227
62071
113592
31342
97086
105807
81808
113830
33512
83355
92495
45947
103087
93483
103335
91748
38791
91582
99435
109230
112280
84174
58396
64155
90141
49502
97598
65786
94188
64136
