41828
106813
110414
40077
63355
110887
100394
59348
109272
89937
34901
72710
58481
77956
112214
79630
94902
112364
101150
88654
71547
109118
30393
23224
49778
46161
42037
56687
86900
50329
77013
113794
58528
108540
68750
105005
111215
104908
63050
113812
73158
40757
69775
66473
67837
68351
100736
109413
33704
72966
32451
77565
82165
72507
91017
97090
57339
85249
45938
98143
82414
80192
68717
33957
75319
105052
78736
46711
86845
54760
113366
68098
106670
67051
40888
56174
63531
110715
110222
62046
81394
72932
44020
70389
66654
85446
60500
109529
67746
107384
84432
81512
105323
42773
71471
77378
60035
102043
83339
73605
51608
45498
45512
44414
52099
81198
59696
54672
99134
39258
31654
30797
61162
96819
67891
78217
47348
58365
55388
77739
36875
90794
85593
45842
100204
106466
83718
73743
71344
103543
82276
97154
48472
56641
113834
65336
74408
70054
42288
97665
53989
104403
91578
138807
111975
96932
75825
84480
94088
80382
96000
98820
95966
34026
40918
45988
80844
30632
65072
61434
56315
80925
46945
99266
76320
62812
110689
66673
60183
44698
73307
96529
75699
101225
84523
68162
103579
80200
65192
56316
95730
67355
102232
57911
67559
48727
96328
60622
37300
99033
111137
113728
45103
45778
57057
83650
41793
32154
31481
69242
53856
61432
100914
100467
31650
98223
76297
71504
53611
92797
81213
112076
85785
111163
37628
63838
59729
100190
31889
50743
54387
84867
89940
43972
72393
58750
108008
110145
62931
78396
83649
98621
59350
85370
36929
76873
83805
23740
73092
33374
56286
110872
91388
102255
110411
31350
59640
78928
109852
86916
46448
98514
65948
41502
76781
94710
33121
60166
66610
56739
44591
106936
83530
97241
108507
108145
109983
61750
48222
76860
55105
55269
58171
46403
86460
72197
61881
40544
76891
80056
93758
62259
63587
78474
25293
30813
65143
56539
52642
62236
104909
46038
86815
99638
60754
33687
43708
100527
43468
60836
57005
56840
89737
96469
67809
71159
84505
40572
65672
111790
88708
60251
86957
58216
81950
97245
50021
70759
111817
86309
43525
67152
19859
45075
104313
97927
41026
59808
102623
58405
99532
77689
73771
109592
31375
109374
103931
63632
41804
32796
76938
108696
104612
41139
84210
66951
38431
64578
75632
105971
56523
49733
67617
112762
95471
88698
84727
100832
97611
49532
107304
52594
71112
111064
67097
95197
53341
81079
42934
80944
58615
53749
79562
98076
85110
106659
107646
29366
108893
93833
80502
94966
108748
79551
80396
71582
54500
41424
88318
110444
71114
87385
91924
45142
29340
35069
109501
53147
73088
42861
32926
88403
75271
81559
58758
61580
93706
26060
104870
88926
86999
90690
72348
33071
80105
59414
91515
89545
47289
43203
84857
59919
34669
84094
65975
71959
92100
56503
40515
72817
49067
51022
41189
25926
76681
93920
46203
61392
103296
80603
