41828
106813
110414
74987
83571
99806
40077
63355
110887
67453
100394
59348
58176
109272
41347
89937
34901
71519
51035
72710
58547
54356
58481
113839
66902
77956
112214
48613
79630
94902
112364
113826
98264
104723
93266
101150
31456
88654
84209
37760
69532
71547
96501
41590
108589
44246
40148
81133
74130
109118
100286
30393
23224
73169
49778
46161
71342
42037
79843
101535
88139
108793
106376
75533
56687
70162
86900
50329
77013
63275
113794
58528
69768
108540
100794
68750
97349
105005
111215
91016
104908
34657
48380
50829
63050
113812
107803
73158
40757
69775
105235
66473
50216
67837
104718
68351
81032
100736
44547
109413
33704
72966
32451
63739
36039
75456
77565
100815
69539
78969
47724
75333
82895
82165
31103
72507
49387
80518
70680
91017
86503
57978
97090
36057
66892
57339
61397
92574
85249
83586
59933
45938
57371
98143
94825
78441
82414
80192
54032
98494
68717
33957
60708
32030
75319
75901
32172
28624
105052
78736
38089
75553
46711
77154
86845
52144
54760
51475
94006
113366
68098
58214
79119
69221
79524
101608
84000
106670
67051
24133
91064
89321
40888
56174
63531
110715
70266
101046
72483
45593
61009
109024
83518
83891
71632
86901
87309
110222
98339
62952
41393
62046
81394
72932
80403
67879
102039
112145
59035
44020
48080
87727
70389
66654
39331
85446
60500
109529
67746
107384
84432
81512
90095
96277
105323
42773
88739
40535
71471
77378
77797
60329
39940
104678
105472
113746
84510
36980
57263
58994
60035
102043
39764
83339
73605
112070
58560
104719
59893
79552
43604
51608
45498
103079
45512
103483
44414
52099
69616
112700
85408
92715
74148
52525
109667
43664
70476
44391
59086
82429
81198
75243
64390
91318
53971
59696
110229
104657
94430
54672
50957
72841
106295
99134
72193
39258
66334
31654
49736
49557
30797
61162
43365
96819
37470
47271
67891
58360
30563
78217
103140
47348
58365
108790
55388
107497
44778
77739
86429
36875
90794
85593
113335
45842
67884
92958
100204
77061
103289
111502
109334
108617
106466
60837
83718
73743
71344
76776
58330
84469
103543
32731
56031
82276
97154
48472
56641
68850
56564
33207
30400
113834
18034
65336
74408
102882
70054
44326
109299
79479
58881
42288
68575
33449
97665
60212
62550
53989
103053
113503
30561
104403
103496
82268
91578
138807
64357
111975
45709
106677
96932
75825
83527
53855
113575
112852
100618
84480
47025
94088
40900
92424
108523
80382
96000
77501
95473
46673
99347
66507
88867
98820
95966
53598
34026
68881
40918
79995
45988
93484
80844
86646
31104
30632
65072
63816
112025
61434
86764
61269
56315
80925
59838
46945
55068
39031
99266
91531
107095
76320
62812
110689
93857
58311
60502
74520
52838
66673
60183
44698
73307
96529
60496
75699
37267
54385
61428
101225
84523
68162
66888
103780
107043
103579
80200
86953
59329
65192
56316
95730
67355
56078
86557
102232
68445
57911
67559
99177
48727
46645
90354
47949
94726
96328
33611
60622
91777
37300
99033
109597
111137
99436
50897
113728
69809
96389
45103
81037
44017
61558
130085
54499
45778
57057
83650
56747
41793
56486
77436
32154
73787
59807
31481
69242
101969
53856
57356
57931
61432
100914
29431
35588
89417
100467
33662
31650
81335
109069
82225
33556
59610
90518
40510
98223
83548
89147
76297
65622
71504
53611
92797
63869
81213
67343
77586
107651
38868
98256
112076
85785
111163
37628
63838
59729
100190
31889
66959
71005
64292
50743
33637
72820
42567
50966
32733
55007
54387
52473
72704
84867
89940
110956
107869
96001
43972
102897
72393
58750
44499
108008
110145
62931
78396
67356
74436
71711
83649
77800
98621
70370
66894
59350
104165
85370
62025
85498
44264
36929
94809
56018
104205
76873
83805
23740
73092
33374
77277
52932
56286
32738
110872
77809
66034
46861
53984
91388
105797
86235
44294
56718
102255
41993
110411
31350
64605
108460
59640
78928
109852
86916
46448
103072
41394
33786
86725
46294
79419
66504
98514
41218
50025
65948
41502
76781
94710
52103
33121
104694
60166
102810
113659
50895
66610
56739
44591
105333
106936
75527
48973
23226
83530
57436
103178
97241
108507
82334
108145
71224
109983
36836
65719
61750
48222
76860
55105
55269
96772
64162
104991
58171
42864
46403
86460
56746
72197
61881
83776
103130
40544
76891
80056
111499
61701
105032
93758
62259
59553
63587
85199
78474
42957
48512
25293
61940
81576
30813
65143
62302
83731
56539
63472
52642
62236
104909
46038
78192
107337
86815
93299
64238
99638
60754
33687
43708
106797
90936
100527
62385
82834
43468
60836
57005
64826
72861
56840
103201
89737
48018
106665
106248
64434
96469
44466
67809
73174
69139
71159
59802
107048
112195
50318
91240
33321
99045
84505
85879
40572
96273
42646
60378
36264
48722
77688
97441
65672
75600
71945
111790
88708
94325
26863
60251
86957
58216
84502
53478
81950
97245
44234
43683
50021
58893
81221
107657
70759
91043
111817
84740
86309
62865
43525
85317
77715
75208
67152
19859
66012
45075
90168
38913
65524
86508
94760
111918
54200
109434
104313
97927
45820
71791
80098
41026
81807
59808
42088
102623
49024
58405
99532
77689
74932
93388
91774
65439
73771
109592
38078
31375
109374
78525
33522
34930
103931
63632
59256
66083
113697
89077
29914
41804
42509
108207
36246
72299
32796
62141
38928
76938
60828
41836
71082
29495
65714
26109
94469
90689
108696
104612
57487
67589
41139
84210
71450
66951
61153
86544
79349
76889
58471
62893
38431
72504
64578
98337
112788
75632
58333
33178
105971
43341
56523
49733
105608
67617
32040
105344
112762
112702
95471
88698
89143
58483
100119
78885
84727
100832
94994
58465
97611
46722
60830
91588
31823
49532
107304
31455
52594
51775
111758
71112
84949
32992
111064
55798
34044
74174
67097
104158
95197
47465
84444
109821
53341
62574
81079
93925
64645
56769
80798
42934
80944
91154
72146
95926
35462
58615
53749
79562
107015
55802
65370
111639
99154
88755
98076
98658
50176
66679
86649
31888
85110
106532
106659
30137
39013
102890
109490
86244
104414
54103
89992
69590
28282
107646
29366
57423
108893
93833
97411
59448
69604
80502
90189
94966
108748
69324
88137
79551
45710
96019
95800
74133
80396
57580
71582
54500
80366
85844
41424
88318
95032
110444
106946
77077
102231
69344
104496
56909
32106
71114
86914
87385
99913
59133
105273
82372
91924
91296
42360
45142
29340
90531
39243
56518
60307
80555
39163
67024
35069
109501
36303
72370
74995
100502
53147
73088
39570
107143
57395
42861
32926
62944
65700
45104
105190
54624
61361
47656
36269
85284
79772
88403
75271
75517
81559
58758
61580
93706
104926
86589
96331
97100
26060
104870
88926
86999
90690
88652
72348
33071
80105
97275
59414
91515
58962
79241
100254
89545
47289
43203
84857
57760
59919
79149
34669
113467
109918
84094
36567
82939
59650
65975
71959
91636
106088
54936
92100
63065
107945
85430
56503
36299
40515
72817
49067
51022
95129
41189
100458
25926
104649
59405
47482
53247
76681
73620
91032
93920
46203
61392
103296
105574
106597
88326
80603
