50292
78074
57401
61695
89596
112090
51161
79217
41216
87508
71338
88521
39334
30992
111960
106976
112730
94439
63530
30851
101844
39356
62188
31503
58824
71014
93624
29702
108810
113648
20012
98322
34589
95903
105474
105125
93158
54606
84729
28219
77121
80205
74027
47379
91189
30600
54877
76633
112130
33365
132680
84813
45270
100811
122761
45856
101317
61595
70078
76422
75190
49341
99702
45083
70867
46049
70419
90363
20542
113172
44174
110582
20703
70868
83580
73651
86070
62719
35673
111497
66194
73815
67375
23338
84123
79079
114477
104748
67913
94379
109100
69162
102858
64232
51990
92829
87039
66085
87906
98889
85256
70869
47299
21527
35051
77203
33305
62190
141697
76782
90577
113667
54075
64097
30859
76429
65191
86228
63357
86549
22958
98266
59890
54334
50488
109782
77036
101957
88639
83300
71660
39651
76428
30335
55741
105369
6670
93625
55766
98987
80519
101080
89614
76426
29686
79516
92025
60558
38494
39837
112444
106426
38179
55781
52486
103902
64894
83377
28790
84039
50744
20010
34480
73085
42354
58937
84723
111247
73089
66079
98667
55373
53197
82598
44559
99778
70264
96105
69405
72268
70553
66019
8207
31356
78118
78476
54076
48051
101084
77500
96058
66835
39081
51666
36911
65636
54439
67804
