41828
106813
110414
40077
63355
110887
100394
59348
58176
109272
41347
89937
34901
72710
58547
58481
113839
77956
112214
79630
94902
112364
113826
101150
88654
71547
41590
108589
81133
109118
30393
23224
73169
49778
46161
42037
79843
108793
106376
56687
86900
50329
77013
113794
58528
69768
108540
100794
68750
97349
105005
111215
91016
104908
34657
48380
63050
113812
73158
40757
69775
66473
50216
67837
68351
81032
100736
109413
33704
72966
32451
36039
77565
100815
69539
75333
82895
82165
31103
72507
80518
91017
97090
57339
61397
85249
45938
98143
94825
82414
80192
98494
68717
33957
60708
75319
32172
105052
78736
75553
46711
86845
52144
54760
51475
113366
68098
101608
106670
67051
89321
40888
56174
63531
110715
70266
45593
83891
86901
87309
110222
98339
62952
62046
81394
72932
67879
44020
70389
66654
39331
85446
60500
109529
67746
107384
84432
81512
96277
105323
42773
40535
71471
77378
105472
84510
36980
60035
102043
83339
73605
58560
59893
51608
45498
45512
44414
52099
74148
43664
70476
44391
82429
81198
75243
64390
59696
110229
94430
54672
99134
72193
39258
31654
49736
30797
61162
43365
96819
67891
78217
47348
58365
55388
107497
77739
36875
90794
85593
45842
67884
100204
77061
103289
106466
60837
83718
73743
71344
103543
56031
82276
97154
48472
56641
113834
65336
74408
70054
44326
79479
58881
42288
33449
97665
53989
104403
91578
138807
111975
45709
106677
96932
75825
83527
53855
84480
94088
80382
96000
77501
46673
99347
66507
88867
98820
95966
34026
40918
79995
45988
93484
80844
30632
65072
63816
61434
86764
56315
80925
46945
55068
99266
91531
76320
62812
110689
93857
52838
66673
60183
44698
73307
96529
75699
101225
84523
68162
103579
80200
59329
65192
56316
95730
67355
102232
57911
67559
48727
46645
90354
94726
96328
33611
60622
37300
99033
109597
111137
99436
113728
69809
45103
81037
44017
130085
45778
57057
83650
41793
32154
73787
59807
31481
69242
101969
53856
57356
61432
100914
29431
35588
89417
100467
33662
31650
109069
59610
98223
83548
76297
71504
53611
92797
81213
38868
112076
85785
111163
37628
63838
59729
100190
31889
50743
33637
42567
50966
32733
54387
84867
89940
110956
107869
96001
43972
102897
72393
58750
108008
110145
62931
78396
67356
74436
83649
98621
59350
85370
36929
94809
56018
104205
76873
83805
23740
73092
33374
52932
56286
110872
77809
53984
91388
105797
44294
56718
102255
41993
110411
31350
64605
108460
59640
78928
109852
86916
46448
33786
46294
79419
98514
41218
65948
41502
76781
94710
33121
104694
60166
113659
50895
66610
56739
44591
105333
106936
23226
83530
57436
97241
108507
82334
108145
109983
61750
48222
76860
55105
55269
96772
58171
46403
86460
56746
72197
61881
83776
40544
76891
80056
111499
61701
93758
62259
63587
85199
78474
42957
48512
25293
81576
30813
65143
56539
52642
62236
104909
46038
86815
99638
60754
33687
43708
90936
100527
82834
43468
60836
57005
72861
56840
89737
48018
96469
44466
67809
71159
112195
91240
84505
40572
77688
65672
71945
111790
88708
26863
60251
86957
58216
81950
97245
44234
43683
50021
81221
70759
111817
86309
43525
75208
67152
19859
45075
90168
111918
54200
104313
97927
80098
41026
81807
59808
102623
58405
99532
77689
74932
91774
73771
109592
31375
109374
103931
63632
59256
41804
32796
62141
76938
108696
104612
41139
84210
71450
66951
61153
76889
38431
64578
75632
58333
105971
43341
56523
49733
105608
67617
112762
112702
95471
88698
89143
100119
78885
84727
100832
97611
91588
31823
49532
107304
31455
52594
51775
71112
32992
111064
55798
34044
74174
67097
95197
84444
53341
81079
80798
42934
80944
91154
95926
58615
53749
79562
107015
55802
65370
98076
98658
66679
85110
106532
106659
30137
102890
109490
69590
28282
107646
29366
57423
108893
93833
59448
80502
94966
108748
69324
88137
79551
96019
80396
57580
71582
54500
85844
41424
88318
110444
104496
32106
71114
86914
87385
105273
91924
45142
29340
56518
60307
35069
109501
72370
100502
53147
73088
42861
32926
62944
45104
54624
88403
75271
81559
58758
61580
93706
104926
86589
26060
104870
88926
86999
90690
88652
72348
33071
80105
59414
91515
58962
79241
89545
47289
43203
84857
57760
59919
79149
34669
109918
84094
36567
82939
65975
71959
106088
92100
85430
56503
36299
40515
72817
49067
51022
95129
41189
25926
104649
59405
47482
76681
73620
93920
46203
61392
103296
105574
106597
88326
80603
