99090
108462
98900
72570
92551
100131
107963
52584
88711
48867
65366
64591
50174
101771
23968
136739
106721
64549
93548
54384
96547
94112
82844
72863
93111
71236
81027
101435
101899
112192
83274
104849
88805
75355
95014
34378
98762
88585
25917
32751
49256
64550
24160
54871
79039
47721
50690
47089
61751
97537
90393
103572
62303
42709
44292
48546
75729
69006
32560
58169
117378
84204
96903
25679
95396
80829
26549
9022
50751
25728
68210
114126
34152
33956
65779
50614
102899
29427
40964
66077
63196
67404
64410
73652
64621
102363
101654
44317
32161
143973
48063
68112
106691
104811
88071
97433
76074
113534
89532
44643
113184
41556
78789
56320
109283
47597
37935
53537
90720
33181
81696
86085
70267
112067
73589
101161
33123
27826
40397
83033
50444
110557
109669
83903
90360
99496
82381
74740
75118
29210
88411
20746
40754
77312
31159
104641
80156
60812
93908
129657
60396
24224
16405
78703
110645
52075
64129
37702
102979
83155
43838
66847
67176
71128
58585
40832
56525
137743
97931
79553
73817
85548
31198
100158
61130
82275
34305
96354
78803
83069
68859
94111
82578
99041
41601
82014
51637
43674
95331
64558
102365
32939
62545
78883
87661
72630
76504
90745
78541
47124
40447
68848
97454
81502
96347
89534
94834
77253
29499
77734
39034
32165
97514
29525
95540
62991
42703
99491
97398
36877
62327
84317
38885
107045
99270
41388
71445
44133
12942
